# Formed by reprocess_s8_optical_parameters.py, from digitizing Figure S1 of Tian+2010
# wav(microns)	N_r	N_i
1.3500000e-01	2.9713542e+00	2.9380074e+00
1.3600000e-01	2.9656645e+00	2.8941474e+00
1.3700000e-01	2.9606695e+00	2.8563782e+00
1.3800000e-01	2.9558873e+00	2.8332184e+00
1.3900000e-01	2.9514894e+00	2.8100586e+00
1.4000000e-01	2.9474431e+00	2.7946901e+00
1.4100000e-01	2.9425897e+00	2.7947028e+00
1.4200000e-01	2.9356466e+00	2.7947155e+00
1.4300000e-01	2.9300086e+00	2.7929775e+00
1.4400000e-01	2.9250611e+00	2.7910326e+00
1.4500000e-01	2.9215703e+00	2.7861323e+00
1.4600000e-01	2.9182882e+00	2.7791780e+00
1.4700000e-01	2.9123669e+00	2.7722684e+00
1.4800000e-01	2.9061777e+00	2.7696006e+00
1.4900000e-01	2.9016261e+00	2.7669327e+00
1.5000000e-01	2.8970745e+00	2.7642648e+00
1.5100000e-01	2.8925229e+00	2.7634043e+00
1.5200000e-01	2.8877326e+00	2.7634169e+00
1.5300000e-01	2.8820752e+00	2.7634294e+00
1.5400000e-01	2.8773019e+00	2.7634420e+00
1.5500000e-01	2.8733651e+00	2.7634546e+00
1.5600000e-01	2.8683240e+00	2.7634671e+00
1.5700000e-01	2.8612115e+00	2.7634797e+00
1.5800000e-01	2.8544272e+00	2.7634922e+00
1.5900000e-01	2.8478228e+00	2.7635048e+00
1.6000000e-01	2.8403842e+00	2.7635173e+00
1.6100000e-01	2.8320406e+00	2.7034066e+00
1.6200000e-01	2.8230743e+00	2.6215838e+00
1.6300000e-01	2.8134010e+00	2.5397609e+00
1.6400000e-01	2.8034548e+00	2.5265610e+00
1.6500000e-01	2.7932706e+00	2.5198408e+00
1.6600000e-01	2.7825351e+00	2.5131206e+00
1.6700000e-01	2.7752680e+00	2.5123718e+00
1.6800000e-01	2.7680057e+00	2.5123832e+00
1.6900000e-01	2.7607450e+00	2.5126684e+00
1.7000000e-01	2.7536158e+00	2.5138264e+00
1.7100000e-01	2.7465033e+00	2.5149845e+00
1.7200000e-01	2.7391302e+00	2.5161425e+00
1.7300000e-01	2.7317441e+00	2.5173975e+00
1.7400000e-01	2.7265471e+00	2.5186947e+00
1.7500000e-01	2.7214866e+00	2.5199920e+00
1.7600000e-01	2.7157583e+00	2.5206049e+00
1.7700000e-01	2.7101215e+00	2.5206164e+00
1.7800000e-01	2.7062812e+00	2.5206278e+00
1.7900000e-01	2.7022902e+00	2.5179008e+00
1.8000000e-01	2.6973665e+00	2.5104711e+00
1.8100000e-01	2.6924253e+00	2.5030414e+00
1.8200000e-01	2.6873648e+00	2.4926708e+00
1.8300000e-01	2.6820829e+00	2.4560049e+00
1.8400000e-01	2.6751186e+00	2.4193390e+00
1.8500000e-01	2.6689285e+00	2.3787795e+00
1.8600000e-01	2.6649460e+00	2.3374246e+00
1.8700000e-01	2.6609010e+00	2.3064319e+00
1.8800000e-01	2.6567267e+00	2.3064423e+00
1.8900000e-01	2.6501254e+00	2.3064528e+00
1.9000000e-01	2.6415081e+00	2.3064633e+00
1.9100000e-01	2.6325982e+00	2.3064738e+00
1.9200000e-01	2.6234338e+00	2.3080170e+00
1.9300000e-01	2.6146372e+00	2.3098345e+00
1.9400000e-01	2.6061756e+00	2.3140243e+00
1.9500000e-01	2.5962051e+00	2.3172604e+00
1.9600000e-01	2.5823535e+00	2.3153286e+00
1.9700000e-01	2.5729388e+00	2.3106350e+00
1.9800000e-01	2.5645642e+00	2.2998210e+00
1.9900000e-01	2.5562000e+00	2.2679926e+00
2.0000000e-01	2.5478504e+00	2.2216338e+00
2.0100000e-01	2.5421045e+00	2.1652724e+00
2.0200000e-01	2.5378795e+00	2.1082733e+00
2.0300000e-01	2.5346795e+00	2.1054287e+00
2.0400000e-01	2.5314794e+00	2.1037333e+00
2.0500000e-01	2.5296287e+00	2.1055884e+00
2.0600000e-01	2.5283926e+00	2.1071269e+00
2.0700000e-01	2.5221158e+00	2.1071365e+00
2.0800000e-01	2.5160765e+00	2.1052224e+00
2.0900000e-01	2.5129312e+00	2.1017031e+00
2.1000000e-01	2.5096549e+00	2.1049601e+00
2.1100000e-01	2.5058357e+00	2.1114119e+00
2.1200000e-01	2.5020299e+00	2.1148335e+00
2.1300000e-01	2.4983374e+00	2.1149202e+00
2.1400000e-01	2.4946577e+00	2.1138502e+00
2.1500000e-01	2.4911020e+00	2.1158491e+00
2.1600000e-01	2.4875411e+00	2.1196346e+00
2.1700000e-01	2.4830153e+00	2.1188681e+00
2.1800000e-01	2.4784554e+00	2.1171012e+00
2.1900000e-01	2.4738172e+00	2.1160214e+00
2.2000000e-01	2.4702483e+00	2.1169964e+00
2.2100000e-01	2.4676501e+00	2.1179714e+00
2.2200000e-01	2.4652175e+00	2.1199315e+00
2.2300000e-01	2.4629423e+00	2.1220160e+00
2.2400000e-01	2.4598365e+00	2.1234055e+00
2.2500000e-01	2.4561262e+00	2.1244764e+00
2.2600000e-01	2.4513423e+00	2.1249856e+00
2.2700000e-01	2.4468334e+00	2.1249952e+00
2.2800000e-01	2.4434323e+00	2.1220564e+00
2.2900000e-01	2.4395904e+00	2.1162923e+00
2.3000000e-01	2.4353880e+00	2.0576073e+00
2.3100000e-01	2.4321112e+00	1.9980093e+00
2.3200000e-01	2.4290001e+00	1.9551053e+00
2.3300000e-01	2.4252948e+00	1.9069047e+00
2.3400000e-01	2.4215844e+00	1.8266943e+00
2.3500000e-01	2.4178741e+00	1.7471249e+00
2.3600000e-01	2.4142307e+00	1.6699054e+00
2.3700000e-01	2.4106749e+00	1.5931397e+00
2.3800000e-01	2.4068235e+00	1.5195204e+00
2.3900000e-01	2.4027758e+00	1.4479961e+00
2.4000000e-01	2.3995758e+00	1.3838435e+00
2.4100000e-01	2.3962939e+00	1.3400032e+00
2.4200000e-01	2.3928963e+00	1.3400093e+00
2.4300000e-01	2.3893406e+00	1.3395835e+00
2.4400000e-01	2.3851474e+00	1.3374950e+00
2.4500000e-01	2.3814478e+00	1.3362117e+00
2.4600000e-01	2.3786440e+00	1.3398107e+00
2.4700000e-01	2.3746437e+00	1.3411135e+00
2.4800000e-01	2.3711959e+00	1.3404276e+00
2.4900000e-01	2.3681514e+00	1.3396371e+00
2.5000000e-01	2.3653070e+00	1.3387181e+00
2.5100000e-01	2.3622371e+00	1.3386210e+00
2.5200000e-01	2.3590493e+00	1.3386271e+00
2.5300000e-01	2.3558320e+00	1.3151135e+00
2.5400000e-01	2.3525727e+00	1.2900613e+00
2.5500000e-01	2.3492950e+00	1.2691082e+00
2.5600000e-01	2.3460028e+00	1.2488742e+00
2.5700000e-01	2.3425873e+00	1.2341014e+00
2.5800000e-01	2.3390316e+00	1.2210251e+00
2.5900000e-01	2.3356430e+00	1.2162026e+00
2.6000000e-01	2.3323609e+00	1.2130004e+00
2.6100000e-01	2.3287293e+00	1.2154190e+00
2.6200000e-01	2.3248643e+00	1.2161705e+00
2.6300000e-01	2.3240626e+00	1.2129610e+00
2.6400000e-01	2.3239319e+00	1.2116403e+00
2.6500000e-01	2.3209408e+00	1.2110624e+00
2.6600000e-01	2.3169185e+00	1.2110679e+00
2.6700000e-01	2.3134996e+00	1.2122251e+00
2.6800000e-01	2.3100859e+00	1.2139239e+00
2.6900000e-01	2.3069570e+00	1.2175801e+00
2.7000000e-01	2.3037807e+00	1.2212363e+00
2.7100000e-01	2.3000882e+00	1.2151808e+00
2.7200000e-01	2.2964056e+00	1.2081340e+00
2.7300000e-01	2.2928499e+00	1.2063814e+00
2.7400000e-01	2.2895306e+00	1.2070957e+00
2.7500000e-01	2.2870692e+00	1.2078099e+00
2.7600000e-01	2.2846079e+00	1.2082949e+00
2.7700000e-01	2.2821392e+00	1.1896437e+00
2.7800000e-01	2.2796409e+00	1.1655959e+00
2.7900000e-01	2.2771426e+00	1.1226713e+00
2.8000000e-01	2.2744726e+00	1.0893718e+00
2.8100000e-01	2.2714641e+00	1.0617109e+00
2.8200000e-01	2.2681851e+00	1.0585269e+00
2.8300000e-01	2.2643449e+00	1.0578893e+00
2.8400000e-01	2.2607152e+00	1.0635030e+00
2.8500000e-01	2.2574136e+00	1.0665683e+00
2.8600000e-01	2.2542487e+00	1.0665731e+00
2.8700000e-01	2.2515552e+00	1.0677730e+00
2.8800000e-01	2.2488617e+00	1.0697079e+00
2.8900000e-01	2.2462994e+00	1.0700409e+00
2.9000000e-01	2.2438011e+00	1.0697473e+00
2.9100000e-01	2.2413028e+00	1.0674981e+00
2.9200000e-01	2.2382684e+00	1.0653766e+00
2.9300000e-01	2.2351078e+00	1.0645337e+00
2.9400000e-01	2.2318676e+00	1.0632787e+00
2.9500000e-01	2.2285964e+00	1.0623231e+00
2.9600000e-01	2.2247655e+00	1.0650303e+00
2.9700000e-01	2.2207830e+00	1.0499216e+00
2.9800000e-01	2.2187132e+00	1.0081120e+00
2.9900000e-01	2.2169736e+00	9.3301719e-01
3.0000000e-01	2.2152341e+00	9.1816277e-01
3.0100000e-01	2.2134314e+00	9.0124277e-01
3.0200000e-01	2.2114000e+00	8.5806679e-01
3.0300000e-01	2.2093686e+00	8.1511142e-01
3.0400000e-01	2.2073372e+00	7.7271183e-01
3.0500000e-01	2.2050060e+00	7.2870799e-01
3.0600000e-01	2.2026648e+00	6.8114090e-01
3.0700000e-01	2.2003236e+00	6.3048678e-01
3.0800000e-01	2.1983080e+00	5.7138620e-01
3.0900000e-01	2.1963760e+00	5.2095315e-01
3.1000000e-01	2.1944440e+00	4.8309685e-01
3.1100000e-01	2.1925057e+00	4.4685012e-01
3.1200000e-01	2.1905469e+00	4.1291023e-01
3.1300000e-01	2.1885881e+00	3.8124328e-01
3.1400000e-01	2.1866292e+00	3.5224649e-01
3.1500000e-01	2.1845008e+00	3.3018726e-01
3.1600000e-01	2.1821619e+00	3.1370016e-01
3.1700000e-01	2.1798229e+00	2.9744333e-01
3.1800000e-01	2.1774220e+00	2.8129852e-01
3.1900000e-01	2.1749606e+00	2.6668697e-01
3.2000000e-01	2.1724993e+00	2.5297528e-01
3.2100000e-01	2.1703905e+00	2.4182811e-01
3.2200000e-01	2.1686494e+00	2.3134548e-01
3.2300000e-01	2.1669084e+00	2.2094788e-01
3.2400000e-01	2.1651673e+00	2.1058569e-01
3.2500000e-01	2.1635443e+00	1.9868741e-01
3.2600000e-01	2.1619722e+00	1.8635144e-01
3.2700000e-01	2.1604000e+00	1.7466227e-01
3.2800000e-01	2.1588279e+00	1.6356183e-01
3.2900000e-01	2.1571170e+00	1.5661592e-01
3.3000000e-01	2.1553397e+00	1.4967919e-01
3.3100000e-01	2.1535623e+00	1.4295918e-01
3.3200000e-01	2.1517850e+00	1.3625388e-01
3.3300000e-01	2.1495288e+00	1.2986746e-01
3.3400000e-01	2.1471587e+00	1.2352291e-01
3.3500000e-01	2.1447932e+00	1.1801754e-01
3.3600000e-01	2.1426254e+00	1.1272878e-01
3.3700000e-01	2.1404577e+00	1.0806444e-01
3.3800000e-01	2.1382900e+00	1.0335795e-01
3.3900000e-01	2.1363283e+00	9.8474407e-02
3.4000000e-01	2.1344028e+00	9.3665621e-02
3.4100000e-01	2.1324773e+00	8.9124008e-02
3.4200000e-01	2.1305671e+00	8.4888314e-02
3.4300000e-01	2.1287535e+00	8.0961668e-02
3.4400000e-01	2.1269398e+00	7.6505412e-02
3.4500000e-01	2.1251262e+00	7.1353041e-02
3.4600000e-01	2.1232840e+00	6.6727449e-02
3.4700000e-01	2.1213881e+00	6.2532968e-02
3.4800000e-01	2.1194922e+00	5.9094469e-02
3.4900000e-01	2.1175963e+00	5.6390466e-02
3.5000000e-01	2.1159430e+00	5.3785684e-02
3.5100000e-01	2.1143273e+00	5.1318548e-02
3.5200000e-01	2.1127116e+00	4.8816594e-02
3.5300000e-01	2.1110959e+00	4.6291998e-02
3.5400000e-01	2.1092980e+00	4.4213496e-02
3.5500000e-01	2.1073839e+00	4.2304982e-02
3.5600000e-01	2.1054697e+00	4.0403078e-02
3.5700000e-01	2.1035556e+00	3.8503650e-02
3.5800000e-01	2.1018285e+00	3.6665505e-02
3.5900000e-01	2.1002326e+00	3.4838531e-02
3.6000000e-01	2.0986368e+00	3.3359961e-02
3.6100000e-01	2.0970409e+00	3.1932445e-02
3.6200000e-01	2.0952726e+00	3.0370293e-02
3.6300000e-01	2.0934604e+00	2.8806846e-02
3.6400000e-01	2.0916482e+00	2.7266647e-02
3.6500000e-01	2.0898359e+00	2.5725950e-02
3.6600000e-01	2.0881140e+00	2.4069392e-02
3.6700000e-01	2.0864078e+00	2.2433513e-02
3.6800000e-01	2.0847016e+00	2.1224512e-02
3.6900000e-01	2.0829954e+00	2.0070223e-02
3.7000000e-01	2.0815152e+00	1.9194286e-02
3.7100000e-01	2.0800388e+00	1.8311929e-02
3.7200000e-01	2.0785624e+00	1.7391669e-02
3.7300000e-01	2.0770860e+00	1.6526895e-02
3.7400000e-01	2.0756096e+00	1.5773858e-02
3.7500000e-01	2.0737043e+00	1.5065681e-02
3.7600000e-01	2.0717788e+00	1.4423647e-02
3.7700000e-01	2.0698533e+00	1.3773903e-02
3.7800000e-01	2.0679966e+00	1.3109112e-02
3.7900000e-01	2.0663560e+00	1.2504166e-02
3.8000000e-01	2.0647155e+00	1.1977254e-02
3.8100000e-01	2.0630749e+00	1.1431605e-02
3.8200000e-01	2.0614581e+00	1.0859503e-02
3.8300000e-01	2.0599261e+00	1.0336340e-02
3.8400000e-01	2.0583940e+00	9.8602283e-03
3.8500000e-01	2.0568620e+00	9.4447351e-03
3.8600000e-01	2.0553299e+00	9.0556069e-03
3.8700000e-01	2.0535938e+00	8.5665725e-03
3.8800000e-01	2.0517829e+00	8.0068737e-03
3.8900000e-01	2.0499720e+00	7.6414859e-03
3.9000000e-01	2.0481611e+00	7.3366380e-03
3.9100000e-01	2.0464163e+00	6.6195205e-03
3.9200000e-01	2.0447101e+00	6.3160400e-03
3.9300000e-01	2.0430039e+00	6.0137017e-03
3.9400000e-01	2.0412977e+00	5.7122164e-03
3.9500000e-01	2.0397375e+00	5.4571125e-03
3.9600000e-01	2.0382225e+00	5.2185963e-03
3.9700000e-01	2.0367076e+00	4.9768535e-03
3.9800000e-01	2.0351926e+00	4.7341086e-03
3.9900000e-01	2.0336882e+00	4.5025727e-03
4.0000000e-01	2.0324110e+00	4.2758198e-03
4.0100000e-01	2.0311339e+00	4.0816833e-03
4.0200000e-01	2.0298567e+00	3.8881472e-03
4.0300000e-01	2.0285795e+00	3.7172871e-03
4.0400000e-01	2.0272879e+00	3.5455953e-03
4.0500000e-01	2.0258556e+00	3.3697547e-03
4.0600000e-01	2.0244233e+00	3.2052120e-03
4.0700000e-01	2.0229910e+00	3.0660438e-03
4.0800000e-01	2.0215587e+00	2.9284489e-03
4.0900000e-01	2.0201265e+00	2.7952023e-03
4.1000000e-01	2.0191698e+00	2.6665652e-03
4.1100000e-01	2.0182602e+00	2.5446480e-03
4.1200000e-01	2.0173506e+00	2.4285396e-03
4.1300000e-01	2.0164410e+00	2.3187447e-03
4.1400000e-01	2.0155036e+00	2.2122736e-03
4.1500000e-01	2.0138685e+00	2.1109821e-03
4.1600000e-01	2.0122333e+00	2.0162055e-03
4.1700000e-01	2.0105982e+00	1.9266527e-03
4.1800000e-01	2.0098003e+00	1.8365018e-03
4.1900000e-01	2.0095719e+00	1.7459593e-03
4.2000000e-01	2.0084665e+00	1.6621907e-03
4.2100000e-01	2.0063334e+00	1.5820105e-03
4.2200000e-01	2.0042003e+00	1.5148939e-03
4.2300000e-01	2.0025226e+00	1.4508304e-03
4.2400000e-01	2.0010347e+00	1.3865699e-03
4.2500000e-01	1.9995468e+00	1.3222558e-03
4.2600000e-01	1.9981398e+00	1.2576407e-03
4.2700000e-01	1.9967606e+00	1.1929144e-03
4.2800000e-01	1.9953813e+00	1.1444310e-03
4.2900000e-01	1.9940020e+00	1.0962530e-03
4.3000000e-01	1.9926082e+00	1.0456374e-03
4.3100000e-01	1.9911176e+00	9.9442520e-04
4.3200000e-01	1.9896271e+00	9.4957170e-04
4.3300000e-01	1.9881365e+00	9.0537760e-04
4.3400000e-01	1.9866459e+00	8.6529422e-04
4.3500000e-01	1.9853433e+00	8.2521592e-04
4.3600000e-01	1.9840709e+00	7.8613964e-04
4.3700000e-01	1.9827984e+00	7.4839490e-04
4.3800000e-01	1.9815260e+00	7.1451379e-04
4.3900000e-01	1.9802536e+00	6.8076049e-04
4.4000000e-01	1.9789856e+00	6.4751588e-04
4.4100000e-01	1.9777287e+00	6.1648073e-04
4.4200000e-01	1.9764718e+00	5.9063444e-04
4.4300000e-01	1.9752149e+00	5.5749815e-04
4.4400000e-01	1.9739580e+00	5.1459048e-04
4.4500000e-01	1.9727011e+00	4.7621884e-04
4.4600000e-01	1.9714998e+00	4.5156939e-04
4.4700000e-01	1.9703302e+00	4.2862263e-04
4.4800000e-01	1.9691606e+00	4.0738107e-04
4.4900000e-01	1.9679910e+00	3.8907285e-04
4.5000000e-01	1.9668214e+00	3.7274087e-04
4.5100000e-01	1.9658700e+00	3.5624608e-04
4.5200000e-01	1.9658107e+00	3.3959572e-04
4.5300000e-01	1.9657515e+00	3.2312981e-04
4.5400000e-01	1.9656922e+00	3.0676768e-04
4.5500000e-01	1.9654845e+00	2.9348874e-04
4.5600000e-01	1.9643133e+00	2.8130574e-04
4.5700000e-01	1.9631422e+00	2.6877738e-04
4.5800000e-01	1.9619711e+00	2.5608825e-04
4.5900000e-01	1.9608000e+00	2.4426366e-04
4.6000000e-01	1.9596288e+00	2.3256567e-04
4.6100000e-01	1.9584909e+00	2.2107118e-04
4.6200000e-01	1.9577706e+00	2.0975738e-04
4.6300000e-01	1.9570503e+00	2.0016205e-04
4.6400000e-01	1.9563300e+00	1.9000386e-04
4.6500000e-01	1.9556097e+00	1.7701487e-04
4.6600000e-01	1.9548894e+00	1.6431352e-04
4.6700000e-01	1.9541691e+00	1.5832278e-04
4.6800000e-01	1.9534488e+00	1.5338449e-04
4.6900000e-01	1.9527285e+00	1.4356997e-04
4.7000000e-01	1.9520082e+00	1.3387930e-04
4.7100000e-01	1.9512957e+00	1.2766144e-04
4.7200000e-01	1.9506099e+00	1.2147927e-04
4.7300000e-01	1.9499241e+00	1.1548729e-04
4.7400000e-01	1.9492383e+00	1.0972196e-04
4.7500000e-01	1.9485525e+00	1.0473672e-04
4.7600000e-01	1.9478666e+00	1.0013714e-04
4.7700000e-01	1.9471808e+00	9.6155195e-05
4.7800000e-01	1.9464950e+00	9.1989207e-05
4.7900000e-01	1.9458092e+00	8.7230601e-05
4.8000000e-01	1.9451234e+00	8.3021655e-05
4.8100000e-01	1.9444462e+00	7.9389030e-05
4.8200000e-01	1.9437963e+00	7.5560924e-05
4.8300000e-01	1.9431464e+00	7.1506439e-05
4.8400000e-01	1.9424965e+00	6.8090892e-05
4.8500000e-01	1.9418466e+00	6.4828544e-05
4.8600000e-01	1.9411967e+00	6.1835134e-05
4.8700000e-01	1.9405468e+00	5.8903812e-05
4.8800000e-01	1.9398969e+00	5.4495800e-05
4.8900000e-01	1.9392470e+00	5.0465088e-05
4.9000000e-01	1.9385971e+00	4.7711196e-05
4.9100000e-01	1.9379472e+00	4.5389205e-05
4.9200000e-01	1.9373003e+00	4.3198431e-05
4.9300000e-01	1.9366546e+00	4.1034649e-05
4.9400000e-01	1.9360089e+00	3.9246027e-05
4.9500000e-01	1.9353632e+00	3.7531437e-05
4.9600000e-01	1.9347175e+00	3.5873830e-05
4.9700000e-01	1.9340719e+00	3.4222382e-05
4.9800000e-01	1.9334262e+00	3.2619894e-05
4.9900000e-01	1.9327805e+00	3.1020489e-05
5.0000000e-01	1.9321348e+00	2.9670211e-05
5.0100000e-01	1.9314892e+00	2.8313871e-05
5.0200000e-01	1.9308447e+00	2.6881047e-05
5.0300000e-01	1.9302114e+00	2.5436569e-05
5.0400000e-01	1.9295781e+00	2.3935684e-05
5.0500000e-01	1.9289448e+00	2.2455366e-05
5.0600000e-01	1.9283114e+00	2.1070778e-05
5.0700000e-01	1.9276781e+00	1.9711421e-05
5.0800000e-01	1.9270448e+00	1.8749727e-05
5.0900000e-01	1.9264115e+00	1.7819751e-05
5.1000000e-01	1.9257782e+00	1.6985163e-05
5.1100000e-01	1.9251449e+00	1.6171774e-05
5.1200000e-01	1.9245115e+00	1.5398204e-05
5.1300000e-01	1.9238902e+00	1.4691677e-05
5.1400000e-01	1.9232984e+00	1.4058967e-05
