Left Bin Edge (nm)	Right Bin Edge (nm)	Bin Center (nm)		Top of Atm Intensity (erg/s/nm/cm2)		Total Surface Flux (erg/s/nm/cm2)		Total Intensity at BOA (erg/s/nm/cm2)		Total Surface Intensity (erg/s/nm/cm2)		Total Surface Diffuse Intensity (erg/s/nm/cm2)		Total Surface Direct Intensity (erg/s/nm/cm2)
1.0000000e+02		1.0100000e+02		1.0050000e+02		4.4569042e-02		0.0000000e+00		0.0000000e+00		0.0000000e+00		0.0000000e+00		0.0000000e+00
1.0100000e+02		1.0200000e+02		1.0150000e+02		1.7387199e-01		0.0000000e+00		0.0000000e+00		0.0000000e+00		0.0000000e+00		0.0000000e+00
1.0200000e+02		1.0300000e+02		1.0250000e+02		9.2286085e-01		0.0000000e+00		0.0000000e+00		0.0000000e+00		0.0000000e+00		0.0000000e+00
1.0300000e+02		1.0400000e+02		1.0350000e+02		7.0094286e-01		0.0000000e+00		0.0000000e+00		0.0000000e+00		0.0000000e+00		0.0000000e+00
1.0400000e+02		1.0500000e+02		1.0450000e+02		1.4124828e-01		0.0000000e+00		0.0000000e+00		0.0000000e+00		0.0000000e+00		0.0000000e+00
1.0500000e+02		1.0600000e+02		1.0550000e+02		4.8389941e-02		0.0000000e+00		0.0000000e+00		0.0000000e+00		0.0000000e+00		0.0000000e+00
1.0600000e+02		1.0700000e+02		1.0650000e+02		4.5487167e-02		0.0000000e+00		0.0000000e+00		0.0000000e+00		0.0000000e+00		0.0000000e+00
1.0700000e+02		1.0800000e+02		1.0750000e+02		5.0757295e-02		0.0000000e+00		0.0000000e+00		0.0000000e+00		0.0000000e+00		0.0000000e+00
1.0800000e+02		1.0900000e+02		1.0850000e+02		7.1152114e-02		0.0000000e+00		0.0000000e+00		0.0000000e+00		0.0000000e+00		0.0000000e+00
1.0900000e+02		1.1000000e+02		1.0950000e+02		5.5817450e-02		2.6599730e-12		4.0685200e-11		4.6072084e-12		4.6072084e-12		1.6803569e-111
1.1000000e+02		1.1100000e+02		1.1050000e+02		5.4043772e-02		1.1424760e-12		1.7636338e-11		1.9788265e-12		1.9788265e-12		3.0689181e-106
1.1100000e+02		1.1200000e+02		1.1150000e+02		5.0797691e-02		1.0079252e-14		1.8292149e-13		1.7457776e-14		1.7457776e-14		1.2918177e-101
1.1200000e+02		1.1300000e+02		1.1250000e+02		5.1969037e-02		5.5193389e-15		1.0080054e-13		9.5597753e-15		9.5597753e-15		5.5797167e-97
1.1300000e+02		1.1400000e+02		1.1350000e+02		4.1221387e-02		4.2443364e-13		6.3436157e-12		7.3514063e-13		7.3514063e-13		2.6605972e-92
1.1400000e+02		1.1500000e+02		1.1450000e+02		3.1562600e-02		1.5386251e-12		2.1276874e-11		2.6649769e-12		2.6649769e-12		3.8101550e-88
1.1500000e+02		1.1600000e+02		1.1550000e+02		4.3552050e-02		8.4563078e-10		9.3334882e-09		1.4646755e-09		1.4646755e-09		1.1163741e-83
1.1600000e+02		1.1700000e+02		1.1650000e+02		1.0143732e-01		2.9942470e-09		3.1989557e-08		5.1861880e-09		5.1861880e-09		1.3938620e-79
1.1700000e+02		1.1800000e+02		1.1750000e+02		3.6108525e-01		2.0623253e-08		2.1180404e-07		3.5720521e-08		3.5720521e-08		1.6964078e-75
1.1800000e+02		1.1900000e+02		1.1850000e+02		1.2283927e-01		2.8204462e-09		2.9236176e-08		4.8851562e-09		4.8851562e-09		9.9656219e-73
1.1900000e+02		1.2000000e+02		1.1950000e+02		1.7115732e-01		4.1726712e-10		4.5734268e-09		7.2272785e-10		7.2272785e-10		1.2118678e-69
1.2000000e+02		1.2100000e+02		1.2050000e+02		9.3056497e-01		1.1624558e-10		1.3931709e-09		2.0134325e-10		2.0134325e-10		3.0323027e-66
1.2100000e+02		1.2200000e+02		1.2150000e+02		3.6941242e+01		5.6776599e-10		7.2523286e-09		9.8339955e-10		9.8339955e-10		4.1449192e-62
1.2200000e+02		1.2300000e+02		1.2250000e+02		2.4773856e-01		4.5069857e-12		5.6276885e-11		7.8063282e-12		7.8063282e-12		1.1398811e-61
1.2300000e+02		1.2400000e+02		1.2350000e+02		1.3344721e-01		1.0143813e-13		1.4183977e-12		1.7569600e-13		1.7569600e-13		7.0329045e-60
1.2400000e+02		1.2500000e+02		1.2450000e+02		1.0726631e-01		5.4332455e-16		9.2921064e-15		9.4106573e-16		9.4106573e-16		2.1009775e-58
1.2500000e+02		1.2600000e+02		1.2550000e+02		1.0471361e-01		3.3638509e-17		6.4266936e-16		5.8263607e-17		5.8263607e-17		9.9847589e-57
1.2600000e+02		1.2700000e+02		1.2650000e+02		1.4644878e-01		1.0498670e-15		1.7213439e-14		1.8184230e-15		1.8184230e-15		4.9664355e-54
1.2700000e+02		1.2800000e+02		1.2750000e+02		7.6659940e-02		1.2694028e-12		1.4758061e-11		2.1986701e-12		2.1986701e-12		3.4282309e-51
1.2800000e+02		1.2900000e+02		1.2850000e+02		6.1165494e-02		6.4228973e-10		5.7695111e-09		1.1124784e-09		1.1124784e-09		1.2651524e-48
1.2900000e+02		1.3000000e+02		1.2950000e+02		8.1594975e-02		2.0724698e-08		1.6519183e-07		3.5896230e-08		3.5896230e-08		2.2108549e-46
1.3000000e+02		1.3100000e+02		1.3050000e+02		6.7007791e-01		7.6818295e-07		5.7651624e-06		1.3305319e-06		1.3305319e-06		1.2863011e-43
1.3100000e+02		1.3200000e+02		1.3150000e+02		9.0731094e-02		8.8212795e-08		6.5495975e-07		1.5278904e-07		1.5278904e-07		7.1960526e-43
1.3200000e+02		1.3300000e+02		1.3250000e+02		7.0547730e-02		2.4207472e-07		1.7084358e-06		4.1928571e-07		4.1928571e-07		2.5810082e-41
1.3300000e+02		1.3400000e+02		1.3350000e+02		9.5357088e-01		7.8937362e-06		5.3602022e-05		1.3672352e-05		1.3672352e-05		1.2482487e-38
1.3400000e+02		1.3500000e+02		1.3450000e+02		6.5246966e-02		3.0641311e-06		1.9648978e-05		5.3072307e-06		5.3072307e-06		3.0109486e-38
1.3500000e+02		1.3600000e+02		1.3550000e+02		1.3692679e-01		1.0508349e-05		6.5645807e-05		1.8200994e-05		1.8200994e-05		1.5230429e-36
1.3600000e+02		1.3700000e+02		1.3650000e+02		8.9861989e-02		8.6888324e-06		5.3199193e-05		1.5049499e-05		1.5049499e-05		1.9946382e-35
1.3700000e+02		1.3800000e+02		1.3750000e+02		9.2282630e-02		1.0005909e-05		6.0209547e-05		1.7330742e-05		1.7330742e-05		3.4923716e-34
1.3800000e+02		1.3900000e+02		1.3850000e+02		9.4180145e-02		1.1411602e-05		6.7507955e-05		1.9765474e-05		1.9765474e-05		5.3301693e-33
1.3900000e+02		1.4000000e+02		1.3950000e+02		3.1801144e-01		4.4132540e-05		2.5659007e-04		7.6439801e-05		7.6439801e-05		2.3898933e-31
1.4000000e+02		1.4100000e+02		1.4050000e+02		2.7729440e-01		4.7079106e-05		2.6870529e-04		8.1543403e-05		8.1543403e-05		2.4931846e-30
1.4100000e+02		1.4200000e+02		1.4150000e+02		1.3359910e-01		2.4754718e-05		1.3906619e-04		4.2876430e-05		4.2876430e-05		1.2605438e-29
1.4200000e+02		1.4300000e+02		1.4250000e+02		1.4479671e-01		3.1111993e-05		1.7184961e-04		5.3887553e-05		5.3887553e-05		1.3064575e-28
1.4300000e+02		1.4400000e+02		1.4350000e+02		1.6064305e-01		4.2771482e-05		2.3202232e-04		7.4082379e-05		7.4082379e-05		1.2722819e-27
1.4400000e+02		1.4500000e+02		1.4450000e+02		1.5363637e-01		4.6055255e-05		2.4590863e-04		7.9770041e-05		7.9770041e-05		9.5501357e-27
1.4500000e+02		1.4600000e+02		1.4550000e+02		1.6382583e-01		5.8467816e-05		3.0699004e-04		1.0126923e-04		1.0126923e-04		7.3970660e-26
1.4600000e+02		1.4700000e+02		1.4650000e+02		1.9977093e-01		8.5409511e-05		4.4103118e-04		1.4793361e-04		1.4793361e-04		6.0333648e-25
1.4700000e+02		1.4800000e+02		1.4750000e+02		2.4643334e-01		1.1721162e-04		5.9626106e-04		2.0301649e-04		2.0301649e-04		4.5288716e-24
1.4800000e+02		1.4900000e+02		1.4850000e+02		2.4167300e-01		1.2527188e-04		6.2819284e-04		2.1697726e-04		2.1697726e-04		2.4945255e-23
1.4900000e+02		1.5000000e+02		1.4950000e+02		2.1832777e-01		1.3776663e-04		6.7963095e-04		2.3861881e-04		2.3861881e-04		1.2060022e-22
1.5000000e+02		1.5100000e+02		1.5050000e+02		2.4023073e-01		2.0227402e-04		9.8010368e-04		3.5034888e-04		3.5034888e-04		6.7668129e-22
1.5100000e+02		1.5200000e+02		1.5150000e+02		2.5258505e-01		2.6078940e-04		1.2435326e-03		4.5170049e-04		4.5170049e-04		3.3412922e-21
1.5200000e+02		1.5300000e+02		1.5250000e+02		3.2229547e-01		4.7119778e-04		2.2056364e-03		8.1613850e-04		8.1613850e-04		1.9410378e-20
1.5300000e+02		1.5400000e+02		1.5350000e+02		3.5701286e-01		8.2427573e-04		3.7818063e-03		1.4276875e-03		1.4276875e-03		9.4323071e-20
1.5400000e+02		1.5500000e+02		1.5450000e+02		9.5486931e-01		2.8570798e-03		1.2898318e-02		4.9486074e-03		4.9486074e-03		1.0052717e-18
1.5500000e+02		1.5600000e+02		1.5550000e+02		7.8587524e-01		2.9459581e-03		1.3097406e-02		5.1025491e-03		5.1025491e-03		3.1057577e-18
1.5600000e+02		1.5700000e+02		1.5650000e+02		4.6648084e-01		3.1719636e-03		1.3812408e-02		5.4940022e-03		5.4940022e-03		7.0441150e-18
1.5700000e+02		1.5800000e+02		1.5750000e+02		4.2309893e-01		3.9789241e-03		1.7050886e-02		6.8916987e-03		6.8916987e-03		2.2076298e-17
1.5800000e+02		1.5900000e+02		1.5850000e+02		3.9008072e-01		5.0767777e-03		2.1418016e-02		8.7932369e-03		8.7932369e-03		6.7082858e-17
1.5900000e+02		1.6000000e+02		1.5950000e+02		3.8042347e-01		7.6786811e-03		3.1862115e-02		1.3299866e-02		1.3299866e-02		2.0958769e-16
1.6000000e+02		1.6100000e+02		1.6050000e+02		4.1635449e-01		1.0184765e-02		4.1705365e-02		1.7640530e-02		1.7640530e-02		6.7792118e-16
1.6100000e+02		1.6200000e+02		1.6150000e+02		4.7164413e-01		1.3407165e-02		5.4216595e-02		2.3221891e-02		2.3221891e-02		2.1671347e-15
1.6200000e+02		1.6300000e+02		1.6250000e+02		5.2241459e-01		1.7182807e-02		6.8635997e-02		2.9761494e-02		2.9761494e-02		6.5158000e-15
1.6300000e+02		1.6400000e+02		1.6350000e+02		1.1072121e+00		4.0309302e-02		1.5915205e-01		6.9817759e-02		6.9817759e-02		3.5918753e-14
1.6400000e+02		1.6500000e+02		1.6450000e+02		1.1323318e+00		4.4488797e-02		1.7369887e-01		7.7056857e-02		7.7056857e-02		9.1946915e-14
1.6500000e+02		1.6600000e+02		1.6550000e+02		1.3255566e+00		5.4579303e-02		2.1082352e-01		9.4534126e-02		9.4534126e-02		2.5950956e-13
1.6600000e+02		1.6700000e+02		1.6650000e+02		6.2522883e-01		2.6887970e-02		1.0277343e-01		4.6571330e-02		4.6571330e-02		2.8569871e-13
1.6700000e+02		1.6800000e+02		1.6750000e+02		6.6723830e-01		2.9099277e-02		1.1011420e-01		5.0401426e-02		5.0401426e-02		6.8719196e-13
1.6800000e+02		1.6900000e+02		1.6850000e+02		7.1904320e-01		3.1707110e-02		1.1880718e-01		5.4918325e-02		5.4918325e-02		1.6199599e-12
1.6900000e+02		1.7000000e+02		1.6950000e+02		9.0554889e-01		3.9896794e-02		1.4807383e-01		6.9103274e-02		6.9103274e-02		4.3305291e-12
1.7000000e+02		1.7100000e+02		1.7050000e+02		1.0161854e+00		4.4146539e-02		1.6234155e-01		7.6464049e-02		7.6464049e-02		1.0017321e-11
1.7100000e+02		1.7200000e+02		1.7150000e+02		1.0130704e+00		4.4048546e-02		1.6049361e-01		7.6294319e-02		7.6294319e-02		2.0106887e-11
1.7200000e+02		1.7300000e+02		1.7250000e+02		1.0571150e+00		4.4842745e-02		1.6196258e-01		7.7669912e-02		7.7669912e-02		4.1016550e-11
1.7300000e+02		1.7400000e+02		1.7350000e+02		1.0479596e+00		4.3840249e-02		1.5696813e-01		7.5933538e-02		7.5933538e-02		7.7748448e-11
1.7400000e+02		1.7500000e+02		1.7450000e+02		1.2530722e+00		5.0438363e-02		1.7911149e-01		8.7361808e-02		8.7361808e-02		1.7287525e-10
1.7500000e+02		1.7600000e+02		1.7550000e+02		1.4954862e+00		5.8640166e-02		2.0653414e-01		1.0156775e-01		1.0156775e-01		3.7606969e-10
1.7600000e+02		1.7700000e+02		1.7650000e+02		1.6135596e+00		6.0895380e-02		2.1279472e-01		1.0547389e-01		1.0547389e-01		7.2206705e-10
1.7700000e+02		1.7800000e+02		1.7750000e+02		1.9010195e+00		6.9485810e-02		2.4093152e-01		1.2035295e-01		1.2035295e-01		1.4847475e-09
1.7800000e+02		1.7900000e+02		1.7850000e+02		2.0776624e+00		7.2659436e-02		2.5007031e-01		1.2584983e-01		1.2584983e-01		2.7685023e-09
1.7900000e+02		1.8000000e+02		1.7950000e+02		2.0198657e+00		6.6947459e-02		2.2877977e-01		1.1595640e-01		1.1595639e-01		4.4934986e-09
1.8000000e+02		1.8100000e+02		1.8050000e+02		2.4976225e+00		8.1332179e-02		2.7587003e-01		1.4087146e-01		1.4087145e-01		9.1858180e-09
1.8100000e+02		1.8200000e+02		1.8150000e+02		3.0410490e+00		9.2767640e-02		3.1260059e-01		1.6067826e-01		1.6067825e-01		1.7945697e-08
1.8200000e+02		1.8300000e+02		1.8250000e+02		2.8073836e+00		7.7231770e-02		2.5876136e-01		1.3376934e-01		1.3376932e-01		2.5840266e-08
1.8300000e+02		1.8400000e+02		1.8350000e+02		2.9562417e+00		7.2487294e-02		2.4158690e-01		1.2555167e-01		1.2555163e-01		4.1531462e-08
1.8400000e+02		1.8500000e+02		1.8450000e+02		2.5409769e+00		6.0755584e-02		2.0115181e-01		1.0523175e-01		1.0523169e-01		5.5001667e-08
1.8500000e+02		1.8600000e+02		1.8550000e+02		2.8735562e+00		7.2591510e-02		2.3844805e-01		1.2573217e-01		1.2573207e-01		9.6760447e-08
1.8600000e+02		1.8700000e+02		1.8650000e+02		3.2604304e+00		7.0857756e-02		2.3181966e-01		1.2272921e-01		1.2272905e-01		1.5784537e-07
1.8700000e+02		1.8800000e+02		1.8750000e+02		3.6946466e+00		7.2970267e-02		2.3759709e-01		1.2638817e-01		1.2638791e-01		2.5742329e-07
1.8800000e+02		1.8900000e+02		1.8850000e+02		3.8870616e+00		7.9403444e-02		2.5671292e-01		1.3753074e-01		1.3753034e-01		4.0165317e-07
1.8900000e+02		1.9000000e+02		1.8950000e+02		4.3106081e+00		8.8377766e-02		2.8390671e-01		1.5307468e-01		1.5307404e-01		6.4566668e-07
1.9000000e+02		1.9100000e+02		1.9050000e+02		4.4384288e+00		6.9783522e-02		2.2403172e-01		1.2086847e-01		1.2086761e-01		8.6128320e-07
1.9100000e+02		1.9200000e+02		1.9150000e+02		4.8094361e+00		7.6064060e-02		2.4270954e-01		1.3174661e-01		1.3174529e-01		1.3192824e-06
1.9200000e+02		1.9300000e+02		1.9250000e+02		5.0365493e+00		9.2955322e-02		2.9388744e-01		1.6100303e-01		1.6100098e-01		2.0471485e-06
1.9300000e+02		1.9400000e+02		1.9350000e+02		3.8447944e+00		6.5424354e-02		2.0602268e-01		1.1331798e-01		1.1331589e-01		2.0896115e-06
1.9400000e+02		1.9500000e+02		1.9450000e+02		6.1679797e+00		8.8006384e-02		2.7669442e-01		1.5243087e-01		1.5242662e-01		4.2539738e-06
1.9500000e+02		1.9600000e+02		1.9550000e+02		5.9528271e+00		9.9799847e-02		3.1090306e-01		1.7285749e-01		1.7285155e-01		5.9363218e-06
1.9600000e+02		1.9700000e+02		1.9650000e+02		6.5508102e+00		1.2324642e-01		3.8087869e-01		2.1346764e-01		2.1345846e-01		9.1817710e-06
1.9700000e+02		1.9800000e+02		1.9750000e+02		6.5190955e+00		9.6775961e-02		2.9916210e-01		1.6761919e-01		1.6760826e-01		1.0935513e-05
1.9800000e+02		1.9900000e+02		1.9850000e+02		6.3883794e+00		1.5135145e-01		4.6043602e-01		2.6214573e-01		2.6212849e-01		1.7241928e-05
1.9900000e+02		2.0000000e+02		1.9950000e+02		6.7274707e+00		1.5189039e-01		4.6020850e-01		2.6307828e-01		2.6305505e-01		2.3234859e-05
2.0000000e+02		2.0100000e+02		2.0050000e+02		7.1125146e+00		1.4276435e-01		4.3158152e-01		2.4727045e-01		2.4724025e-01		3.0192612e-05
2.0100000e+02		2.0200000e+02		2.0150000e+02		7.5701275e+00		2.2743464e-01		6.7787797e-01		3.9392076e-01		3.9387158e-01		4.9175408e-05
2.0200000e+02		2.0300000e+02		2.0250000e+02		7.4828608e+00		1.6727976e-01		4.9955021e-01		2.8972862e-01		2.8967414e-01		5.4486895e-05
2.0300000e+02		2.0400000e+02		2.0350000e+02		8.0092047e+00		2.0795238e-01		6.1590879e-01		3.6017190e-01		3.6009298e-01		7.8927584e-05
2.0400000e+02		2.0500000e+02		2.0450000e+02		8.6207445e+00		3.6564015e-01		1.0661166e+00		6.3328691e-01		6.3315482e-01		1.3209115e-04
2.0500000e+02		2.0600000e+02		2.0550000e+02		8.6400754e+00		2.3859105e-01		6.9917163e-01		4.1323060e-01		4.1309329e-01		1.3730958e-04
2.0600000e+02		2.0700000e+02		2.0650000e+02		8.6510225e+00		3.1627440e-01		9.1667035e-01		5.4777343e-01		5.4757982e-01		1.9361246e-04
2.0700000e+02		2.0800000e+02		2.0750000e+02		9.3957826e+00		4.8914822e-01		1.4005131e+00		8.4718288e-01		8.4688058e-01		3.0230013e-04
2.0800000e+02		2.0900000e+02		2.0850000e+02		1.0163489e+01		3.9387483e-01		1.1300518e+00		6.8215662e-01		6.8180315e-01		3.5346488e-04
2.0900000e+02		2.1000000e+02		2.0950000e+02		1.3129215e+01		8.6964324e-01		2.4556285e+00		1.5061579e+00		1.5054561e+00		7.0177681e-04
2.1000000e+02		2.1100000e+02		2.1050000e+02		1.6183343e+01		7.6569808e-01		2.1683238e+00		1.3260872e+00		1.3251761e+00		9.1109464e-04
2.1100000e+02		2.1200000e+02		2.1150000e+02		1.8424170e+01		1.2003647e+00		3.3615371e+00		2.0788701e+00		2.0774300e+00		1.4401245e-03
2.1200000e+02		2.1300000e+02		2.1250000e+02		1.6428561e+01		1.2186284e+00		3.3892969e+00		2.1104743e+00		2.1088427e+00		1.6316190e-03
2.1300000e+02		2.1400000e+02		2.1350000e+02		1.6737981e+01		1.1438408e+00		3.1736300e+00		1.9808933e+00		1.9789708e+00		1.9225322e-03
2.1400000e+02		2.1500000e+02		2.1450000e+02		2.1432541e+01		2.0283690e+00		5.5678810e+00		3.5127190e+00		3.5093586e+00		3.3604002e-03
2.1500000e+02		2.1600000e+02		2.1550000e+02		1.8408135e+01		1.4885779e+00		4.0826906e+00		2.5777969e+00		2.5745874e+00		3.2094661e-03
2.1600000e+02		2.1700000e+02		2.1650000e+02		1.7036901e+01		1.7584006e+00		4.7801645e+00		3.0450392e+00		3.0411552e+00		3.8840439e-03
2.1700000e+02		2.1800000e+02		2.1750000e+02		1.7640866e+01		1.7844387e+00		4.8339746e+00		3.0900134e+00		3.0853200e+00		4.6933862e-03
2.1800000e+02		2.1900000e+02		2.1850000e+02		2.3730294e+01		2.6086582e+00		7.0281116e+00		4.5171461e+00		4.5094908e+00		7.6553037e-03
2.1900000e+02		2.2000000e+02		2.1950000e+02		2.5052511e+01		3.0933563e+00		8.2837179e+00		5.3563225e+00		5.3464315e+00		9.8910205e-03
2.2000000e+02		2.2100000e+02		2.2050000e+02		2.5203754e+01		2.9327423e+00		7.8334741e+00		5.0779153e+00		5.0666290e+00		1.1286333e-02
2.2100000e+02		2.2200000e+02		2.2150000e+02		2.0176768e+01		2.7344797e+00		7.2556003e+00		4.7345366e+00		4.7233948e+00		1.1141821e-02
2.2200000e+02		2.2300000e+02		2.2250000e+02		2.7154039e+01		3.6516756e+00		9.6557162e+00		6.3222240e+00		6.3049796e+00		1.7244400e-02
2.2300000e+02		2.2400000e+02		2.2350000e+02		3.5163062e+01		5.2917002e+00		1.3912459e+01		9.1613405e+00		9.1344536e+00		2.6886900e-02
2.2400000e+02		2.2500000e+02		2.2450000e+02		3.2875934e+01		4.8388445e+00		1.2682644e+01		8.3767169e+00		8.3481829e+00		2.8534040e-02
2.2500000e+02		2.2600000e+02		2.2550000e+02		2.8720078e+01		4.4891507e+00		1.1712003e+01		7.7709305e+00		7.7417549e+00		2.9175600e-02
2.2600000e+02		2.2700000e+02		2.2650000e+02		2.1037217e+01		3.3669100e+00		8.7503354e+00		5.8278662e+00		5.8033116e+00		2.4554604e-02
2.2700000e+02		2.2800000e+02		2.2750000e+02		2.0463841e+01		3.3770419e+00		8.7421858e+00		5.8449701e+00		5.8175340e+00		2.7436083e-02
2.2800000e+02		2.2900000e+02		2.2850000e+02		2.8509984e+01		4.9436975e+00		1.2743551e+01		8.5559198e+00		8.5117972e+00		4.4122620e-02
2.2900000e+02		2.3000000e+02		2.2950000e+02		2.5620938e+01		4.5751620e+00		1.1748680e+01		7.9174237e+00		7.8721767e+00		4.5247026e-02
2.3000000e+02		2.3100000e+02		2.3050000e+02		2.9055844e+01		5.2560978e+00		1.3450795e+01		9.0948736e+00		9.0369011e+00		5.7972446e-02
2.3100000e+02		2.3200000e+02		2.3150000e+02		2.7387429e+01		5.0617811e+00		1.2907417e+01		8.7577186e+00		8.6959360e+00		6.1782549e-02
2.3200000e+02		2.3300000e+02		2.3250000e+02		2.9413108e+01		5.5369546e+00		1.4070334e+01		9.5787463e+00		9.5040358e+00		7.4710461e-02
2.3300000e+02		2.3400000e+02		2.3350000e+02		2.6543685e+01		5.0882501e+00		1.2886081e+01		8.8014144e+00		8.7257137e+00		7.5700693e-02
2.3400000e+02		2.3500000e+02		2.3450000e+02		2.3194371e+01		4.5149309e+00		1.1396335e+01		7.8086619e+00		7.7346799e+00		7.3982001e-02
2.3500000e+02		2.3600000e+02		2.3550000e+02		3.1223226e+01		6.1642090e+00		1.5508942e+01		1.0659572e+01		1.0548536e+01		1.1103556e-01
2.3600000e+02		2.3700000e+02		2.3650000e+02		2.8911473e+01		5.7941386e+00		1.4530978e+01		1.0018073e+01		9.9036856e+00		1.1438762e-01
2.3700000e+02		2.3800000e+02		2.3750000e+02		3.0878004e+01		6.2773366e+00		1.5693009e+01		1.0851729e+01		1.0716185e+01		1.3554404e-01
2.3800000e+02		2.3900000e+02		2.3850000e+02		2.5598090e+01		5.2762348e+00		1.3149253e+01		9.1194993e+00		8.9951536e+00		1.2434566e-01
2.3900000e+02		2.4000000e+02		2.3950000e+02		2.7890834e+01		5.8267623e+00		1.4476707e+01		1.0069146e+01		9.9195884e+00		1.4955799e-01
2.4000000e+02		2.4100000e+02		2.4050000e+02		2.5623038e+01		5.4253526e+00		1.3438548e+01		9.3736108e+00		9.2222813e+00		1.5132955e-01
2.4100000e+02		2.4200000e+02		2.4150000e+02		3.0005079e+01		6.4387367e+00		1.5900945e+01		1.1122136e+01		1.0927386e+01		1.9475059e-01
2.4200000e+02		2.4300000e+02		2.4250000e+02		4.1301739e+01		8.9802896e+00		2.2111971e+01		1.5508911e+01		1.5214955e+01		2.9395641e-01
2.4300000e+02		2.4400000e+02		2.4350000e+02		3.8791639e+01		8.5401165e+00		2.0967020e+01		1.4745263e+01		1.4443239e+01		3.0202320e-01
2.4400000e+02		2.4500000e+02		2.4450000e+02		3.6329084e+01		8.0848296e+00		1.9792849e+01		1.3955675e+01		1.3647126e+01		3.0854863e-01
2.4500000e+02		2.4600000e+02		2.4550000e+02		2.9476122e+01		6.6251338e+00		1.6174032e+01		1.1432986e+01		1.1160548e+01		2.7243717e-01
2.4600000e+02		2.4700000e+02		2.4650000e+02		2.8685918e+01		6.5340015e+00		1.5906418e+01		1.1272662e+01		1.0984182e+01		2.8847954e-01
2.4700000e+02		2.4800000e+02		2.4750000e+02		3.1678139e+01		7.3016953e+00		1.7726063e+01		1.2593502e+01		1.2247767e+01		3.4573506e-01
2.4800000e+02		2.4900000e+02		2.4850000e+02		2.5406301e+01		5.9241203e+00		1.4342449e+01		1.0214484e+01		9.9141381e+00		3.0034551e-01
2.4900000e+02		2.5000000e+02		2.4950000e+02		3.0967514e+01		7.3001080e+00		1.7626154e+01		1.2583032e+01		1.2187314e+01		3.9571828e-01
2.5000000e+02		2.5100000e+02		2.5050000e+02		3.3448743e+01		7.9510730e+00		1.9147755e+01		1.3700512e+01		1.3239896e+01		4.6061598e-01
2.5100000e+02		2.5200000e+02		2.5150000e+02		2.7888154e+01		6.6907057e+00		1.6070586e+01		1.1524790e+01		1.1111418e+01		4.1337125e-01
2.5200000e+02		2.5300000e+02		2.5250000e+02		2.5069906e+01		6.0919414e+00		1.4593607e+01		1.0489750e+01		1.0089652e+01		4.0009773e-01
2.5300000e+02		2.5400000e+02		2.5350000e+02		3.1592540e+01		7.7480807e+00		1.8513610e+01		1.3336503e+01		1.2795511e+01		5.4099258e-01
2.5400000e+02		2.5500000e+02		2.5450000e+02		3.5730773e+01		8.8305105e+00		2.1047356e+01		1.5193722e+01		1.4538761e+01		6.5496157e-01
2.5500000e+02		2.5600000e+02		2.5550000e+02		4.8755658e+01		1.2133351e+01		2.8848585e+01		2.0868085e+01		1.9913224e+01		9.5486170e-01
2.5600000e+02		2.5700000e+02		2.5650000e+02		6.2803876e+01		1.5877117e+01		3.7651163e+01		2.7296281e+01		2.5977611e+01		1.3186700e+00
2.5700000e+02		2.5800000e+02		2.5750000e+02		7.8843355e+01		2.0022438e+01		4.7369377e+01		3.4407810e+01		3.2646473e+01		1.7613369e+00
2.5800000e+02		2.5900000e+02		2.5850000e+02		8.2991293e+01		2.1322452e+01		5.0319634e+01		3.6626068e+01		3.4648295e+01		1.9777728e+00
2.5900000e+02		2.6000000e+02		2.5950000e+02		7.0629481e+01		1.8261566e+01		4.2994751e+01		3.1353801e+01		2.9566002e+01		1.7877992e+00
2.6000000e+02		2.6100000e+02		2.6050000e+02		5.7868388e+01		1.5087724e+01		3.5438005e+01		2.5892410e+01		2.4336791e+01		1.5556197e+00
2.6100000e+02		2.6200000e+02		2.6150000e+02		5.9092703e+01		1.5502489e+01		3.6328206e+01		2.6591160e+01		2.4908360e+01		1.6827995e+00
2.6200000e+02		2.6300000e+02		2.6250000e+02		7.0528613e+01		1.8697807e+01		4.3711938e+01		3.2056474e+01		2.9926085e+01		2.1303894e+00
2.6300000e+02		2.6400000e+02		2.6350000e+02		1.0614195e+02		2.8465814e+01		6.6389476e+01		4.8779216e+01		4.5380325e+01		3.3988913e+00
2.6400000e+02		2.6500000e+02		2.6450000e+02		1.6548208e+02		4.4509371e+01		1.0358101e+02		7.6230147e+01		7.0647471e+01		5.5826762e+00
2.6500000e+02		2.6600000e+02		2.6550000e+02		1.7356948e+02		4.7066989e+01		1.0928462e+02		8.0567639e+01		7.4386577e+01		6.1810622e+00
2.6600000e+02		2.6700000e+02		2.6650000e+02		1.6826276e+02		4.5926377e+01		1.0640009e+02		7.8571804e+01		7.2259730e+01		6.3120739e+00
2.6700000e+02		2.6800000e+02		2.6750000e+02		1.6940220e+02		4.6612785e+01		1.0774970e+02		7.9701800e+01		7.3008436e+01		6.6933638e+00
2.6800000e+02		2.6900000e+02		2.6850000e+02		1.6778062e+02		4.6435973e+01		1.0710886e+02		7.9353510e+01		7.2387964e+01		6.9655462e+00
2.6900000e+02		2.7000000e+02		2.6950000e+02		1.5737310e+02		4.4025388e+01		1.0132049e+02		7.5191672e+01		6.8312992e+01		6.8786800e+00
2.7000000e+02		2.7100000e+02		2.7050000e+02		1.8181465e+02		5.1010906e+01		1.1715457e+02		8.7068570e+01		7.8750280e+01		8.3182901e+00
2.7100000e+02		2.7200000e+02		2.7150000e+02		1.5108640e+02		4.2633958e+01		9.7709305e+01		7.2725670e+01		6.5484615e+01		7.2410549e+00
2.7200000e+02		2.7300000e+02		2.7250000e+02		1.2154404e+02		3.4450810e+01		7.8792194e+01		5.8729630e+01		5.2638252e+01		6.0913781e+00
2.7300000e+02		2.7400000e+02		2.7350000e+02		1.2960124e+02		3.6780222e+01		8.3953433e+01		6.2659194e+01		5.5887451e+01		6.7717435e+00
2.7400000e+02		2.7500000e+02		2.7450000e+02		8.9183780e+01		2.5809810e+01		5.8774665e+01		4.3945286e+01		3.9034134e+01		4.9111521e+00
2.7500000e+02		2.7600000e+02		2.7550000e+02		1.1893609e+02		3.4382771e+01		7.8148835e+01		5.8501371e+01		5.1695207e+01		6.8061645e+00
2.7600000e+02		2.7700000e+02		2.7650000e+02		1.6564211e+02		4.8436415e+01		1.0985589e+02		8.2361717e+01		7.2439834e+01		9.9218829e+00
2.7700000e+02		2.7800000e+02		2.7750000e+02		1.5837296e+02		4.6442986e+01		1.0512999e+02		7.8917574e+01		6.9051216e+01		9.8663575e+00
2.7800000e+02		2.7900000e+02		2.7850000e+02		1.0921797e+02		3.2333511e+01		7.3040117e+01		5.4906308e+01		4.7804667e+01		7.1016405e+00
2.7900000e+02		2.8000000e+02		2.7950000e+02		6.1368404e+01		1.8225651e+01		4.1092087e+01		3.0927585e+01		2.6783244e+01		4.1443414e+00
2.8000000e+02		2.8100000e+02		2.8050000e+02		6.7313201e+01		2.0161716e+01		4.5365739e+01		3.4189818e+01		2.9455520e+01		4.7342975e+00
2.8100000e+02		2.8200000e+02		2.8150000e+02		1.3943196e+02		4.1624656e+01		9.3495553e+01		7.0531989e+01		6.0406727e+01		1.0125262e+01
2.8200000e+02		2.8300000e+02		2.8250000e+02		1.8983287e+02		5.8202325e+01		1.3042330e+02		9.8567659e+01		8.4055112e+01		1.4512547e+01
2.8300000e+02		2.8400000e+02		2.8350000e+02		1.9610227e+02		5.9820809e+01		1.3382472e+02		1.0122794e+02		8.5789535e+01		1.5438404e+01
2.8400000e+02		2.8500000e+02		2.8450000e+02		1.4459284e+02		4.4648908e+01		9.9681540e+01		7.5503437e+01		6.3651535e+01		1.1851902e+01
2.8500000e+02		2.8600000e+02		2.8550000e+02		9.2944992e+01		2.8718351e+01		6.4002211e+01		4.8526825e+01		4.0662308e+01		7.8645173e+00
2.8600000e+02		2.8700000e+02		2.8650000e+02		1.9045522e+02		5.9712058e+01		1.3280347e+02		1.0083154e+02		8.4046310e+01		1.6785226e+01
2.8700000e+02		2.8800000e+02		2.8750000e+02		2.2108403e+02		6.9602118e+01		1.5451945e+02		1.1744395e+02		9.7307391e+01		2.0136559e+01
2.8800000e+02		2.8900000e+02		2.8850000e+02		2.1010240e+02		6.6835978e+01		1.4809301e+02		1.1269704e+02		9.2846547e+01		1.9850494e+01
2.8900000e+02		2.9000000e+02		2.8950000e+02		3.1885068e+02		1.0304400e+02		2.2786036e+02		1.7363497e+02		1.4228570e+02		3.1349278e+01
2.9000000e+02		2.9100000e+02		2.9050000e+02		4.1860542e+02		1.3492987e+02		2.9788481e+02		2.2717789e+02		1.8491996e+02		4.2257924e+01
2.9100000e+02		2.9200000e+02		2.9150000e+02		4.0318642e+02		1.3318000e+02		2.9338415e+02		2.2409893e+02		1.8152960e+02		4.2569331e+01
2.9200000e+02		2.9300000e+02		2.9250000e+02		3.5818014e+02		1.1703265e+02		2.5744608e+02		1.9675061e+02		1.5819320e+02		3.8557406e+01
2.9300000e+02		2.9400000e+02		2.9350000e+02		3.7393440e+02		1.2525722e+02		2.7494714e+02		2.1045312e+02		1.6838137e+02		4.2071753e+01
2.9400000e+02		2.9500000e+02		2.9450000e+02		3.4819581e+02		1.1669502e+02		2.5573552e+02		1.9590867e+02		1.5568657e+02		4.0222104e+01
2.9500000e+02		2.9600000e+02		2.9550000e+02		3.7701055e+02		1.2966206e+02		2.8354651e+02		2.1755163e+02		1.7204292e+02		4.5508712e+01
2.9600000e+02		2.9700000e+02		2.9650000e+02		3.4493460e+02		1.1711850e+02		2.5577665e+02		1.9632154e+02		1.5402382e+02		4.2297716e+01
2.9700000e+02		2.9800000e+02		2.9750000e+02		3.5165811e+02		1.2256995e+02		2.6711741e+02		2.0534124e+02		1.6030832e+02		4.5032921e+01
2.9800000e+02		2.9900000e+02		2.9850000e+02		3.0223333e+02		1.0418136e+02		2.2674074e+02		1.7437297e+02		1.3504804e+02		3.9324930e+01
2.9900000e+02		3.0000000e+02		2.9950000e+02		3.4101318e+02		1.2120644e+02		2.6322172e+02		2.0276080e+02		1.5631167e+02		4.6449131e+01
3.0000000e+02		3.0100000e+02		3.0050000e+02		2.7131061e+02		9.5692590e+01		2.0752849e+02		1.5993575e+02		1.2233135e+02		3.7604399e+01
3.0100000e+02		3.0200000e+02		3.0150000e+02		3.1202593e+02		1.1433535e+02		2.4739124e+02		1.9100801e+02		1.4551889e+02		4.5489121e+01
3.0200000e+02		3.0300000e+02		3.0250000e+02		3.2846528e+02		1.1808944e+02		2.5522902e+02		1.9707919e+02		1.4879920e+02		4.8279990e+01
3.0300000e+02		3.0400000e+02		3.0350000e+02		4.2601061e+02		1.5918300e+02		3.4326545e+02		2.6554310e+02		1.9970459e+02		6.5838502e+01
3.0400000e+02		3.0500000e+02		3.0450000e+02		4.0776836e+02		1.4954822e+02		3.2213531e+02		2.4921704e+02		1.8572122e+02		6.3495822e+01
3.0500000e+02		3.0600000e+02		3.0550000e+02		4.1174793e+02		1.5656913e+02		3.3652098e+02		2.6079772e+02		1.9354781e+02		6.7249909e+01
3.0600000e+02		3.0700000e+02		3.0650000e+02		3.9053943e+02		1.4574899e+02		3.1293030e+02		2.4252668e+02		1.7831938e+02		6.4207298e+01
3.0700000e+02		3.0800000e+02		3.0750000e+02		4.3847484e+02		1.6868408e+02		3.6143352e+02		2.8054722e+02		2.0530727e+02		7.5239945e+01
3.0800000e+02		3.0900000e+02		3.0850000e+02		4.3035211e+02		1.6450657e+02		3.5202824e+02		2.7335485e+02		1.9839513e+02		7.4959728e+01
3.0900000e+02		3.1000000e+02		3.0950000e+02		3.4901328e+02		1.3604187e+02		2.9059410e+02		2.2591606e+02		1.6302046e+02		6.2895603e+01
3.1000000e+02		3.1100000e+02		3.1050000e+02		4.3927411e+02		1.7139437e+02		3.6559341e+02		2.8439194e+02		2.0365153e+02		8.0740418e+01
3.1100000e+02		3.1200000e+02		3.1150000e+02		5.2246540e+02		2.0655819e+02		4.3987736e+02		3.4250503e+02		2.4368695e+02		9.8818087e+01
3.1200000e+02		3.1300000e+02		3.1250000e+02		4.6521908e+02		1.8535170e+02		3.9411838e+02		3.0711451e+02		2.1697262e+02		9.0141889e+01
3.1300000e+02		3.1400000e+02		3.1350000e+02		4.9544367e+02		1.9820706e+02		4.2085018e+02		3.2816014e+02		2.3011690e+02		9.8043246e+01
3.1400000e+02		3.1500000e+02		3.1450000e+02		4.6729179e+02		1.8913891e+02		4.0096619e+02		3.1293029e+02		2.1797279e+02		9.4957506e+01
3.1500000e+02		3.1600000e+02		3.1550000e+02		4.5343123e+02		1.8409059e+02		3.8972445e+02		3.0433931e+02		2.1037205e+02		9.3967261e+01
3.1600000e+02		3.1700000e+02		3.1650000e+02		4.4229406e+02		1.8118830e+02		3.8300969e+02		2.9932707e+02		2.0545485e+02		9.3872226e+01
3.1700000e+02		3.1800000e+02		3.1750000e+02		5.6102832e+02		2.3100005e+02		4.8762376e+02		3.8132878e+02		2.5978244e+02		1.2154635e+02
3.1800000e+02		3.1900000e+02		3.1850000e+02		4.6340678e+02		1.9213123e+02		4.0499873e+02		3.1693291e+02		2.1433479e+02		1.0259812e+02
3.1900000e+02		3.2000000e+02		3.1950000e+02		4.9774832e+02		2.0767294e+02		4.3714922e+02		3.4231769e+02		2.2978710e+02		1.1253060e+02
3.2000000e+02		3.2100000e+02		3.2050000e+02		5.7184857e+02		2.4009070e+02		5.0469047e+02		3.9546317e+02		2.6348697e+02		1.3197620e+02
3.2100000e+02		3.2200000e+02		3.2150000e+02		4.8024660e+02		2.0277892e+02		4.2568014e+02		3.3375917e+02		2.2069879e+02		1.1306038e+02
3.2200000e+02		3.2300000e+02		3.2250000e+02		4.8228681e+02		2.0474979e+02		4.2924234e+02		3.3675479e+02		2.2098814e+02		1.1576665e+02
3.2300000e+02		3.2400000e+02		3.2350000e+02		4.6607071e+02		1.9907747e+02		4.1679200e+02		3.2718786e+02		2.1309030e+02		1.1409756e+02
3.2400000e+02		3.2500000e+02		3.2450000e+02		5.4882129e+02		2.3555435e+02		4.9251942e+02		3.8685301e+02		2.5000218e+02		1.3685083e+02
3.2500000e+02		3.2600000e+02		3.2550000e+02		6.3196128e+02		2.7261046e+02		5.6926327e+02		4.4738343e+02		2.8688599e+02		1.6049744e+02
3.2600000e+02		3.2700000e+02		3.2650000e+02		7.1301257e+02		3.0915593e+02		6.4474997e+02		5.0699015e+02		3.2259204e+02		1.8439811e+02
3.2700000e+02		3.2800000e+02		3.2750000e+02		6.8984049e+02		3.0051556e+02		6.2594051e+02		4.9246220e+02		3.1089708e+02		1.8156513e+02
3.2800000e+02		3.2900000e+02		3.2850000e+02		6.6596082e+02		2.9150588e+02		6.0641545e+02		4.7735276e+02		2.9899726e+02		1.7835551e+02
3.2900000e+02		3.3000000e+02		3.2950000e+02		7.7527139e+02		3.4091489e+02		7.0832540e+02		5.5785970e+02		3.4666908e+02		2.1119062e+02
3.3000000e+02		3.3100000e+02		3.3050000e+02		7.3029799e+02		3.2260174e+02		6.6945765e+02		5.2751421e+02		3.2521750e+02		2.0229671e+02
3.3100000e+02		3.3200000e+02		3.3150000e+02		6.9881652e+02		3.1010732e+02		6.4275145e+02		5.0672208e+02		3.0992056e+02		1.9680152e+02
3.3200000e+02		3.3300000e+02		3.3250000e+02		6.8562051e+02		3.0558386e+02		6.3262012e+02		4.9897573e+02		3.0274721e+02		1.9622852e+02
3.3300000e+02		3.3400000e+02		3.3350000e+02		6.5878216e+02		2.9490761e+02		6.0979697e+02		4.8120270e+02		2.8962745e+02		1.9157525e+02
3.3400000e+02		3.3500000e+02		3.3450000e+02		6.9405546e+02		3.1202927e+02		6.4444705e+02		5.0878221e+02		3.0376676e+02		2.0501545e+02
3.3500000e+02		3.3600000e+02		3.3550000e+02		6.8541663e+02		3.0945224e+02		6.3838636e+02		5.0422737e+02		2.9862097e+02		2.0560640e+02
3.3600000e+02		3.3700000e+02		3.3650000e+02		5.6469084e+02		2.5601230e+02		5.2753883e+02		4.1686120e+02		2.4488327e+02		1.7197793e+02
3.3700000e+02		3.3800000e+02		3.3750000e+02		5.9573781e+02		2.7120446e+02		5.5821235e+02		4.4129307e+02		2.5713309e+02		1.8415998e+02
3.3800000e+02		3.3900000e+02		3.3850000e+02		6.4448401e+02		2.9459694e+02		6.0568264e+02		4.7902695e+02		2.7684977e+02		2.0217718e+02
3.3900000e+02		3.4000000e+02		3.3950000e+02		6.7448220e+02		3.0956043e+02		6.3574335e+02		5.0301443e+02		2.8834252e+02		2.1467191e+02
3.4000000e+02		3.4100000e+02		3.4050000e+02		7.1196374e+02		3.2806124e+02		6.7300205e+02		5.3271489e+02		3.0286915e+02		2.2984574e+02
3.4100000e+02		3.4200000e+02		3.4150000e+02		6.4984945e+02		3.0060461e+02		6.1600997e+02		4.8780037e+02		2.7505689e+02		2.1274348e+02
3.4200000e+02		3.4300000e+02		3.4250000e+02		7.0477558e+02		3.2729130e+02		6.6997970e+02		5.3074975e+02		2.9681534e+02		2.3393441e+02
3.4300000e+02		3.4400000e+02		3.4350000e+02		6.9264465e+02		3.2288436e+02		6.6025998e+02		5.2325423e+02		2.9021010e+02		2.3304412e+02
3.4400000e+02		3.4500000e+02		3.4450000e+02		5.5710877e+02		2.6069155e+02		5.3252551e+02		4.2218733e+02		2.3222139e+02		1.8996594e+02
3.4500000e+02		3.4600000e+02		3.4550000e+02		6.7138909e+02		3.1534034e+02		6.4349294e+02		5.1035461e+02		2.7839165e+02		2.3196296e+02
3.4600000e+02		3.4700000e+02		3.4650000e+02		6.5194093e+02		3.0733592e+02		6.2651767e+02		4.9707514e+02		2.6889673e+02		2.2817841e+02
3.4700000e+02		3.4800000e+02		3.4750000e+02		6.4525828e+02		3.0529101e+02		6.2171997e+02		4.9344737e+02		2.6471292e+02		2.2873445e+02
3.4800000e+02		3.4900000e+02		3.4850000e+02		6.6761091e+02		3.1702219e+02		6.4496406e+02		5.1207890e+02		2.7242007e+02		2.3965883e+02
3.4900000e+02		3.5000000e+02		3.4950000e+02		6.3989005e+02		3.0494098e+02		6.1977211e+02		4.9224931e+02		2.5968368e+02		2.3256563e+02
3.5000000e+02		3.5100000e+02		3.5050000e+02		7.6650484e+02		3.6655970e+02		7.4427983e+02		5.9134106e+02		3.0934783e+02		2.8199323e+02
3.5100000e+02		3.5200000e+02		3.5150000e+02		7.1211510e+02		3.4173440e+02		6.9320249e+02		5.5094482e+02		2.8579935e+02		2.6514547e+02
3.5200000e+02		3.5300000e+02		3.5250000e+02		6.5785102e+02		3.1677795e+02		6.4196445e+02		5.1039031e+02		2.6253854e+02		2.4785177e+02
3.5300000e+02		3.5400000e+02		3.5350000e+02		7.5263834e+02		3.6365340e+02		7.3626285e+02		5.8555169e+02		2.9866738e+02		2.8688430e+02
3.5400000e+02		3.5500000e+02		3.5450000e+02		8.0329241e+02		3.8942661e+02		7.8770714e+02		6.2666475e+02		3.1694437e+02		3.0972038e+02
3.5500000e+02		3.5600000e+02		3.5550000e+02		7.5433512e+02		3.6690457e+02		7.4146503e+02		5.9006096e+02		2.9591358e+02		2.9414738e+02
3.5600000e+02		3.5700000e+02		3.5650000e+02		6.5576441e+02		3.2000144e+02		6.4608920e+02		5.1431808e+02		2.5574905e+02		2.5856903e+02
3.5700000e+02		3.5800000e+02		3.5750000e+02		5.7307986e+02		2.8055367e+02		5.6593166e+02		4.5064434e+02		2.2219028e+02		2.2845406e+02
3.5800000e+02		3.5900000e+02		3.5850000e+02		4.9194729e+02		2.4160363e+02		4.8692639e+02		3.8784806e+02		1.8960836e+02		1.9823970e+02
3.5900000e+02		3.6000000e+02		3.5950000e+02		7.1030971e+02		3.4994075e+02		7.0464549e+02		5.6142899e+02		2.7213842e+02		2.8929056e+02
3.6000000e+02		3.6100000e+02		3.6050000e+02		7.0092701e+02		3.4639546e+02		6.9689737e+02		5.5541396e+02		2.6693640e+02		2.8847756e+02
3.6100000e+02		3.6200000e+02		3.6150000e+02		6.5110481e+02		3.2275565e+02		6.4877709e+02		5.1720726e+02		2.4645934e+02		2.7074792e+02
3.6200000e+02		3.6300000e+02		3.6250000e+02		7.3500056e+02		3.6543739e+02		7.3394583e+02		5.8526411e+02		2.7651415e+02		3.0874996e+02
3.6300000e+02		3.6400000e+02		3.6350000e+02		7.1558904e+02		3.5685834e+02		7.1611040e+02		5.7119601e+02		2.6756858e+02		3.0362744e+02
3.6400000e+02		3.6500000e+02		3.6450000e+02		7.4837927e+02		3.7428266e+02		7.5045057e+02		5.9874371e+02		2.7807637e+02		3.2066734e+02
3.6500000e+02		3.6600000e+02		3.6550000e+02		8.5179486e+02		4.2727003e+02		8.5598442e+02		6.8312208e+02		3.1455847e+02		3.6856361e+02
3.6600000e+02		3.6700000e+02		3.6650000e+02		9.1042532e+02		4.5795918e+02		9.1671977e+02		7.3177683e+02		3.3407833e+02		3.9769849e+02
3.6700000e+02		3.6800000e+02		3.6750000e+02		8.7909512e+02		4.4347015e+02		8.8699999e+02		7.0823082e+02		3.2056499e+02		3.8766584e+02
3.6800000e+02		3.6900000e+02		3.6850000e+02		8.1047729e+02		4.0992883e+02		8.1926252e+02		6.5430228e+02		2.9361109e+02		3.6069119e+02
3.6900000e+02		3.7000000e+02		3.6950000e+02		8.9967825e+02		4.5634793e+02		9.1131272e+02		7.2799587e+02		3.2388700e+02		4.0410887e+02
3.7000000e+02		3.7100000e+02		3.7050000e+02		8.4427990e+02		4.2957420e+02		8.5717114e+02		6.8491580e+02		3.0212773e+02		3.8278806e+02
3.7100000e+02		3.7200000e+02		3.7150000e+02		8.7164560e+02		4.4471466e+02		8.8669799e+02		7.0867491e+02		3.0992933e+02		3.9874558e+02
3.7200000e+02		3.7300000e+02		3.7250000e+02		7.2411383e+02		3.7044051e+02		7.3804286e+02		5.9000086e+02		2.5581587e+02		3.3418498e+02
3.7300000e+02		3.7400000e+02		3.7350000e+02		6.3155746e+02		3.2395073e+02		6.4493315e+02		5.1568402e+02		2.2167443e+02		2.9400958e+02
3.7400000e+02		3.7500000e+02		3.7450000e+02		6.4642322e+02		3.3244708e+02		6.6135497e+02		5.2893189e+02		2.2541711e+02		3.0351478e+02
3.7500000e+02		3.7600000e+02		3.7550000e+02		7.4036161e+02		3.8174458e+02		7.5886592e+02		6.0705014e+02		2.5648674e+02		3.5056340e+02
3.7600000e+02		3.7700000e+02		3.7650000e+02		7.6758018e+02		3.9679965e+02		7.8821910e+02		6.3066612e+02		2.6417597e+02		3.6649015e+02
3.7700000e+02		3.7800000e+02		3.7750000e+02		9.0048278e+02		4.6668669e+02		9.2637800e+02		7.4136503e+02		3.0787730e+02		4.3348774e+02
3.7800000e+02		3.7900000e+02		3.7850000e+02		9.3786543e+02		4.8727877e+02		9.6656495e+02		7.7368569e+02		3.1853739e+02		4.5514830e+02
3.7900000e+02		3.8000000e+02		3.7950000e+02		7.6051322e+02		3.9611445e+02		7.8517852e+02		6.2862281e+02		2.5658776e+02		3.7203504e+02
3.8000000e+02		3.8100000e+02		3.8050000e+02		8.2814537e+02		4.3239820e+02		8.5650372e+02		6.8586340e+02		2.7754443e+02		4.0831897e+02
3.8100000e+02		3.8200000e+02		3.8150000e+02		7.4366886e+02		3.8923066e+02		7.7046603e+02		6.1708787e+02		2.4756559e+02		3.6952228e+02
3.8200000e+02		3.8300000e+02		3.8250000e+02		5.3336093e+02		2.7982428e+02		5.5352384e+02		4.4341818e+02		1.7636180e+02		2.6705637e+02
3.8300000e+02		3.8400000e+02		3.8350000e+02		4.7073026e+02		2.4754718e+02		4.8934687e+02		3.9208127e+02		1.5460163e+02		2.3747963e+02
3.8400000e+02		3.8500000e+02		3.8450000e+02		6.2969557e+02		3.3191920e+02		6.5569557e+02		5.2546338e+02		2.0541323e+02		3.2005015e+02
3.8500000e+02		3.8600000e+02		3.8550000e+02		6.6694888e+02		3.5236973e+02		6.9563715e+02		5.5757403e+02		2.1609093e+02		3.4148310e+02
3.8600000e+02		3.8700000e+02		3.8650000e+02		6.6977732e+02		3.5467212e+02		6.9972726e+02		5.6095331e+02		2.1553039e+02		3.4542293e+02
3.8700000e+02		3.8800000e+02		3.8750000e+02		6.6902499e+02		3.5507276e+02		7.0006742e+02		5.6132528e+02		2.1381803e+02		3.4750725e+02
3.8800000e+02		3.8900000e+02		3.8850000e+02		6.7841027e+02		3.6085516e+02		7.1101601e+02		5.7020311e+02		2.1533138e+02		3.5487173e+02
3.8900000e+02		3.9000000e+02		3.8950000e+02		8.1451188e+02		4.3420172e+02		8.5499795e+02		6.8578733e+02		2.5675304e+02		4.2903428e+02
3.9000000e+02		3.9100000e+02		3.9050000e+02		8.5560997e+02		4.5710676e+02		8.9954150e+02		7.2163684e+02		2.6785199e+02		4.5378485e+02
3.9100000e+02		3.9200000e+02		3.9150000e+02		9.2006232e+02		4.9259963e+02		9.6879246e+02		7.7732042e+02		2.8603997e+02		4.9128045e+02
3.9200000e+02		3.9300000e+02		3.9250000e+02		7.0614281e+02		3.7887208e+02		7.4467265e+02		5.9759278e+02		2.1801337e+02		3.7957941e+02
3.9300000e+02		3.9400000e+02		3.9350000e+02		4.3291589e+02		2.3276409e+02		4.5722281e+02		3.6697566e+02		1.3272940e+02		2.3424626e+02
3.9400000e+02		3.9500000e+02		3.9450000e+02		7.1565803e+02		3.8558470e+02		7.5696139e+02		6.0764704e+02		2.1788855e+02		3.8975848e+02
3.9500000e+02		3.9600000e+02		3.9550000e+02		8.7888136e+02		4.7449955e+02		9.3096784e+02		7.4744543e+02		2.6571548e+02		4.8172995e+02
3.9600000e+02		3.9700000e+02		3.9650000e+02		6.0712893e+02		3.2844861e+02		6.4404185e+02		5.1716003e+02		1.8227115e+02		3.3488887e+02
3.9700000e+02		3.9800000e+02		3.9750000e+02		6.8053003e+02		3.6889659e+02		7.2293947e+02		5.8060097e+02		2.0287465e+02		3.7772633e+02
3.9800000e+02		3.9900000e+02		3.9850000e+02		1.0480559e+03		5.6924994e+02		1.1149456e+03		8.9555741e+02		3.1024305e+02		5.8531437e+02
3.9900000e+02		4.0000000e+02		3.9950000e+02		1.1577145e+03		6.3004441e+02		1.2333264e+03		9.9078780e+02		3.4029020e+02		6.5049760e+02
4.0000000e+02		4.0100000e+02		4.0050000e+02		1.1939713e+03		6.5103595e+02		1.2737106e+03		1.0233760e+03		3.4847038e+02		6.7490557e+02
4.0100000e+02		4.0200000e+02		4.0150000e+02		1.2509583e+03		6.8341686e+02		1.3363280e+03		1.0738370e+03		3.6252061e+02		7.1131641e+02
4.0200000e+02		4.0300000e+02		4.0250000e+02		1.2664199e+03		6.9317495e+02		1.3546731e+03		1.0887287e+03		3.6440100e+02		7.2432771e+02
4.0300000e+02		4.0400000e+02		4.0350000e+02		1.2115903e+03		6.6440646e+02		1.2977540e+03		1.0431252e+03		3.4614963e+02		6.9697561e+02
4.0400000e+02		4.0500000e+02		4.0450000e+02		1.1914959e+03		6.5459736e+02		1.2779159e+03		1.0273166e+03		3.3798803e+02		6.8932858e+02
4.0500000e+02		4.0600000e+02		4.0550000e+02		1.1904731e+03		6.5523305e+02		1.2784857e+03		1.0279097e+03		3.3529238e+02		6.9261727e+02
4.0600000e+02		4.0700000e+02		4.0650000e+02		1.1388815e+03		6.2797188e+02		1.2246582e+03		9.8475925e+02		3.1847311e+02		6.6628614e+02
4.0700000e+02		4.0800000e+02		4.0750000e+02		1.1575323e+03		6.3939815e+02		1.2463017e+03		1.0022904e+03		3.2137535e+02		6.8091507e+02
4.0800000e+02		4.0900000e+02		4.0850000e+02		1.2307397e+03		6.8103942e+02		1.3267944e+03		1.0671572e+03		3.3925484e+02		7.2790234e+02
4.0900000e+02		4.1000000e+02		4.0950000e+02		1.2243097e+03		6.7866653e+02		1.3215082e+03		1.0630363e+03		3.3506332e+02		7.2797298e+02
4.1000000e+02		4.1100000e+02		4.1050000e+02		1.1216634e+03		6.2284248e+02		1.2122051e+03		9.7522987e+02		3.0476808e+02		6.7046179e+02
4.1100000e+02		4.1200000e+02		4.1150000e+02		1.3003372e+03		7.2329215e+02		1.4070141e+03		1.1320906e+03		3.5077608e+02		7.8131449e+02
4.1200000e+02		4.1300000e+02		4.1250000e+02		1.2760342e+03		7.1097416e+02		1.3823809e+03		1.1124012e+03		3.4174270e+02		7.7065850e+02
4.1300000e+02		4.1400000e+02		4.1350000e+02		1.2308584e+03		6.8694994e+02		1.3350285e+03		1.0744210e+03		3.2726838e+02		7.4715259e+02
4.1400000e+02		4.1500000e+02		4.1450000e+02		1.2488872e+03		6.9816421e+02		1.3561785e+03		1.0915666e+03		3.2966617e+02		7.6190039e+02
4.1500000e+02		4.1600000e+02		4.1550000e+02		1.2477523e+03		6.9866997e+02		1.3565239e+03		1.0919670e+03		3.2698752e+02		7.6497944e+02
4.1600000e+02		4.1700000e+02		4.1650000e+02		1.2947363e+03		7.2615014e+02		1.4092244e+03		1.1345147e+03		3.3684667e+02		7.9766800e+02
4.1700000e+02		4.1800000e+02		4.1750000e+02		1.1781342e+03		6.6181018e+02		1.2837715e+03		1.0336295e+03		3.0429199e+02		7.2933748e+02
4.1800000e+02		4.1900000e+02		4.1850000e+02		1.2217101e+03		6.8737335e+02		1.3327533e+03		1.0731819e+03		3.1326046e+02		7.5992148e+02
4.1900000e+02		4.2000000e+02		4.1950000e+02		1.2338424e+03		6.9528432e+02		1.3474866e+03		1.0851600e+03		3.1407672e+02		7.7108328e+02
4.2000000e+02		4.2100000e+02		4.2050000e+02		1.2494927e+03		7.0519163e+02		1.3660803e+03		1.1002481e+03		3.1575158e+02		7.8449647e+02
4.2100000e+02		4.2200000e+02		4.2150000e+02		1.2299982e+03		6.9525024e+02		1.3462305e+03		1.0843717e+03		3.0856688e+02		7.7580477e+02
4.2200000e+02		4.2300000e+02		4.2250000e+02		1.1657134e+03		6.5990948e+02		1.2772441e+03		1.0289075e+03		2.9031337e+02		7.3859413e+02
4.2300000e+02		4.2400000e+02		4.2350000e+02		1.2419943e+03		7.0414294e+02		1.3622717e+03		1.0975117e+03		3.0705969e+02		7.9045203e+02
4.2400000e+02		4.2500000e+02		4.2450000e+02		1.2850442e+03		7.2962680e+02		1.4109742e+03		1.1368597e+03		3.1538925e+02		8.2147046e+02
4.2500000e+02		4.2600000e+02		4.2550000e+02		1.2367256e+03		7.0321882e+02		1.3593340e+03		1.0953571e+03		3.0131835e+02		7.9403872e+02
4.2600000e+02		4.2700000e+02		4.2650000e+02		1.2316584e+03		7.0135008e+02		1.3551580e+03		1.0920954e+03		2.9789543e+02		7.9419997e+02
4.2700000e+02		4.2800000e+02		4.2750000e+02		1.1420512e+03		6.5125444e+02		1.2578450e+03		1.0137673e+03		2.7420700e+02		7.3956030e+02
4.2800000e+02		4.2900000e+02		4.2850000e+02		1.1495483e+03		6.5645670e+02		1.2673770e+03		1.0215435e+03		2.7399190e+02		7.4755158e+02
4.2900000e+02		4.3000000e+02		4.2950000e+02		1.0698649e+03		6.1180753e+02		1.1807006e+03		9.5176583e+02		2.5313680e+02		6.9862903e+02
4.3000000e+02		4.3100000e+02		4.3050000e+02		8.6065012e+02		4.9284789e+02		9.5074699e+02		7.6646798e+02		2.0214697e+02		5.6432101e+02
4.3100000e+02		4.3200000e+02		4.3150000e+02		1.0641754e+03		6.1022965e+02		1.1767233e+03		9.4872765e+02		2.4812275e+02		7.0060490e+02
4.3200000e+02		4.3300000e+02		4.3250000e+02		1.1990384e+03		6.8849461e+02		1.3271268e+03		1.0700824e+03		2.7752229e+02		7.9256009e+02
4.3300000e+02		4.3400000e+02		4.3350000e+02		1.3017454e+03		7.4847012e+02		1.4421785e+03		1.1629495e+03		2.9908936e+02		8.6386009e+02
4.3400000e+02		4.3500000e+02		4.3450000e+02		1.1054356e+03		6.3643861e+02		1.2258449e+03		9.8858462e+02		2.5212585e+02		7.3645877e+02
4.3500000e+02		4.3600000e+02		4.3550000e+02		1.2347447e+03		7.1181751e+02		1.3705154e+03		1.1053459e+03		2.7955615e+02		8.2578976e+02
4.3600000e+02		4.3700000e+02		4.3650000e+02		1.3814970e+03		7.9745045e+02		1.5348184e+03		1.2379603e+03		3.1049088e+02		9.2746938e+02
4.3700000e+02		4.3800000e+02		4.3750000e+02		1.2223713e+03		7.0650152e+02		1.3592713e+03		1.0964549e+03		2.7271450e+02		8.2374040e+02
4.3800000e+02		4.3900000e+02		4.3850000e+02		1.1905029e+03		6.8895459e+02		1.3250282e+03		1.0689175e+03		2.6365803e+02		8.0525943e+02
4.3900000e+02		4.4000000e+02		4.3950000e+02		1.3250738e+03		7.6779356e+02		1.4761217e+03		1.1908996e+03		2.9131003e+02		8.9958954e+02
4.4000000e+02		4.4100000e+02		4.4050000e+02		1.2562739e+03		7.2883151e+02		1.4007147e+03		1.1301500e+03		2.7415994e+02		8.5599010e+02
4.4100000e+02		4.4200000e+02		4.4150000e+02		1.3817384e+03		8.0260387e+02		1.5419501e+03		1.2441985e+03		2.9932935e+02		9.4486918e+02
4.4200000e+02		4.4300000e+02		4.4250000e+02		1.4526378e+03		8.4481122e+02		1.6224708e+03		1.3092686e+03		3.1238078e+02		9.9688781e+02
4.4300000e+02		4.4400000e+02		4.4350000e+02		1.4050936e+03		8.1814232e+02		1.5707094e+03		1.2675927e+03		2.9994073e+02		9.6765198e+02
4.4400000e+02		4.4500000e+02		4.4450000e+02		1.4475318e+03		8.4385420e+02		1.6195179e+03		1.3070772e+03		3.0673359e+02		1.0003436e+03
4.4500000e+02		4.4600000e+02		4.4550000e+02		1.3420773e+03		7.8329802e+02		1.5027901e+03		1.2129556e+03		2.8230185e+02		9.3065379e+02
4.4600000e+02		4.4700000e+02		4.4650000e+02		1.3689269e+03		7.9989783e+02		1.5341235e+03		1.2383335e+03		2.8583764e+02		9.5249582e+02
4.4700000e+02		4.4800000e+02		4.4750000e+02		1.4837056e+03		8.6796335e+02		1.6641146e+03		1.3433550e+03		3.0753174e+02		1.0358232e+03
4.4800000e+02		4.4900000e+02		4.4850000e+02		1.4587166e+03		8.5431625e+02		1.6374125e+03		1.3218905e+03		3.0013478e+02		1.0217557e+03
4.4900000e+02		4.5000000e+02		4.4950000e+02		1.4737837e+03		8.6411261e+02		1.6556512e+03		1.3367053e+03		3.0101117e+02		1.0356941e+03
4.5000000e+02		4.5100000e+02		4.5050000e+02		1.5636828e+03		9.1784413e+02		1.7580370e+03		1.4194622e+03		3.1703068e+02		1.1024315e+03
4.5100000e+02		4.5200000e+02		4.5150000e+02		1.5589734e+03		9.1608875e+02		1.7541175e+03		1.4163908e+03		3.1375851e+02		1.1026322e+03
4.5200000e+02		4.5300000e+02		4.5250000e+02		1.4757889e+03		8.6815367e+02		1.6618094e+03		1.3419423e+03		2.9483953e+02		1.0471028e+03
4.5300000e+02		4.5400000e+02		4.5350000e+02		1.4141855e+03		8.3281259e+02		1.5936642e+03		1.2869962e+03		2.8046137e+02		1.0065348e+03
4.5400000e+02		4.5500000e+02		4.5450000e+02		1.5096596e+03		8.8998676e+02		1.7025482e+03		1.3750146e+03		2.9720187e+02		1.0778127e+03
4.5500000e+02		4.5600000e+02		4.5550000e+02		1.4952815e+03		8.8244210e+02		1.6876013e+03		1.3630280e+03		2.9221465e+02		1.0708134e+03
4.5600000e+02		4.5700000e+02		4.5650000e+02		1.5527317e+03		9.1730470e+02		1.7537447e+03		1.4165373e+03		3.0121926e+02		1.1153180e+03
4.5700000e+02		4.5800000e+02		4.5750000e+02		1.5677329e+03		9.2712536e+02		1.7719918e+03		1.4313626e+03		3.0190236e+02		1.1294603e+03
4.5800000e+02		4.5900000e+02		4.5850000e+02		1.4734199e+03		8.7224285e+02		1.6666044e+03		1.3463143e+03		2.8166312e+02		1.0646512e+03
4.5900000e+02		4.6000000e+02		4.5950000e+02		1.5222067e+03		9.0203706e+02		1.7230293e+03		1.3919775e+03		2.8885977e+02		1.1031177e+03
4.6000000e+02		4.6100000e+02		4.6050000e+02		1.5039223e+03		8.9209568e+02		1.7035474e+03		1.3763188e+03		2.8330213e+02		1.0930167e+03
4.6100000e+02		4.6200000e+02		4.6150000e+02		1.5386000e+03		9.1357147e+02		1.7440587e+03		1.4091294e+03		2.8771485e+02		1.1214146e+03
4.6200000e+02		4.6300000e+02		4.6250000e+02		1.5538294e+03		9.2352026e+02		1.7625527e+03		1.4241524e+03		2.8843844e+02		1.1357140e+03
4.6300000e+02		4.6400000e+02		4.6350000e+02		1.5018384e+03		8.9348688e+02		1.7047560e+03		1.3775294e+03		2.7674990e+02		1.1007795e+03
4.6400000e+02		4.6500000e+02		4.6450000e+02		1.5281564e+03		9.1001866e+02		1.7358171e+03		1.4027057e+03		2.7954248e+02		1.1231632e+03
4.6500000e+02		4.6600000e+02		4.6550000e+02		1.4760608e+03		8.7983239e+02		1.6777779e+03		1.3558783e+03		2.6804106e+02		1.0878372e+03
4.6600000e+02		4.6700000e+02		4.6650000e+02		1.4854121e+03		8.8624053e+02		1.6895390e+03		1.3654562e+03		2.6777036e+02		1.0976858e+03
4.6700000e+02		4.6800000e+02		4.6750000e+02		1.4997486e+03		8.9562841e+02		1.7069774e+03		1.3796227e+03		2.6838232e+02		1.1112404e+03
4.6800000e+02		4.6900000e+02		4.6850000e+02		1.4665907e+03		8.7663520e+02		1.6703341e+03		1.3500772e+03		2.6053482e+02		1.0895424e+03
4.6900000e+02		4.7000000e+02		4.6950000e+02		1.5086728e+03		9.0261287e+02		1.7193791e+03		1.3897904e+03		2.6605710e+02		1.1237333e+03
4.7000000e+02		4.7100000e+02		4.7050000e+02		1.4256243e+03		8.5369742e+02		1.6257769e+03		1.3141978e+03		2.4957980e+02		1.0646180e+03
4.7100000e+02		4.7200000e+02		4.7150000e+02		1.4904926e+03		8.9334069e+02		1.7008347e+03		1.3749399e+03		2.5903615e+02		1.1159038e+03
4.7200000e+02		4.7300000e+02		4.7250000e+02		1.5269264e+03		9.1598812e+02		1.7435083e+03		1.4095067e+03		2.6343687e+02		1.1460699e+03
4.7300000e+02		4.7400000e+02		4.7350000e+02		1.4995420e+03		9.0034904e+02		1.7133077e+03		1.3851595e+03		2.5683059e+02		1.1283289e+03
4.7400000e+02		4.7500000e+02		4.7450000e+02		1.5448084e+03		9.2833250e+02		1.7661168e+03		1.4279231e+03		2.6266015e+02		1.1652630e+03
4.7500000e+02		4.7600000e+02		4.7550000e+02		1.5413846e+03		9.2707056e+02		1.7632796e+03		1.4256972e+03		2.6017400e+02		1.1655232e+03
4.7600000e+02		4.7700000e+02		4.7650000e+02		1.4853490e+03		8.9412728e+02		1.7002052e+03		1.3747632e+03		2.4889524e+02		1.1258679e+03
4.7700000e+02		4.7800000e+02		4.7750000e+02		1.5508368e+03		9.3433424e+02		1.7762289e+03		1.4363017e+03		2.5798313e+02		1.1783186e+03
4.7800000e+02		4.7900000e+02		4.7850000e+02		1.5358791e+03		9.2609349e+02		1.7601402e+03		1.4233573e+03		2.5364211e+02		1.1697152e+03
4.7900000e+02		4.8000000e+02		4.7950000e+02		1.5403519e+03		9.2955640e+02		1.7663020e+03		1.4284049e+03		2.5253724e+02		1.1758676e+03
4.8000000e+02		4.8100000e+02		4.8050000e+02		1.5442750e+03		9.3268464e+02		1.7718293e+03		1.4329389e+03		2.5134678e+02		1.1815921e+03
4.8100000e+02		4.8200000e+02		4.8150000e+02		1.5475498e+03		9.3541783e+02		1.7766079e+03		1.4368669e+03		2.5005678e+02		1.1868101e+03
4.8200000e+02		4.8300000e+02		4.8250000e+02		1.5416562e+03		9.3260095e+02		1.7708496e+03		1.4322722e+03		2.4730278e+02		1.1849695e+03
4.8300000e+02		4.8400000e+02		4.8350000e+02		1.5183412e+03		9.1922436e+02		1.7450515e+03		1.4114674e+03		2.4180234e+02		1.1696650e+03
4.8400000e+02		4.8500000e+02		4.8450000e+02		1.4920771e+03		9.0403200e+02		1.7158227e+03		1.3878850e+03		2.3590343e+02		1.1519815e+03
4.8500000e+02		4.8600000e+02		4.8550000e+02		1.4021236e+03		8.5018969e+02		1.6132709e+03		1.3049882e+03		2.2008145e+02		1.0849068e+03
4.8600000e+02		4.8700000e+02		4.8650000e+02		1.2173217e+03		7.3870074e+02		1.4014056e+03		1.1336556e+03		1.8969634e+02		9.4395927e+02
4.8700000e+02		4.8800000e+02		4.8750000e+02		1.3927585e+03		8.4580316e+02		1.6042403e+03		1.2977902e+03		2.1547068e+02		1.0823195e+03
4.8800000e+02		4.8900000e+02		4.8850000e+02		1.4651201e+03		8.9041763e+02		1.6884943e+03		1.3660049e+03		2.2503328e+02		1.1409716e+03
4.8900000e+02		4.9000000e+02		4.8950000e+02		1.4372192e+03		8.7411249e+02		1.6572189e+03		1.3407563e+03		2.1915939e+02		1.1215969e+03
4.9000000e+02		4.9100000e+02		4.9050000e+02		1.5307557e+03		9.3168862e+02		1.7660010e+03		1.4288217e+03		2.3174425e+02		1.1970775e+03
4.9100000e+02		4.9200000e+02		4.9150000e+02		1.4425606e+03		8.7865096e+02		1.6651182e+03		1.3472528e+03		2.1682313e+02		1.1304297e+03
4.9200000e+02		4.9300000e+02		4.9250000e+02		1.3729411e+03		8.3685173e+02		1.5855744e+03		1.2829430e+03		2.0487758e+02		1.0780654e+03
4.9300000e+02		4.9400000e+02		4.9350000e+02		1.4509629e+03		8.8504248e+02		1.6765347e+03		1.3565937e+03		2.1496727e+02		1.1416264e+03
4.9400000e+02		4.9500000e+02		4.9450000e+02		1.4929449e+03		9.1129654e+02		1.7259148e+03		1.3966028e+03		2.1960180e+02		1.1770010e+03
4.9500000e+02		4.9600000e+02		4.9550000e+02		1.4663156e+03		8.9567098e+02		1.6959781e+03		1.3724290e+03		2.1414023e+02		1.1582888e+03
4.9600000e+02		4.9700000e+02		4.9650000e+02		1.4846220e+03		9.0748418e+02		1.7180023e+03		1.3903025e+03		2.1526231e+02		1.1750402e+03
4.9700000e+02		4.9800000e+02		4.9750000e+02		1.5123203e+03		9.2505193e+02		1.7509131e+03		1.4169870e+03		2.1771074e+02		1.1992763e+03
4.9800000e+02		4.9900000e+02		4.9850000e+02		1.3744029e+03		8.4126465e+02		1.5920099e+03		1.2884352e+03		1.9644311e+02		1.0919921e+03
4.9900000e+02		5.0000000e+02		4.9950000e+02		1.4721832e+03		9.0172433e+02		1.7060918e+03		1.3808120e+03		2.0891708e+02		1.1718949e+03
