Left Bin Edge (nm)	Right Bin Edge (nm)	Bin Center (nm)		Top of Atm Intensity (erg/s/nm/cm2)		Total Surface Flux (erg/s/nm/cm2)		Total Intensity at BOA (erg/s/nm/cm2)		Total Surface Intensity (erg/s/nm/cm2)		Total Surface Diffuse Intensity (erg/s/nm/cm2)		Total Surface Direct Intensity (erg/s/nm/cm2)
1.0000000e+02		1.0100000e+02		1.0050000e+02		4.4569042e-02		0.0000000e+00		0.0000000e+00		0.0000000e+00		0.0000000e+00		0.0000000e+00
1.0100000e+02		1.0200000e+02		1.0150000e+02		1.7387199e-01		0.0000000e+00		0.0000000e+00		0.0000000e+00		0.0000000e+00		0.0000000e+00
1.0200000e+02		1.0300000e+02		1.0250000e+02		9.2286085e-01		0.0000000e+00		0.0000000e+00		0.0000000e+00		0.0000000e+00		0.0000000e+00
1.0300000e+02		1.0400000e+02		1.0350000e+02		7.0094286e-01		0.0000000e+00		0.0000000e+00		0.0000000e+00		0.0000000e+00		0.0000000e+00
1.0400000e+02		1.0500000e+02		1.0450000e+02		1.4124828e-01		0.0000000e+00		0.0000000e+00		0.0000000e+00		0.0000000e+00		0.0000000e+00
1.0500000e+02		1.0600000e+02		1.0550000e+02		4.8389941e-02		0.0000000e+00		0.0000000e+00		0.0000000e+00		0.0000000e+00		0.0000000e+00
1.0600000e+02		1.0700000e+02		1.0650000e+02		4.5487167e-02		0.0000000e+00		0.0000000e+00		0.0000000e+00		0.0000000e+00		0.0000000e+00
1.0700000e+02		1.0800000e+02		1.0750000e+02		5.0757295e-02		0.0000000e+00		0.0000000e+00		0.0000000e+00		0.0000000e+00		0.0000000e+00
1.0800000e+02		1.0900000e+02		1.0850000e+02		7.1152114e-02		0.0000000e+00		0.0000000e+00		0.0000000e+00		0.0000000e+00		0.0000000e+00
1.0900000e+02		1.1000000e+02		1.0950000e+02		5.5817450e-02		0.0000000e+00		0.0000000e+00		0.0000000e+00		0.0000000e+00		0.0000000e+00
1.1000000e+02		1.1100000e+02		1.1050000e+02		5.4043772e-02		0.0000000e+00		0.0000000e+00		0.0000000e+00		0.0000000e+00		0.0000000e+00
1.1100000e+02		1.1200000e+02		1.1150000e+02		5.0797691e-02		0.0000000e+00		0.0000000e+00		0.0000000e+00		0.0000000e+00		0.0000000e+00
1.1200000e+02		1.1300000e+02		1.1250000e+02		5.1969037e-02		0.0000000e+00		0.0000000e+00		0.0000000e+00		0.0000000e+00		0.0000000e+00
1.1300000e+02		1.1400000e+02		1.1350000e+02		4.1221387e-02		0.0000000e+00		0.0000000e+00		0.0000000e+00		0.0000000e+00		0.0000000e+00
1.1400000e+02		1.1500000e+02		1.1450000e+02		3.1562600e-02		0.0000000e+00		0.0000000e+00		0.0000000e+00		0.0000000e+00		0.0000000e+00
1.1500000e+02		1.1600000e+02		1.1550000e+02		4.3552050e-02		0.0000000e+00		0.0000000e+00		0.0000000e+00		0.0000000e+00		0.0000000e+00
1.1600000e+02		1.1700000e+02		1.1650000e+02		1.0143732e-01		0.0000000e+00		0.0000000e+00		0.0000000e+00		0.0000000e+00		0.0000000e+00
1.1700000e+02		1.1800000e+02		1.1750000e+02		3.6108525e-01		0.0000000e+00		0.0000000e+00		0.0000000e+00		0.0000000e+00		0.0000000e+00
1.1800000e+02		1.1900000e+02		1.1850000e+02		1.2283927e-01		0.0000000e+00		0.0000000e+00		0.0000000e+00		0.0000000e+00		0.0000000e+00
1.1900000e+02		1.2000000e+02		1.1950000e+02		1.7115732e-01		0.0000000e+00		0.0000000e+00		0.0000000e+00		0.0000000e+00		0.0000000e+00
1.2000000e+02		1.2100000e+02		1.2050000e+02		9.3056497e-01		0.0000000e+00		0.0000000e+00		0.0000000e+00		0.0000000e+00		0.0000000e+00
1.2100000e+02		1.2200000e+02		1.2150000e+02		3.6941242e+01		0.0000000e+00		0.0000000e+00		0.0000000e+00		0.0000000e+00		0.0000000e+00
1.2200000e+02		1.2300000e+02		1.2250000e+02		2.4773856e-01		0.0000000e+00		0.0000000e+00		0.0000000e+00		0.0000000e+00		0.0000000e+00
1.2300000e+02		1.2400000e+02		1.2350000e+02		1.3344721e-01		0.0000000e+00		0.0000000e+00		0.0000000e+00		0.0000000e+00		0.0000000e+00
1.2400000e+02		1.2500000e+02		1.2450000e+02		1.0726631e-01		0.0000000e+00		0.0000000e+00		0.0000000e+00		0.0000000e+00		0.0000000e+00
1.2500000e+02		1.2600000e+02		1.2550000e+02		1.0471361e-01		0.0000000e+00		0.0000000e+00		0.0000000e+00		0.0000000e+00		0.0000000e+00
1.2600000e+02		1.2700000e+02		1.2650000e+02		1.4644878e-01		0.0000000e+00		0.0000000e+00		0.0000000e+00		0.0000000e+00		0.0000000e+00
1.2700000e+02		1.2800000e+02		1.2750000e+02		7.6659940e-02		0.0000000e+00		0.0000000e+00		0.0000000e+00		0.0000000e+00		0.0000000e+00
1.2800000e+02		1.2900000e+02		1.2850000e+02		6.1165494e-02		0.0000000e+00		0.0000000e+00		0.0000000e+00		0.0000000e+00		0.0000000e+00
1.2900000e+02		1.3000000e+02		1.2950000e+02		8.1594975e-02		0.0000000e+00		0.0000000e+00		0.0000000e+00		0.0000000e+00		0.0000000e+00
1.3000000e+02		1.3100000e+02		1.3050000e+02		6.7007791e-01		0.0000000e+00		0.0000000e+00		0.0000000e+00		0.0000000e+00		0.0000000e+00
1.3100000e+02		1.3200000e+02		1.3150000e+02		9.0731094e-02		0.0000000e+00		0.0000000e+00		0.0000000e+00		0.0000000e+00		0.0000000e+00
1.3200000e+02		1.3300000e+02		1.3250000e+02		7.0547730e-02		0.0000000e+00		0.0000000e+00		0.0000000e+00		0.0000000e+00		0.0000000e+00
1.3300000e+02		1.3400000e+02		1.3350000e+02		9.5357088e-01		0.0000000e+00		0.0000000e+00		0.0000000e+00		0.0000000e+00		0.0000000e+00
1.3400000e+02		1.3500000e+02		1.3450000e+02		6.5246966e-02		0.0000000e+00		0.0000000e+00		0.0000000e+00		0.0000000e+00		0.0000000e+00
1.3500000e+02		1.3600000e+02		1.3550000e+02		1.3692679e-01		0.0000000e+00		0.0000000e+00		0.0000000e+00		0.0000000e+00		0.0000000e+00
1.3600000e+02		1.3700000e+02		1.3650000e+02		8.9861989e-02		0.0000000e+00		0.0000000e+00		0.0000000e+00		0.0000000e+00		0.0000000e+00
1.3700000e+02		1.3800000e+02		1.3750000e+02		9.2282630e-02		0.0000000e+00		0.0000000e+00		0.0000000e+00		0.0000000e+00		0.0000000e+00
1.3800000e+02		1.3900000e+02		1.3850000e+02		9.4180145e-02		0.0000000e+00		0.0000000e+00		0.0000000e+00		0.0000000e+00		0.0000000e+00
1.3900000e+02		1.4000000e+02		1.3950000e+02		3.1801144e-01		0.0000000e+00		0.0000000e+00		0.0000000e+00		0.0000000e+00		0.0000000e+00
1.4000000e+02		1.4100000e+02		1.4050000e+02		2.7729440e-01		0.0000000e+00		0.0000000e+00		0.0000000e+00		0.0000000e+00		0.0000000e+00
1.4100000e+02		1.4200000e+02		1.4150000e+02		1.3359910e-01		0.0000000e+00		0.0000000e+00		0.0000000e+00		0.0000000e+00		0.0000000e+00
1.4200000e+02		1.4300000e+02		1.4250000e+02		1.4479671e-01		0.0000000e+00		0.0000000e+00		0.0000000e+00		0.0000000e+00		0.0000000e+00
1.4300000e+02		1.4400000e+02		1.4350000e+02		1.6064305e-01		0.0000000e+00		0.0000000e+00		0.0000000e+00		0.0000000e+00		0.0000000e+00
1.4400000e+02		1.4500000e+02		1.4450000e+02		1.5363637e-01		0.0000000e+00		0.0000000e+00		0.0000000e+00		0.0000000e+00		0.0000000e+00
1.4500000e+02		1.4600000e+02		1.4550000e+02		1.6382583e-01		0.0000000e+00		0.0000000e+00		0.0000000e+00		0.0000000e+00		0.0000000e+00
1.4600000e+02		1.4700000e+02		1.4650000e+02		1.9977093e-01		0.0000000e+00		0.0000000e+00		0.0000000e+00		0.0000000e+00		0.0000000e+00
1.4700000e+02		1.4800000e+02		1.4750000e+02		2.4643334e-01		0.0000000e+00		0.0000000e+00		0.0000000e+00		0.0000000e+00		0.0000000e+00
1.4800000e+02		1.4900000e+02		1.4850000e+02		2.4167300e-01		0.0000000e+00		0.0000000e+00		0.0000000e+00		0.0000000e+00		0.0000000e+00
1.4900000e+02		1.5000000e+02		1.4950000e+02		2.1832777e-01		0.0000000e+00		0.0000000e+00		0.0000000e+00		0.0000000e+00		0.0000000e+00
1.5000000e+02		1.5100000e+02		1.5050000e+02		2.4023073e-01		0.0000000e+00		0.0000000e+00		0.0000000e+00		0.0000000e+00		0.0000000e+00
1.5100000e+02		1.5200000e+02		1.5150000e+02		2.5258505e-01		0.0000000e+00		0.0000000e+00		0.0000000e+00		0.0000000e+00		0.0000000e+00
1.5200000e+02		1.5300000e+02		1.5250000e+02		3.2229547e-01		0.0000000e+00		0.0000000e+00		0.0000000e+00		0.0000000e+00		0.0000000e+00
1.5300000e+02		1.5400000e+02		1.5350000e+02		3.5701286e-01		0.0000000e+00		0.0000000e+00		0.0000000e+00		0.0000000e+00		0.0000000e+00
1.5400000e+02		1.5500000e+02		1.5450000e+02		9.5486931e-01		0.0000000e+00		0.0000000e+00		0.0000000e+00		0.0000000e+00		0.0000000e+00
1.5500000e+02		1.5600000e+02		1.5550000e+02		7.8587524e-01		0.0000000e+00		0.0000000e+00		0.0000000e+00		0.0000000e+00		0.0000000e+00
1.5600000e+02		1.5700000e+02		1.5650000e+02		4.6648084e-01		0.0000000e+00		0.0000000e+00		0.0000000e+00		0.0000000e+00		0.0000000e+00
1.5700000e+02		1.5800000e+02		1.5750000e+02		4.2309893e-01		0.0000000e+00		0.0000000e+00		0.0000000e+00		0.0000000e+00		0.0000000e+00
1.5800000e+02		1.5900000e+02		1.5850000e+02		3.9008072e-01		0.0000000e+00		0.0000000e+00		0.0000000e+00		0.0000000e+00		0.0000000e+00
1.5900000e+02		1.6000000e+02		1.5950000e+02		3.8042347e-01		0.0000000e+00		0.0000000e+00		0.0000000e+00		0.0000000e+00		0.0000000e+00
1.6000000e+02		1.6100000e+02		1.6050000e+02		4.1635449e-01		0.0000000e+00		0.0000000e+00		0.0000000e+00		0.0000000e+00		0.0000000e+00
1.6100000e+02		1.6200000e+02		1.6150000e+02		4.7164413e-01		0.0000000e+00		0.0000000e+00		0.0000000e+00		0.0000000e+00		0.0000000e+00
1.6200000e+02		1.6300000e+02		1.6250000e+02		5.2241459e-01		0.0000000e+00		0.0000000e+00		0.0000000e+00		0.0000000e+00		0.0000000e+00
1.6300000e+02		1.6400000e+02		1.6350000e+02		1.1072121e+00		0.0000000e+00		0.0000000e+00		0.0000000e+00		0.0000000e+00		0.0000000e+00
1.6400000e+02		1.6500000e+02		1.6450000e+02		1.1323318e+00		0.0000000e+00		0.0000000e+00		0.0000000e+00		0.0000000e+00		0.0000000e+00
1.6500000e+02		1.6600000e+02		1.6550000e+02		1.3255566e+00		0.0000000e+00		0.0000000e+00		0.0000000e+00		0.0000000e+00		0.0000000e+00
1.6600000e+02		1.6700000e+02		1.6650000e+02		6.2522883e-01		0.0000000e+00		0.0000000e+00		0.0000000e+00		0.0000000e+00		0.0000000e+00
1.6700000e+02		1.6800000e+02		1.6750000e+02		6.6723830e-01		0.0000000e+00		0.0000000e+00		0.0000000e+00		0.0000000e+00		0.0000000e+00
1.6800000e+02		1.6900000e+02		1.6850000e+02		7.1904320e-01		0.0000000e+00		0.0000000e+00		0.0000000e+00		0.0000000e+00		0.0000000e+00
1.6900000e+02		1.7000000e+02		1.6950000e+02		9.0554889e-01		0.0000000e+00		0.0000000e+00		0.0000000e+00		0.0000000e+00		0.0000000e+00
1.7000000e+02		1.7100000e+02		1.7050000e+02		1.0161854e+00		0.0000000e+00		0.0000000e+00		0.0000000e+00		0.0000000e+00		0.0000000e+00
1.7100000e+02		1.7200000e+02		1.7150000e+02		1.0130704e+00		0.0000000e+00		0.0000000e+00		0.0000000e+00		0.0000000e+00		0.0000000e+00
1.7200000e+02		1.7300000e+02		1.7250000e+02		1.0571150e+00		0.0000000e+00		0.0000000e+00		0.0000000e+00		0.0000000e+00		0.0000000e+00
1.7300000e+02		1.7400000e+02		1.7350000e+02		1.0479596e+00		0.0000000e+00		0.0000000e+00		0.0000000e+00		0.0000000e+00		0.0000000e+00
1.7400000e+02		1.7500000e+02		1.7450000e+02		1.2530722e+00		0.0000000e+00		0.0000000e+00		0.0000000e+00		0.0000000e+00		0.0000000e+00
1.7500000e+02		1.7600000e+02		1.7550000e+02		1.4954862e+00		0.0000000e+00		0.0000000e+00		0.0000000e+00		0.0000000e+00		0.0000000e+00
1.7600000e+02		1.7700000e+02		1.7650000e+02		1.6135596e+00		0.0000000e+00		0.0000000e+00		0.0000000e+00		0.0000000e+00		0.0000000e+00
1.7700000e+02		1.7800000e+02		1.7750000e+02		1.9010195e+00		0.0000000e+00		0.0000000e+00		0.0000000e+00		0.0000000e+00		0.0000000e+00
1.7800000e+02		1.7900000e+02		1.7850000e+02		2.0776624e+00		0.0000000e+00		0.0000000e+00		0.0000000e+00		0.0000000e+00		0.0000000e+00
1.7900000e+02		1.8000000e+02		1.7950000e+02		2.0198657e+00		0.0000000e+00		0.0000000e+00		0.0000000e+00		0.0000000e+00		0.0000000e+00
1.8000000e+02		1.8100000e+02		1.8050000e+02		2.4976225e+00		0.0000000e+00		0.0000000e+00		0.0000000e+00		0.0000000e+00		0.0000000e+00
1.8100000e+02		1.8200000e+02		1.8150000e+02		3.0410490e+00		0.0000000e+00		0.0000000e+00		0.0000000e+00		0.0000000e+00		0.0000000e+00
1.8200000e+02		1.8300000e+02		1.8250000e+02		2.8073836e+00		0.0000000e+00		0.0000000e+00		0.0000000e+00		0.0000000e+00		0.0000000e+00
1.8300000e+02		1.8400000e+02		1.8350000e+02		2.9562417e+00		0.0000000e+00		0.0000000e+00		0.0000000e+00		0.0000000e+00		0.0000000e+00
1.8400000e+02		1.8500000e+02		1.8450000e+02		2.5409769e+00		0.0000000e+00		0.0000000e+00		0.0000000e+00		0.0000000e+00		0.0000000e+00
1.8500000e+02		1.8600000e+02		1.8550000e+02		2.8735562e+00		0.0000000e+00		0.0000000e+00		0.0000000e+00		0.0000000e+00		0.0000000e+00
1.8600000e+02		1.8700000e+02		1.8650000e+02		3.2604304e+00		0.0000000e+00		0.0000000e+00		0.0000000e+00		0.0000000e+00		0.0000000e+00
1.8700000e+02		1.8800000e+02		1.8750000e+02		3.6946466e+00		0.0000000e+00		0.0000000e+00		0.0000000e+00		0.0000000e+00		0.0000000e+00
1.8800000e+02		1.8900000e+02		1.8850000e+02		3.8870616e+00		0.0000000e+00		0.0000000e+00		0.0000000e+00		0.0000000e+00		0.0000000e+00
1.8900000e+02		1.9000000e+02		1.8950000e+02		4.3106081e+00		0.0000000e+00		0.0000000e+00		0.0000000e+00		0.0000000e+00		0.0000000e+00
1.9000000e+02		1.9100000e+02		1.9050000e+02		4.4384288e+00		0.0000000e+00		0.0000000e+00		0.0000000e+00		0.0000000e+00		0.0000000e+00
1.9100000e+02		1.9200000e+02		1.9150000e+02		4.8094361e+00		0.0000000e+00		0.0000000e+00		0.0000000e+00		0.0000000e+00		0.0000000e+00
1.9200000e+02		1.9300000e+02		1.9250000e+02		5.0365493e+00		4.5756426e-296		0.0000000e+00		6.9712355e-296		7.9513832e-297		6.1760972e-296
1.9300000e+02		1.9400000e+02		1.9350000e+02		3.8447944e+00		1.0885765e-206		0.0000000e+00		1.6694066e-206		2.7065070e-207		1.3987559e-206
1.9400000e+02		1.9500000e+02		1.9450000e+02		6.1679797e+00		1.1899681e-163		0.0000000e+00		1.8344401e-163		3.6717863e-164		1.4672614e-163
1.9500000e+02		1.9600000e+02		1.9550000e+02		5.9528271e+00		2.1686927e-110		0.0000000e+00		3.3855826e-110		9.8571232e-111		2.3998703e-110
1.9600000e+02		1.9700000e+02		1.9650000e+02		6.5508102e+00		1.6693662e-88		3.4028715e-81		2.6296899e-88		9.3524825e-89		1.6944417e-88
1.9700000e+02		1.9800000e+02		1.9750000e+02		6.5190955e+00		6.7260493e-68		3.2050837e-62		1.0744923e-67		4.8865232e-68		5.8583999e-68
1.9800000e+02		1.9900000e+02		1.9850000e+02		6.3883794e+00		4.2818205e-48		5.6793320e-44		7.0159163e-48		4.4237022e-48		2.5922141e-48
1.9900000e+02		2.0000000e+02		1.9950000e+02		6.7274707e+00		9.7266818e-37		1.7044239e-33		1.6330768e-36		1.2988074e-36		3.3426933e-37
2.0000000e+02		2.0100000e+02		2.0050000e+02		7.1125146e+00		1.4862984e-29		7.1914432e-27		2.5368366e-29		2.2940178e-29		2.4281881e-30
2.0100000e+02		2.0200000e+02		2.0150000e+02		7.5701275e+00		2.3188214e-20		2.0762342e-18		4.0059836e-20		3.9390901e-20		6.6893461e-22
2.0200000e+02		2.0300000e+02		2.0250000e+02		7.4828608e+00		1.1501975e-18		7.5114475e-17		1.9882476e-18		1.9626575e-18		2.5590111e-20
2.0300000e+02		2.0400000e+02		2.0350000e+02		8.0092047e+00		4.0751196e-16		1.6684913e-14		7.0499537e-16		6.9958290e-16		5.4124648e-18
2.0400000e+02		2.0500000e+02		2.0450000e+02		8.6207445e+00		3.4393221e-14		9.9261001e-13		5.9522340e-14		5.9208576e-14		3.1376440e-16
2.0500000e+02		2.0600000e+02		2.0550000e+02		8.6400754e+00		1.7345618e-13		4.3987889e-12		3.0019626e-13		2.9865119e-13		1.5450682e-15
2.0600000e+02		2.0700000e+02		2.0650000e+02		8.6510225e+00		2.0817593e-12		4.3301608e-11		3.6032549e-12		3.5873425e-12		1.5912490e-14
2.0700000e+02		2.0800000e+02		2.0750000e+02		9.3957826e+00		2.2979255e-11		3.9749493e-10		3.9777717e-11		3.9625457e-11		1.5226027e-13
2.0800000e+02		2.0900000e+02		2.0850000e+02		1.0163489e+01		6.9075078e-11		1.1014244e-09		1.1956804e-10		1.1909217e-10		4.7586606e-13
2.0900000e+02		2.1000000e+02		2.0950000e+02		1.3129215e+01		8.7556763e-10		1.1656237e-08		1.5157332e-09		1.5105901e-09		5.1431105e-12
2.1000000e+02		2.1100000e+02		2.1050000e+02		1.6183343e+01		2.3623162e-09		2.9550277e-08		4.0893682e-09		4.0745860e-09		1.4782256e-11
2.1100000e+02		2.1200000e+02		2.1150000e+02		1.8424170e+01		1.6219795e-08		1.7619382e-07		2.8079382e-08		2.7987922e-08		9.1459606e-11
2.1200000e+02		2.1300000e+02		2.1250000e+02		1.6428561e+01		5.8194297e-08		5.6691317e-07		1.0074723e-07		1.0043489e-07		3.1234497e-10
2.1300000e+02		2.1400000e+02		2.1350000e+02		1.6737981e+01		1.4781223e-07		1.3404687e-06		2.5589285e-07		2.5508073e-07		8.1211950e-10
2.1400000e+02		2.1500000e+02		2.1450000e+02		2.1432541e+01		8.8318321e-07		7.1105062e-06		1.5290355e-06		1.5246160e-06		4.4194920e-09
2.1500000e+02		2.1600000e+02		2.1550000e+02		1.8408135e+01		1.5878594e-06		1.2069644e-05		2.7489751e-06		2.7407014e-06		8.2736946e-09
2.1600000e+02		2.1700000e+02		2.1650000e+02		1.7036901e+01		5.7737936e-06		3.9540145e-05		9.9962298e-06		9.9685599e-06		2.7669947e-08
2.1700000e+02		2.1800000e+02		2.1750000e+02		1.7640866e+01		1.4494495e-05		9.2786627e-05		2.5094495e-05		2.5025181e-05		6.9313920e-08
2.1800000e+02		2.1900000e+02		2.1850000e+02		2.3730294e+01		5.1826150e-05		3.0824239e-04		8.9728335e-05		8.9487578e-05		2.4075741e-07
2.1900000e+02		2.2000000e+02		2.1950000e+02		2.5052511e+01		1.4324177e-04		7.9313986e-04		2.4800288e-04		2.4736105e-04		6.4182951e-07
2.2000000e+02		2.2100000e+02		2.2050000e+02		2.5203754e+01		2.6711503e-04		1.4123794e-03		4.6246634e-04		4.6123337e-04		1.2329696e-06
2.2100000e+02		2.2200000e+02		2.2150000e+02		2.0176768e+01		5.5391860e-04		2.7337621e-03		9.5904089e-04		9.5661791e-04		2.4229855e-06
2.2200000e+02		2.2300000e+02		2.2250000e+02		2.7154039e+01		1.4048166e-03		6.6219089e-03		2.4322548e-03		2.4260470e-03		6.2077576e-06
2.2300000e+02		2.2400000e+02		2.2350000e+02		3.5163062e+01		4.0479741e-03		1.8036040e-02		7.0086419e-03		6.9914544e-03		1.7187482e-05
2.2400000e+02		2.2500000e+02		2.2450000e+02		3.2875934e+01		6.3268131e-03		2.7180033e-02		1.0954113e-02		1.0926603e-02		2.7509346e-05
2.2500000e+02		2.2600000e+02		2.2550000e+02		2.8720078e+01		1.0446094e-02		4.2957092e-02		1.8086269e-02		1.8041621e-02		4.4648052e-05
2.2600000e+02		2.2700000e+02		2.2650000e+02		2.1037217e+01		1.3006617e-02		5.1588741e-02		2.2519507e-02		2.2463742e-02		5.5764654e-05
2.2700000e+02		2.2800000e+02		2.2750000e+02		2.0463841e+01		2.1458769e-02		8.2168871e-02		3.7153537e-02		3.7061993e-02		9.1544409e-05
2.2800000e+02		2.2900000e+02		2.2850000e+02		2.8509984e+01		5.0231559e-02		1.8595800e-01		8.6970893e-02		8.6759075e-02		2.1181852e-04
2.2900000e+02		2.3000000e+02		2.2950000e+02		2.5620938e+01		7.1404044e-02		2.5667595e-01		1.2362899e-01		1.2332837e-01		3.0062883e-04
2.3000000e+02		2.3100000e+02		2.3050000e+02		2.9055844e+01		1.2214455e-01		4.2779487e-01		2.1148065e-01		2.1096332e-01		5.1733364e-04
2.3100000e+02		2.3200000e+02		2.3150000e+02		2.7387429e+01		1.7155099e-01		5.8619524e-01		2.9702258e-01		2.9629453e-01		7.2804564e-04
2.3200000e+02		2.3300000e+02		2.3250000e+02		2.9413108e+01		2.6135356e-01		8.7409937e-01		4.5250421e-01		4.5138139e-01		1.1228214e-03
2.3300000e+02		2.3400000e+02		2.3350000e+02		2.6543685e+01		3.2565775e-01		1.0680944e+00		5.6383629e-01		5.6241548e-01		1.4208162e-03
2.3400000e+02		2.3500000e+02		2.3450000e+02		2.3194371e+01		3.8104508e-01		1.2280135e+00		6.5972721e-01		6.5802954e-01		1.6976654e-03
2.3500000e+02		2.3600000e+02		2.3550000e+02		3.1223226e+01		6.7020441e-01		2.1256972e+00		1.1603552e+00		1.1572940e+00		3.0612429e-03
2.3600000e+02		2.3700000e+02		2.3650000e+02		2.8911473e+01		7.9842784e-01		2.4950123e+00		1.3823396e+00		1.3785982e+00		3.7414515e-03
2.3700000e+02		2.3800000e+02		2.3750000e+02		3.0878004e+01		1.0714006e+00		3.3032133e+00		1.8549206e+00		1.8497442e+00		5.1764377e-03
2.3800000e+02		2.3900000e+02		2.3850000e+02		2.5598090e+01		1.0917672e+00		3.3250371e+00		1.8901520e+00		1.8846864e+00		5.4655886e-03
2.3900000e+02		2.4000000e+02		2.3950000e+02		2.7890834e+01		1.4312622e+00		4.3107987e+00		2.4778658e+00		2.4704009e+00		7.4648821e-03
2.4000000e+02		2.4100000e+02		2.4050000e+02		2.5623038e+01		1.5555323e+00		4.6373977e+00		2.6929502e+00		2.6844645e+00		8.4857056e-03
2.4100000e+02		2.4200000e+02		2.4150000e+02		3.0005079e+01		2.1150967e+00		6.2470074e+00		3.6615808e+00		3.6494477e+00		1.2133157e-02
2.4200000e+02		2.4300000e+02		2.4250000e+02		4.1301739e+01		3.3346313e+00		9.7639202e+00		5.7726333e+00		5.7524509e+00		2.0182387e-02
2.4300000e+02		2.4400000e+02		2.4350000e+02		3.8791639e+01		3.5231803e+00		1.0234920e+01		6.0988312e+00		6.0761977e+00		2.2633421e-02
2.4400000e+02		2.4500000e+02		2.4450000e+02		3.6329084e+01		3.6399722e+00		1.0499365e+01		6.3007550e+00		6.2757545e+00		2.5000502e-02
2.4500000e+02		2.4600000e+02		2.4550000e+02		2.9476122e+01		3.2165962e+00		9.2173077e+00		5.5676448e+00		5.5439296e+00		2.3715174e-02
2.4600000e+02		2.4700000e+02		2.4650000e+02		2.8685918e+01		3.4111474e+00		9.7112620e+00		5.9041230e+00		5.8772071e+00		2.6915878e-02
2.4700000e+02		2.4800000e+02		2.4750000e+02		3.1678139e+01		4.0493630e+00		1.1459258e+01		7.0083950e+00		6.9740353e+00		3.4359654e-02
2.4800000e+02		2.4900000e+02		2.4850000e+02		2.5406301e+01		3.4592447e+00		9.7342402e+00		5.9866995e+00		5.9550551e+00		3.1644343e-02
2.4900000e+02		2.5000000e+02		2.4950000e+02		3.0967514e+01		4.4433568e+00		1.2438169e+01		7.6893272e+00		7.6453534e+00		4.3973799e-02
2.5000000e+02		2.5100000e+02		2.5050000e+02		3.3448743e+01		4.9707946e+00		1.3850252e+01		8.6013886e+00		8.5477834e+00		5.3605231e-02
2.5100000e+02		2.5200000e+02		2.5150000e+02		2.7888154e+01		4.2779287e+00		1.1866354e+01		7.4018277e+00		7.3515774e+00		5.0250345e-02
2.5200000e+02		2.5300000e+02		2.5250000e+02		2.5069906e+01		4.0063471e+00		1.1060465e+01		6.9313358e+00		6.8804457e+00		5.0890138e-02
2.5300000e+02		2.5400000e+02		2.5350000e+02		3.1592540e+01		5.1677483e+00		1.4207888e+01		8.9397556e+00		8.8682382e+00		7.1517323e-02
2.5400000e+02		2.5500000e+02		2.5450000e+02		3.5730773e+01		5.9277583e+00		1.6235539e+01		1.0253334e+01		1.0163704e+01		8.9629996e-02
2.5500000e+02		2.5600000e+02		2.5550000e+02		4.8755658e+01		8.1599226e+00		2.2269073e+01		1.4112563e+01		1.3977662e+01		1.3490052e-01
2.5600000e+02		2.5700000e+02		2.5650000e+02		6.2803876e+01		1.0955028e+01		2.9759797e+01		1.8944666e+01		1.8750455e+01		1.9421135e-01
2.5700000e+02		2.5800000e+02		2.5750000e+02		7.8843355e+01		1.3697547e+01		3.7094606e+01		2.3683724e+01		2.3417497e+01		2.6622717e-01
2.5800000e+02		2.5900000e+02		2.5850000e+02		8.2991293e+01		1.4749730e+01		3.9787270e+01		2.5499508e+01		2.5190233e+01		3.0927477e-01
2.5900000e+02		2.6000000e+02		2.5950000e+02		7.0629481e+01		1.2284258e+01		3.3055651e+01		2.1233120e+01		2.0949318e+01		2.8380220e-01
2.6000000e+02		2.6100000e+02		2.6050000e+02		5.7868388e+01		9.9563190e+00		2.6717792e+01		1.7206006e+01		1.6954535e+01		2.5147115e-01
2.6100000e+02		2.6200000e+02		2.6150000e+02		5.9092703e+01		1.0161753e+01		2.7185942e+01		1.7557643e+01		1.7279075e+01		2.7856738e-01
2.6200000e+02		2.6300000e+02		2.6250000e+02		7.0528613e+01		1.2344634e+01		3.2906215e+01		2.1325414e+01		2.0962105e+01		3.6330892e-01
2.6300000e+02		2.6400000e+02		2.6350000e+02		1.0614195e+02		1.8886789e+01		5.0166415e+01		3.2620800e+01		3.2024702e+01		5.9609715e-01
2.6400000e+02		2.6500000e+02		2.6450000e+02		1.6548208e+02		2.9273469e+01		7.7540150e+01		5.0548667e+01		4.9548660e+01		1.0000068e+00
2.6500000e+02		2.6600000e+02		2.6550000e+02		1.7356948e+02		3.0901244e+01		8.1594364e+01		5.3347394e+01		5.2213628e+01		1.1337662e+00
2.6600000e+02		2.6700000e+02		2.6650000e+02		1.6826276e+02		2.9933469e+01		7.8812254e+01		5.1663764e+01		5.0482129e+01		1.1816356e+00
2.6700000e+02		2.6800000e+02		2.6750000e+02		1.6940220e+02		3.0457154e+01		7.9932339e+01		5.2554915e+01		5.1270362e+01		1.2845527e+00
2.6800000e+02		2.6900000e+02		2.6850000e+02		1.6778062e+02		3.0202568e+01		7.9036430e+01		5.2101564e+01		5.0736766e+01		1.3647985e+00
2.6900000e+02		2.7000000e+02		2.6950000e+02		1.5737310e+02		2.8748747e+01		7.4982888e+01		4.9580950e+01		4.8199815e+01		1.3811350e+00
2.7000000e+02		2.7100000e+02		2.7050000e+02		1.8181465e+02		3.2828413e+01		8.5421124e+01		5.6598732e+01		5.4904232e+01		1.6944999e+00
2.7100000e+02		2.7200000e+02		2.7150000e+02		1.5108640e+02		2.7165294e+01		7.0502314e+01		4.6820114e+01		4.5321071e+01		1.4990436e+00
2.7200000e+02		2.7300000e+02		2.7250000e+02		1.2154404e+02		2.1832307e+01		5.6510049e+01		3.7616300e+01		3.6332125e+01		1.2841754e+00
2.7300000e+02		2.7400000e+02		2.7350000e+02		1.2960124e+02		2.2884269e+01		5.9110540e+01		3.9413863e+01		3.7971143e+01		1.4427198e+00
2.7400000e+02		2.7500000e+02		2.7450000e+02		8.9183780e+01		1.6570668e+01		4.2610994e+01		2.8533512e+01		2.7447676e+01		1.0858363e+00
2.7500000e+02		2.7600000e+02		2.7550000e+02		1.1893609e+02		2.1461479e+01		5.5100384e+01		3.6938972e+01		3.5427979e+01		1.5109929e+00
2.7600000e+02		2.7700000e+02		2.7650000e+02		1.6564211e+02		3.0561397e+01		7.8196757e+01		5.2584981e+01		5.0326193e+01		2.2587882e+00
2.7700000e+02		2.7800000e+02		2.7750000e+02		1.5837296e+02		2.9010154e+01		7.4055848e+01		4.9895495e+01		4.7619512e+01		2.2759826e+00
2.7800000e+02		2.7900000e+02		2.7850000e+02		1.0921797e+02		2.0303138e+01		5.1669113e+01		3.4907566e+01		3.3234082e+01		1.6734840e+00
2.7900000e+02		2.8000000e+02		2.7950000e+02		6.1368404e+01		1.1287728e+01		2.8664531e+01		1.9398546e+01		1.8412115e+01		9.8643180e-01
2.8000000e+02		2.8100000e+02		2.8050000e+02		6.7313201e+01		1.2495890e+01		3.1642556e+01		2.1466314e+01		2.0319132e+01		1.1471821e+00
2.8100000e+02		2.8200000e+02		2.8150000e+02		1.3943196e+02		2.5117556e+01		6.3516914e+01		4.3125331e+01		4.0668179e+01		2.4571523e+00
2.8200000e+02		2.8300000e+02		2.8250000e+02		1.8983287e+02		3.7000086e+01		9.3064810e+01		6.3515664e+01		5.9823214e+01		3.6924498e+00
2.8300000e+02		2.8400000e+02		2.8350000e+02		1.9610227e+02		3.6830672e+01		9.2539502e+01		6.3187258e+01		5.9268407e+01		3.9188514e+00
2.8400000e+02		2.8500000e+02		2.8450000e+02		1.4459284e+02		2.7901846e+01		6.9866227e+01		4.7850959e+01		4.4766465e+01		3.0844943e+00
2.8500000e+02		2.8600000e+02		2.8550000e+02		9.2944992e+01		1.7636440e+01		4.4083746e+01		3.0229379e+01		2.8171796e+01		2.0575832e+00
2.8600000e+02		2.8700000e+02		2.8650000e+02		1.9045522e+02		3.7448615e+01		9.3260902e+01		6.4165225e+01		5.9648569e+01		4.5166559e+00
2.8700000e+02		2.8800000e+02		2.8750000e+02		2.2108403e+02		4.3297176e+01		1.0758900e+02		7.4147390e+01		6.8673642e+01		5.4737476e+00
2.8800000e+02		2.8900000e+02		2.8850000e+02		2.1010240e+02		4.1962249e+01		1.0395336e+02		7.1830036e+01		6.6322669e+01		5.5073662e+00
2.8900000e+02		2.9000000e+02		2.8950000e+02		3.1885068e+02		6.6147758e+01		1.6326026e+02		1.1318951e+02		1.0424420e+02		8.9453166e+00
2.9000000e+02		2.9100000e+02		2.9050000e+02		4.1860542e+02		8.4417981e+01		2.0809513e+02		1.4435665e+02		1.3231804e+02		1.2038613e+01
2.9100000e+02		2.9200000e+02		2.9150000e+02		4.0318642e+02		8.7370116e+01		2.1431284e+02		1.4937336e+02		1.3670974e+02		1.2663612e+01
2.9200000e+02		2.9300000e+02		2.9250000e+02		3.5818014e+02		7.3501346e+01		1.8025121e+02		1.2555972e+02		1.1424124e+02		1.1318482e+01
2.9300000e+02		2.9400000e+02		2.9350000e+02		3.7393440e+02		8.2800816e+01		2.0203375e+02		1.4141872e+02		1.2849374e+02		1.2924986e+01
2.9400000e+02		2.9500000e+02		2.9450000e+02		3.4819581e+02		7.5558021e+01		1.8409005e+02		1.2896131e+02		1.1660262e+02		1.2358687e+01
2.9500000e+02		2.9600000e+02		2.9550000e+02		3.7701055e+02		8.8822809e+01		2.1528452e+02		1.5157869e+02		1.3690298e+02		1.4675712e+01
2.9600000e+02		2.9700000e+02		2.9650000e+02		3.4493460e+02		7.6541853e+01		1.8551971e+02		1.3050219e+02		1.1708723e+02		1.3414963e+01
2.9700000e+02		2.9800000e+02		2.9750000e+02		3.5165811e+02		8.4306594e+01		2.0332222e+02		1.4371611e+02		1.2877975e+02		1.4936360e+01
2.9800000e+02		2.9900000e+02		2.9850000e+02		3.0223333e+02		6.8440738e+01		1.6504876e+02		1.1656179e+02		1.0373687e+02		1.2824924e+01
2.9900000e+02		3.0000000e+02		2.9950000e+02		3.4101318e+02		8.4903410e+01		2.0360893e+02		1.4458996e+02		1.2861866e+02		1.5971303e+01
3.0000000e+02		3.0100000e+02		3.0050000e+02		2.7131061e+02		6.4795152e+01		1.5529306e+02		1.1025035e+02		9.7444188e+01		1.2806164e+01
3.0100000e+02		3.0200000e+02		3.0150000e+02		3.1202593e+02		8.4336912e+01		2.0081231e+02		1.4351967e+02		1.2697164e+02		1.6548034e+01
3.0200000e+02		3.0300000e+02		3.0250000e+02		3.2846528e+02		8.1650301e+01		1.9459144e+02		1.3878819e+02		1.2173435e+02		1.7053848e+01
3.0300000e+02		3.0400000e+02		3.0350000e+02		4.2601061e+02		1.1982792e+02		2.8373940e+02		2.0371301e+02		1.7888568e+02		2.4827325e+01
3.0400000e+02		3.0500000e+02		3.0450000e+02		4.0776836e+02		1.0592262e+02		2.5100517e+02		1.7986494e+02		1.5656947e+02		2.3295473e+01
3.0500000e+02		3.0600000e+02		3.0550000e+02		4.1174793e+02		1.2051750e+02		2.8381516e+02		2.0467876e+02		1.7837126e+02		2.6307495e+01
3.0600000e+02		3.0700000e+02		3.0650000e+02		3.9053943e+02		1.0527910e+02		2.4814509e+02		1.7858258e+02		1.5420099e+02		2.4381591e+01
3.0700000e+02		3.0800000e+02		3.0750000e+02		4.3847484e+02		1.2981433e+02		3.0436067e+02		2.2019938e+02		1.9012440e+02		3.0074985e+01
3.0800000e+02		3.0900000e+02		3.0850000e+02		4.3035211e+02		1.2281415e+02		2.8774552e+02		2.0813328e+02		1.7843738e+02		2.9695901e+01
3.0900000e+02		3.1000000e+02		3.0950000e+02		3.4901328e+02		1.0576186e+02		2.4679023e+02		1.7919293e+02		1.5334947e+02		2.5843453e+01
3.1000000e+02		3.1100000e+02		3.1050000e+02		4.3927411e+02		1.3151709e+02		3.0641822e+02		2.2266090e+02		1.8942823e+02		3.3232670e+01
3.1100000e+02		3.1200000e+02		3.1150000e+02		5.2246540e+02		1.6216867e+02		3.7663277e+02		2.7444345e+02		2.3274603e+02		4.1697421e+01
3.1200000e+02		3.1300000e+02		3.1250000e+02		4.6521908e+02		1.4614294e+02		3.3862290e+02		2.4717736e+02		2.0866046e+02		3.8516898e+01
3.1300000e+02		3.1400000e+02		3.1350000e+02		4.9544367e+02		1.5658332e+02		3.6204879e+02		2.6466694e+02		2.2230661e+02		4.2360335e+01
3.1400000e+02		3.1500000e+02		3.1450000e+02		4.6729179e+02		1.5184901e+02		3.5010752e+02		2.5654482e+02		2.1468907e+02		4.1855750e+01
3.1500000e+02		3.1600000e+02		3.1550000e+02		4.5343123e+02		1.4677434e+02		3.3781909e+02		2.4779196e+02		2.0617395e+02		4.1618015e+01
3.1600000e+02		3.1700000e+02		3.1650000e+02		4.4229406e+02		1.4582535e+02		3.3480290e+02		2.4605549e+02		2.0383689e+02		4.2218598e+01
3.1700000e+02		3.1800000e+02		3.1750000e+02		5.6102832e+02		1.8643332e+02		4.2713456e+02		3.1437500e+02		2.5910799e+02		5.5267003e+01
3.1800000e+02		3.1900000e+02		3.1850000e+02		4.6340678e+02		1.5590559e+02		3.5639280e+02		2.6273982e+02		2.1550297e+02		4.7236854e+01
3.1900000e+02		3.2000000e+02		3.1950000e+02		4.9774832e+02		1.6907102e+02		3.8566509e+02		2.8474890e+02		2.3237114e+02		5.2377762e+01
3.2000000e+02		3.2100000e+02		3.2050000e+02		5.7184857e+02		1.9688810e+02		4.4810875e+02		3.3140209e+02		2.6913619e+02		6.2265906e+01
3.2100000e+02		3.2200000e+02		3.2150000e+02		4.8024660e+02		1.6524242e+02		3.7542565e+02		2.7793615e+02		2.2438390e+02		5.3552254e+01
3.2200000e+02		3.2300000e+02		3.2250000e+02		4.8228681e+02		1.6899689e+02		3.8304417e+02		2.8409399e+02		2.2830768e+02		5.5786308e+01
3.2300000e+02		3.2400000e+02		3.2350000e+02		4.6607071e+02		1.6464612e+02		3.7243027e+02		2.7660172e+02		2.2109690e+02		5.5504818e+01
3.2400000e+02		3.2500000e+02		3.2450000e+02		5.4882129e+02		1.9508190e+02		4.4042197e+02		3.2751557e+02		2.6034188e+02		6.7173684e+01
3.2500000e+02		3.2600000e+02		3.2550000e+02		6.3196128e+02		2.2231172e+02		5.0121493e+02		3.7292454e+02		2.9439278e+02		7.8531758e+01
3.2600000e+02		3.2700000e+02		3.2650000e+02		7.1301257e+02		2.5771131e+02		5.7950815e+02		4.3210294e+02		3.3974644e+02		9.2356501e+01
3.2700000e+02		3.2800000e+02		3.2750000e+02		6.8984049e+02		2.5056941e+02		5.6240778e+02		4.1984248e+02		3.2819595e+02		9.1646526e+01
3.2800000e+02		3.2900000e+02		3.2850000e+02		6.6596082e+02		2.4321200e+02		5.4488516e+02		4.0723902e+02		3.1649844e+02		9.0740584e+01
3.2900000e+02		3.3000000e+02		3.2950000e+02		7.7527139e+02		2.8384182e+02		6.3480853e+02		4.7493474e+02		3.6686250e+02		1.0807224e+02
3.3000000e+02		3.3100000e+02		3.3050000e+02		7.3029799e+02		2.6685382e+02		5.9587993e+02		4.4617426e+02		3.4239807e+02		1.0377620e+02
3.3100000e+02		3.3200000e+02		3.3150000e+02		6.9881652e+02		2.6163803e+02		5.8280683e+02		4.3723819e+02		3.3409605e+02		1.0314213e+02
3.3200000e+02		3.3300000e+02		3.3250000e+02		6.8562051e+02		2.5772371e+02		5.7308927e+02		4.3039808e+02		3.2686553e+02		1.0353255e+02
3.3300000e+02		3.3400000e+02		3.3350000e+02		6.5878216e+02		2.4871684e+02		5.5210080e+02		4.1506992e+02		3.1329947e+02		1.0177045e+02
3.3400000e+02		3.3500000e+02		3.3450000e+02		6.9405546e+02		2.6296721e+02		5.8274477e+02		4.3854490e+02		3.2895812e+02		1.0958678e+02
3.3500000e+02		3.3600000e+02		3.3550000e+02		6.8541663e+02		2.6120501e+02		5.7782361e+02		4.3531169e+02		3.2455310e+02		1.1075858e+02
3.3600000e+02		3.3700000e+02		3.3650000e+02		5.6469084e+02		2.1632497e+02		4.7771876e+02		3.6027103e+02		2.6695199e+02		9.3319033e+01
3.3700000e+02		3.3800000e+02		3.3750000e+02		5.9573781e+02		2.2974394e+02		5.0646183e+02		3.8236427e+02		2.8160617e+02		1.0075809e+02
3.3800000e+02		3.3900000e+02		3.3850000e+02		6.4448401e+02		2.5044152e+02		5.5110998e+02		4.1653816e+02		3.0493399e+02		1.1160417e+02
3.3900000e+02		3.4000000e+02		3.3950000e+02		6.7448220e+02		2.6300620e+02		5.7782292e+02		4.3713034e+02		3.1794868e+02		1.1918166e+02
3.4000000e+02		3.4100000e+02		3.4050000e+02		7.1196374e+02		2.7813325e+02		6.1011083e+02		4.6194167e+02		3.3376469e+02		1.2817698e+02
3.4100000e+02		3.4200000e+02		3.4150000e+02		6.4984945e+02		2.5106952e+02		5.5014314e+02		4.1663682e+02		2.9862962e+02		1.1800720e+02
3.4200000e+02		3.4300000e+02		3.4250000e+02		7.0477558e+02		2.7786783e+02		6.0755451e+02		4.6086919e+02		3.2872531e+02		1.3214387e+02
3.4300000e+02		3.4400000e+02		3.4350000e+02		6.9264465e+02		2.7226493e+02		5.9450659e+02		4.5123068e+02		3.1951405e+02		1.3171663e+02
3.4400000e+02		3.4500000e+02		3.4450000e+02		5.5710877e+02		2.2186447e+02		4.8354593e+02		3.6748401e+02		2.5874617e+02		1.0873784e+02
3.4500000e+02		3.4600000e+02		3.4550000e+02		6.7138909e+02		2.6777404e+02		5.8274907e+02		4.4320936e+02		3.0992045e+02		1.3328890e+02
3.4600000e+02		3.4700000e+02		3.4650000e+02		6.5194093e+02		2.6080329e+02		5.6672533e+02		4.3137122e+02		2.9960729e+02		1.3176393e+02
3.4700000e+02		3.4800000e+02		3.4750000e+02		6.4525828e+02		2.5825569e+02		5.6040220e+02		4.2684894e+02		2.9437469e+02		1.3247425e+02
3.4800000e+02		3.4900000e+02		3.4850000e+02		6.6761091e+02		2.7330533e+02		5.9178509e+02		4.5150868e+02		3.0992582e+02		1.4158285e+02
3.4900000e+02		3.5000000e+02		3.4950000e+02		6.3989005e+02		2.6334439e+02		5.6933791e+02		4.3476375e+02		2.9646906e+02		1.3829469e+02
3.5000000e+02		3.5100000e+02		3.5050000e+02		7.6650484e+02		3.1545415e+02		6.8107802e+02		5.2041743e+02		3.5232328e+02		1.6809415e+02
3.5100000e+02		3.5200000e+02		3.5150000e+02		7.1211510e+02		2.9472273e+02		6.3534678e+02		4.8589668e+02		3.2678256e+02		1.5911412e+02
3.5200000e+02		3.5300000e+02		3.5250000e+02		6.5785102e+02		2.7331089e+02		5.8833291e+02		4.5029195e+02		3.0076984e+02		1.4952211e+02
3.5300000e+02		3.5400000e+02		3.5350000e+02		7.5263834e+02		3.1576936e+02		6.7861218e+02		5.1992979e+02		3.4514432e+02		1.7478547e+02
3.5400000e+02		3.5500000e+02		3.5450000e+02		8.0329241e+02		3.3801529e+02		7.2540670e+02		5.5618048e+02		3.6663214e+02		1.8954835e+02
3.5500000e+02		3.5600000e+02		3.5550000e+02		7.5433512e+02		3.1877679e+02		6.8314210e+02		5.2417767e+02		3.4316987e+02		1.8100779e+02
3.5600000e+02		3.5700000e+02		3.5650000e+02		6.5576441e+02		2.7773091e+02		5.9438054e+02		4.5637221e+02		2.9665094e+02		1.5972126e+02
3.5700000e+02		3.5800000e+02		3.5750000e+02		5.7307986e+02		2.4314430e+02		5.1967566e+02		3.9926503e+02		2.5766133e+02		1.4160370e+02
3.5800000e+02		3.5900000e+02		3.5850000e+02		4.9194729e+02		2.1018001e+02		4.4855424e+02		3.4491969e+02		2.2112213e+02		1.2379755e+02
3.5900000e+02		3.6000000e+02		3.5950000e+02		7.1030971e+02		3.0373081e+02		6.4738901e+02		4.9809867e+02		3.1697048e+02		1.8112819e+02
3.6000000e+02		3.6100000e+02		3.6050000e+02		7.0092701e+02		3.0149449e+02		6.4170840e+02		4.9412018e+02		3.1231185e+02		1.8180833e+02
3.6100000e+02		3.6200000e+02		3.6150000e+02		6.5110481e+02		2.7819470e+02		5.9154211e+02		4.5558206e+02		2.8554499e+02		1.7003706e+02
3.6200000e+02		3.6300000e+02		3.6250000e+02		7.3500056e+02		3.1161117e+02		6.6198975e+02		5.0990754e+02		3.1686548e+02		1.9304206e+02
3.6300000e+02		3.6400000e+02		3.6350000e+02		7.1558904e+02		3.0646223e+02		6.5005274e+02		5.0119529e+02		3.0948673e+02		1.9170856e+02
3.6400000e+02		3.6500000e+02		3.6450000e+02		7.4837927e+02		3.1119875e+02		6.6002274e+02		5.0842092e+02		3.1037922e+02		1.9804170e+02
3.6500000e+02		3.6600000e+02		3.6550000e+02		8.5179486e+02		3.6026269e+02		7.6273996e+02		5.8829204e+02		3.5716832e+02		2.3112371e+02
3.6600000e+02		3.6700000e+02		3.6650000e+02		9.1042532e+02		3.7402258e+02		7.9180027e+02		6.1014523e+02		3.6620570e+02		2.4393953e+02
3.6700000e+02		3.6800000e+02		3.6750000e+02		8.7909512e+02		3.6356832e+02		7.6861728e+02		5.9273588e+02		3.5331474e+02		2.3942114e+02
3.6800000e+02		3.6900000e+02		3.6850000e+02		8.1047729e+02		3.1392687e+02		6.6454236e+02		5.1108915e+02		2.9973072e+02		2.1135843e+02
3.6900000e+02		3.7000000e+02		3.6950000e+02		8.9967825e+02		3.5912050e+02		7.5852616e+02		5.8447020e+02		3.4141191e+02		2.4305830e+02
3.7000000e+02		3.7100000e+02		3.7050000e+02		8.4427990e+02		3.8193477e+02		8.0219524e+02		6.2207723e+02		3.6666400e+02		2.5541323e+02
3.7100000e+02		3.7200000e+02		3.7150000e+02		8.7164560e+02		3.9597608e+02		8.3065970e+02		6.4455250e+02		3.7719514e+02		2.6735736e+02
3.7200000e+02		3.7300000e+02		3.7250000e+02		7.2411383e+02		3.3016203e+02		6.9176362e+02		5.3709304e+02		3.1203442e+02		2.2505862e+02
3.7300000e+02		3.7400000e+02		3.7350000e+02		6.3155746e+02		2.8900200e+02		6.0480231e+02		4.6984825e+02		2.7098580e+02		1.9886245e+02
3.7400000e+02		3.7500000e+02		3.7450000e+02		6.4642322e+02		2.9685953e+02		6.2051330e+02		4.8232912e+02		2.7615923e+02		2.0616989e+02
3.7500000e+02		3.7600000e+02		3.7550000e+02		7.4036161e+02		3.4119140e+02		7.1234649e+02		5.5402277e+02		3.1489201e+02		2.3913076e+02
3.7600000e+02		3.7700000e+02		3.7650000e+02		7.6758018e+02		3.5498602e+02		7.4028979e+02		5.7607580e+02		3.2503358e+02		2.5104222e+02
3.7700000e+02		3.7800000e+02		3.7750000e+02		9.0048278e+02		4.1789717e+02		8.7048802e+02		6.7776324e+02		3.7960531e+02		2.9815793e+02
3.7800000e+02		3.7900000e+02		3.7850000e+02		9.3786543e+02		4.3673285e+02		9.0869376e+02		7.0789038e+02		3.9356586e+02		3.1432452e+02
3.7900000e+02		3.8000000e+02		3.7950000e+02		7.6051322e+02		3.5535073e+02		7.3853647e+02		5.7563942e+02		3.1768268e+02		2.5795674e+02
3.8000000e+02		3.8100000e+02		3.8050000e+02		8.2814537e+02		3.8825131e+02		8.0602012e+02		6.2856601e+02		3.4433269e+02		2.8423332e+02
3.8100000e+02		3.8200000e+02		3.8150000e+02		7.4366886e+02		3.4980294e+02		7.2540361e+02		5.6598842e+02		3.0776008e+02		2.5822834e+02
3.8200000e+02		3.8300000e+02		3.8250000e+02		5.3336093e+02		2.5170000e+02		5.2139621e+02		4.0701922e+02		2.1967979e+02		1.8733944e+02
3.8300000e+02		3.8400000e+02		3.8350000e+02		4.7073026e+02		2.2285722e+02		4.6115297e+02		3.6016991e+02		1.9295024e+02		1.6721967e+02
3.8400000e+02		3.8500000e+02		3.8450000e+02		6.2969557e+02		2.9907789e+02		6.1821614e+02		4.8307645e+02		2.5687026e+02		2.2620619e+02
3.8500000e+02		3.8600000e+02		3.8550000e+02		6.6694888e+02		3.1778343e+02		6.5619027e+02		5.1299747e+02		2.7074950e+02		2.4224797e+02
3.8600000e+02		3.8700000e+02		3.8650000e+02		6.6977732e+02		3.2013424e+02		6.6035606e+02		5.1649958e+02		2.7056413e+02		2.4593545e+02
3.8700000e+02		3.8800000e+02		3.8750000e+02		6.6902499e+02		3.2076732e+02		6.6098022e+02		5.1722963e+02		2.6892163e+02		2.4830800e+02
3.8800000e+02		3.8900000e+02		3.8850000e+02		6.7841027e+02		3.2626196e+02		6.7161739e+02		5.2579526e+02		2.7132829e+02		2.5446697e+02
3.8900000e+02		3.9000000e+02		3.8950000e+02		8.1451188e+02		3.9289916e+02		8.0797597e+02		6.3283404e+02		3.2411486e+02		3.0871917e+02
3.9000000e+02		3.9100000e+02		3.9050000e+02		8.5560997e+02		4.1397399e+02		8.5046446e+02		6.6641091e+02		3.3875053e+02		3.2766038e+02
3.9100000e+02		3.9200000e+02		3.9150000e+02		9.2006232e+02		4.4648618e+02		9.1635053e+02		7.1835463e+02		3.6240983e+02		3.5594480e+02
3.9200000e+02		3.9300000e+02		3.9250000e+02		7.0614281e+02		3.4368417e+02		7.0467400e+02		5.5265460e+02		2.7671521e+02		2.7593939e+02
3.9300000e+02		3.9400000e+02		3.9350000e+02		4.3291589e+02		2.1131604e+02		4.3285332e+02		3.3961880e+02		1.6876592e+02		1.7085287e+02
3.9400000e+02		3.9500000e+02		3.9450000e+02		7.1565803e+02		3.5033425e+02		7.1692684e+02		5.6274085e+02		2.7753075e+02		2.8521010e+02
3.9500000e+02		3.9600000e+02		3.9550000e+02		8.7888136e+02		4.3146120e+02		8.8210910e+02		6.9268502e+02		3.3903466e+02		3.5365035e+02
3.9600000e+02		3.9700000e+02		3.9650000e+02		6.0712893e+02		2.9889128e+02		6.1050106e+02		4.7959771e+02		2.3296314e+02		2.4663458e+02
3.9700000e+02		3.9800000e+02		3.9750000e+02		6.8053003e+02		3.3595995e+02		6.8557907e+02		5.3879403e+02		2.5973535e+02		2.7905868e+02
3.9800000e+02		3.9900000e+02		3.9850000e+02		1.0480559e+03		5.1882486e+02		1.0577715e+03		8.3162799e+02		3.9786186e+02		4.3376613e+02
3.9900000e+02		4.0000000e+02		3.9950000e+02		1.1577145e+03		5.7467264e+02		1.1705685e+03		9.2066894e+02		4.3711751e+02		4.8355143e+02
4.0000000e+02		4.0100000e+02		4.0050000e+02		1.1939713e+03		5.9426885e+02		1.2093963e+03		9.5157320e+02		4.4835834e+02		5.0321485e+02
4.0100000e+02		4.0200000e+02		4.0150000e+02		1.2509583e+03		6.2429441e+02		1.2693709e+03		9.9914049e+02		4.6719152e+02		5.3194897e+02
4.0200000e+02		4.0300000e+02		4.0250000e+02		1.2664199e+03		6.3367931e+02		1.2873187e+03		1.0136456e+03		4.7036717e+02		5.4327841e+02
4.0300000e+02		4.0400000e+02		4.0350000e+02		1.2115903e+03		6.0782789e+02		1.2337258e+03		9.7180320e+02		4.4751642e+02		5.2428678e+02
4.0400000e+02		4.0500000e+02		4.0450000e+02		1.1914959e+03		5.9929167e+02		1.2153508e+03		9.5767610e+02		4.3764955e+02		5.2002655e+02
4.0500000e+02		4.0600000e+02		4.0550000e+02		1.1904731e+03		6.0030810e+02		1.2163735e+03		9.5882407e+02		4.3483203e+02		5.2399204e+02
4.0600000e+02		4.0700000e+02		4.0650000e+02		1.1388815e+03		5.7574497e+02		1.1656176e+03		9.1913816e+02		4.1365268e+02		5.0548548e+02
4.0700000e+02		4.0800000e+02		4.0750000e+02		1.1575323e+03		5.8663803e+02		1.1866788e+03		9.3607011e+02		4.1805530e+02		5.1801481e+02
4.0800000e+02		4.0900000e+02		4.0850000e+02		1.2307397e+03		6.2528381e+02		1.2638076e+03		9.9725097e+02		4.4197540e+02		5.5527557e+02
4.0900000e+02		4.1000000e+02		4.0950000e+02		1.2243097e+03		6.2354059e+02		1.2592532e+03		9.9399162e+02		4.3716233e+02		5.5682929e+02
4.1000000e+02		4.1100000e+02		4.1050000e+02		1.1216634e+03		5.7264728e+02		1.1555369e+03		9.1242567e+02		3.9821912e+02		5.1420654e+02
4.1100000e+02		4.1200000e+02		4.1150000e+02		1.3003372e+03		6.6545811e+02		1.3417428e+03		1.0598024e+03		4.5899979e+02		6.0080262e+02
4.1200000e+02		4.1300000e+02		4.1250000e+02		1.2760342e+03		6.5457005e+02		1.3187432e+03		1.0419714e+03		4.4782138e+02		5.9414998e+02
4.1300000e+02		4.1400000e+02		4.1350000e+02		1.2308584e+03		6.3287819e+02		1.2740409e+03		1.0069707e+03		4.2946317e+02		5.7750751e+02
4.1400000e+02		4.1500000e+02		4.1450000e+02		1.2488872e+03		6.4363955e+02		1.2946986e+03		1.0236183e+03		4.3321743e+02		5.9040087e+02
4.1500000e+02		4.1600000e+02		4.1550000e+02		1.2477523e+03		6.4453239e+02		1.2954985e+03		1.0245667e+03		4.3029446e+02		5.9427227e+02
4.1600000e+02		4.1700000e+02		4.1650000e+02		1.2947363e+03		6.7032290e+02		1.3463126e+03		1.0650777e+03		4.4387776e+02		6.2119997e+02
4.1700000e+02		4.1800000e+02		4.1750000e+02		1.1781342e+03		6.1132686e+02		1.2268980e+03		9.7089896e+02		4.0152424e+02		5.6937472e+02
4.1800000e+02		4.1900000e+02		4.1850000e+02		1.2217101e+03		6.3534939e+02		1.2741605e+03		1.0085978e+03		4.1391444e+02		5.9468338e+02
4.1900000e+02		4.2000000e+02		4.1950000e+02		1.2338424e+03		6.4307222e+02		1.2886980e+03		1.0204026e+03		4.1554514e+02		6.0485744e+02
4.2000000e+02		4.2100000e+02		4.2050000e+02		1.2494927e+03		6.5264854e+02		1.3069350e+03		1.0351400e+03		4.1831098e+02		6.1682904e+02
4.2100000e+02		4.2200000e+02		4.2150000e+02		1.2299982e+03		6.4385165e+02		1.2883887e+03		1.0207397e+03		4.0932490e+02		6.1141478e+02
4.2200000e+02		4.2300000e+02		4.2250000e+02		1.1657134e+03		6.1150361e+02		1.2227844e+03		9.6903441e+02		3.8560705e+02		5.8342736e+02
4.2300000e+02		4.2400000e+02		4.2350000e+02		1.2419943e+03		6.5289459e+02		1.3046287e+03		1.0341791e+03		4.0836998e+02		6.2580909e+02
4.2400000e+02		4.2500000e+02		4.2450000e+02		1.2850442e+03		6.7693693e+02		1.3517245e+03		1.0718028e+03		4.1997655e+02		6.5182624e+02
4.2500000e+02		4.2600000e+02		4.2550000e+02		1.2367256e+03		6.5283092e+02		1.3026868e+03		1.0331964e+03		4.0173998e+02		6.3145646e+02
4.2600000e+02		4.2700000e+02		4.2650000e+02		1.2316584e+03		6.5148665e+02		1.2991139e+03		1.0306346e+03		3.9766635e+02		6.3296823e+02
4.2700000e+02		4.2800000e+02		4.2750000e+02		1.1420512e+03		6.0531227e+02		1.2062204e+03		9.5718779e+02		3.6649102e+02		5.9069677e+02
4.2800000e+02		4.2900000e+02		4.2850000e+02		1.1495483e+03		6.1050701e+02		1.2157559e+03		9.6500218e+02		3.6664580e+02		5.9835637e+02
4.2900000e+02		4.3000000e+02		4.2950000e+02		1.0698649e+03		5.6931533e+02		1.1329746e+03		8.9952234e+02		3.3914301e+02		5.6037933e+02
4.3000000e+02		4.3100000e+02		4.3050000e+02		8.6065012e+02		4.5888321e+02		9.1260740e+02		7.2474318e+02		2.7114894e+02		4.5359424e+02
4.3100000e+02		4.3200000e+02		4.3150000e+02		1.0641754e+03		5.6850139e+02		1.1298761e+03		8.9750702e+02		3.3320761e+02		5.6429942e+02
4.3200000e+02		4.3300000e+02		4.3250000e+02		1.1990384e+03		6.4177896e+02		1.2746917e+03		1.0127858e+03		3.7311994e+02		6.3966585e+02
4.3300000e+02		4.3400000e+02		4.3350000e+02		1.3017454e+03		6.9807791e+02		1.3856286e+03		1.1011925e+03		4.0257659e+02		6.9861594e+02
4.3400000e+02		4.3500000e+02		4.3450000e+02		1.1054356e+03		5.9392040e+02		1.1781411e+03		9.3651830e+02		3.3974778e+02		5.9677053e+02
4.3500000e+02		4.3600000e+02		4.3550000e+02		1.2347447e+03		6.6463087e+02		1.3175846e+03		1.0476075e+03		3.7713324e+02		6.7047430e+02
4.3600000e+02		4.3700000e+02		4.3650000e+02		1.3814970e+03		7.4499526e+02		1.4759893e+03		1.1738243e+03		4.1933007e+02		7.5449427e+02
4.3700000e+02		4.3800000e+02		4.3750000e+02		1.2223713e+03		6.6038730e+02		1.3075638e+03		1.0401146e+03		3.6871577e+02		6.7139887e+02
4.3800000e+02		4.3900000e+02		4.3850000e+02		1.1905029e+03		6.4433230e+02		1.2750032e+03		1.0144408e+03		3.5685830e+02		6.5758247e+02
4.3900000e+02		4.4000000e+02		4.3950000e+02		1.3250738e+03		7.1844804e+02		1.4208120e+03		1.1307011e+03		3.9470861e+02		7.3599252e+02
4.4000000e+02		4.4100000e+02		4.4050000e+02		1.2562739e+03		6.8235054e+02		1.3486255e+03		1.0734877e+03		3.7186614e+02		7.0162153e+02
4.4100000e+02		4.4200000e+02		4.4150000e+02		1.3817384e+03		7.5181172e+02		1.4850398e+03		1.1823254e+03		4.0643267e+02		7.7589275e+02
4.4200000e+02		4.4300000e+02		4.4250000e+02		1.4526378e+03		7.9175882e+02		1.5630386e+03		1.2446883e+03		4.2459560e+02		8.2009274e+02
4.4300000e+02		4.4400000e+02		4.4350000e+02		1.4050936e+03		7.6715913e+02		1.5136053e+03		1.2055752e+03		4.0810676e+02		7.9746841e+02
4.4400000e+02		4.4500000e+02		4.4450000e+02		1.4475318e+03		7.9167216e+02		1.5610811e+03		1.2436457e+03		4.1777476e+02		8.2587092e+02
4.4500000e+02		4.4600000e+02		4.4550000e+02		1.3420773e+03		7.3523191e+02		1.4489716e+03		1.1545678e+03		3.8488632e+02		7.6968147e+02
4.4600000e+02		4.4700000e+02		4.4650000e+02		1.3689269e+03		7.5118901e+02		1.4795944e+03		1.1792053e+03		3.9009602e+02		7.8910930e+02
4.4700000e+02		4.4800000e+02		4.4750000e+02		1.4837056e+03		8.1551420e+02		1.6054078e+03		1.2797294e+03		4.2011762e+02		8.5961181e+02
4.4800000e+02		4.4900000e+02		4.4850000e+02		1.4587166e+03		8.0308647e+02		1.5800796e+03		1.2597857e+03		4.1041356e+02		8.4937210e+02
4.4900000e+02		4.5000000e+02		4.4950000e+02		1.4737837e+03		8.1269121e+02		1.5981129e+03		1.2744093e+03		4.1201024e+02		8.6239907e+02
4.5000000e+02		4.5100000e+02		4.5050000e+02		1.5636828e+03		8.6364214e+02		1.6973966e+03		1.3538405e+03		4.3435255e+02		9.1948795e+02
4.5100000e+02		4.5200000e+02		4.5150000e+02		1.5589734e+03		8.6240295e+02		1.6940636e+03		1.3514360e+03		4.3027687e+02		9.2115914e+02
4.5200000e+02		4.5300000e+02		4.5250000e+02		1.4757889e+03		8.1766463e+02		1.6053399e+03		1.2808944e+03		4.0471133e+02		8.7618302e+02
4.5300000e+02		4.5400000e+02		4.5350000e+02		1.4141855e+03		7.8474754e+02		1.5399136e+03		1.2289159e+03		3.8533254e+02		8.4358335e+02
4.5400000e+02		4.5500000e+02		4.5450000e+02		1.5096596e+03		8.3901256e+02		1.6455524e+03		1.3134574e+03		4.0870788e+02		9.0474956e+02
4.5500000e+02		4.5600000e+02		4.5550000e+02		1.4952815e+03		8.3228403e+02		1.6315258e+03		1.3024938e+03		4.0221495e+02		9.0027890e+02
4.5600000e+02		4.5700000e+02		4.5650000e+02		1.5527317e+03		8.6556080e+02		1.6959042e+03		1.3541273e+03		4.1498240e+02		9.3914495e+02
4.5700000e+02		4.5800000e+02		4.5750000e+02		1.5677329e+03		8.7522410e+02		1.7139832e+03		1.3688007e+03		4.1629402e+02		9.5250668e+02
4.5800000e+02		4.5900000e+02		4.5850000e+02		1.4734199e+03		8.2378390e+02		1.6124503e+03		1.2879366e+03		3.8872854e+02		8.9920807e+02
4.5900000e+02		4.6000000e+02		4.5950000e+02		1.5222067e+03		8.5230217e+02		1.6674565e+03		1.3320981e+03		3.9900873e+02		9.3308938e+02
4.6000000e+02		4.6100000e+02		4.6050000e+02		1.5039223e+03		8.4328086e+02		1.6490096e+03		1.3175815e+03		3.9166991e+02		9.2591158e+02
4.6100000e+02		4.6200000e+02		4.6150000e+02		1.5386000e+03		8.6395916e+02		1.6886369e+03		1.3494670e+03		3.9811071e+02		9.5135625e+02
4.6200000e+02		4.6300000e+02		4.6250000e+02		1.5538294e+03		8.7374618e+02		1.7069569e+03		1.3643296e+03		3.9944978e+02		9.6487984e+02
4.6300000e+02		4.6400000e+02		4.6350000e+02		1.5018384e+03		8.4569455e+02		1.6513801e+03		1.3201208e+03		3.8358381e+02		9.3653703e+02
4.6400000e+02		4.6500000e+02		4.6450000e+02		1.5281564e+03		8.6170870e+02		1.6818695e+03		1.3447078e+03		3.8777578e+02		9.5693200e+02
4.6500000e+02		4.6600000e+02		4.6550000e+02		1.4760608e+03		8.3347638e+02		1.6260183e+03		1.3002569e+03		3.7212653e+02		9.2813037e+02
4.6600000e+02		4.6700000e+02		4.6650000e+02		1.4854121e+03		8.3989789e+02		1.6378002e+03		1.3098812e+03		3.7205286e+02		9.3782838e+02
4.6700000e+02		4.6800000e+02		4.6750000e+02		1.4997486e+03		8.4914656e+02		1.6550889e+03		1.3239110e+03		3.7320320e+02		9.5070775e+02
4.6800000e+02		4.6900000e+02		4.6850000e+02		1.4665907e+03		8.3148038e+02		1.6199324e+03		1.2959849e+03		3.6257931e+02		9.3340557e+02
4.6900000e+02		4.7000000e+02		4.6950000e+02		1.5086728e+03		8.5646837e+02		1.6678783e+03		1.3345418e+03		3.7055650e+02		9.6398527e+02
4.7000000e+02		4.7100000e+02		4.7050000e+02		1.4256243e+03		8.1038038e+02		1.5774369e+03		1.2623616e+03		3.4787876e+02		9.1448280e+02
4.7100000e+02		4.7200000e+02		4.7150000e+02		1.4904926e+03		8.4835112e+02		1.6506334e+03		1.3211301e+03		3.6133862e+02		9.5979145e+02
4.7200000e+02		4.7300000e+02		4.7250000e+02		1.5269264e+03		8.7020263e+02		1.6924239e+03		1.3547729e+03		3.6775852e+02		9.8701440e+02
4.7300000e+02		4.7400000e+02		4.7350000e+02		1.4995420e+03		8.5568112e+02		1.6634752e+03		1.3317887e+03		3.5880774e+02		9.7298091e+02
4.7400000e+02		4.7500000e+02		4.7450000e+02		1.5448084e+03		8.8261962e+02		1.7151235e+03		1.3733311e+03		3.6722721e+02		1.0061039e+03
4.7500000e+02		4.7600000e+02		4.7550000e+02		1.5413846e+03		8.8175978e+02		1.7127397e+03		1.3716121e+03		3.6402141e+02		1.0075907e+03
4.7600000e+02		4.7700000e+02		4.7650000e+02		1.4853490e+03		8.5075170e+02		1.6518283e+03		1.3230134e+03		3.4849681e+02		9.7451662e+02
4.7700000e+02		4.7800000e+02		4.7750000e+02		1.5508368e+03		8.8934497e+02		1.7260569e+03		1.3826527e+03		3.6148439e+02		1.0211683e+03
4.7800000e+02		4.7900000e+02		4.7850000e+02		1.5358791e+03		8.8183204e+02		1.7107843e+03		1.3706015e+03		3.5565794e+02		1.0149435e+03
4.7900000e+02		4.8000000e+02		4.7950000e+02		1.5403519e+03		8.8545886e+02		1.7171333e+03		1.3758693e+03		3.5436138e+02		1.0215079e+03
4.8000000e+02		4.8100000e+02		4.8050000e+02		1.5442750e+03		8.8876641e+02		1.7228648e+03		1.3806415e+03		3.5294015e+02		1.0277014e+03
4.8100000e+02		4.8200000e+02		4.8150000e+02		1.5475498e+03		8.9169679e+02		1.7278673e+03		1.3848285e+03		3.5137442e+02		1.0334540e+03
4.8200000e+02		4.8300000e+02		4.8250000e+02		1.5416562e+03		8.8933371e+02		1.7226190e+03		1.3807976e+03		3.4774532e+02		1.0330522e+03
4.8300000e+02		4.8400000e+02		4.8350000e+02		1.5183412e+03		8.7689255e+02		1.6978675e+03		1.3611284e+03		3.4024412e+02		1.0208843e+03
4.8400000e+02		4.8500000e+02		4.8450000e+02		1.4920771e+03		8.6270682e+02		1.6697644e+03		1.3387651e+03		3.3216917e+02		1.0065959e+03
4.8500000e+02		4.8600000e+02		4.8550000e+02		1.4021236e+03		8.1161201e+02		1.5702782e+03		1.2591545e+03		3.1009914e+02		9.4905533e+02
4.8600000e+02		4.8700000e+02		4.8650000e+02		1.2173217e+03		7.0542853e+02		1.3643284e+03		1.0941426e+03		2.6746397e+02		8.2667861e+02
4.8700000e+02		4.8800000e+02		4.8750000e+02		1.3927585e+03		8.0798687e+02		1.5621025e+03		1.2529003e+03		3.0400513e+02		9.4889514e+02
4.8800000e+02		4.8900000e+02		4.8850000e+02		1.4651201e+03		8.5089884e+02		1.6444628e+03		1.3191141e+03		3.1770430e+02		1.0014098e+03
4.8900000e+02		4.9000000e+02		4.8950000e+02		1.4372192e+03		8.3560183e+02		1.6143138e+03		1.2950812e+03		3.0961166e+02		9.8546954e+02
4.9000000e+02		4.9100000e+02		4.9050000e+02		1.5307557e+03		8.9094196e+02		1.7206080e+03		1.3805150e+03		3.2760034e+02		1.0529147e+03
4.9100000e+02		4.9200000e+02		4.9150000e+02		1.4425606e+03		8.4050498e+02		1.6226254e+03		1.3020481e+03		3.0670190e+02		9.9534620e+02
4.9200000e+02		4.9300000e+02		4.9250000e+02		1.3729411e+03		8.0078591e+02		1.5454016e+03		1.2402210e+03		2.8998672e+02		9.5023428e+02
4.9300000e+02		4.9400000e+02		4.9350000e+02		1.4509629e+03		8.4717817e+02		1.6343615e+03		1.3117595e+03		3.0445718e+02		1.0073024e+03
4.9400000e+02		4.9500000e+02		4.9450000e+02		1.4929449e+03		8.7259324e+02		1.6828100e+03		1.3507937e+03		3.1121274e+02		1.0395810e+03
4.9500000e+02		4.9600000e+02		4.9550000e+02		1.4663156e+03		8.5790831e+02		1.6539236e+03		1.3277511e+03		3.0365803e+02		1.0240930e+03
4.9600000e+02		4.9700000e+02		4.9650000e+02		1.4846220e+03		8.6950172e+02		1.6757057e+03		1.3453823e+03		3.0543374e+02		1.0399485e+03
4.9700000e+02		4.9800000e+02		4.9750000e+02		1.5123203e+03		8.8661545e+02		1.7081136e+03		1.3715476e+03		3.0909278e+02		1.0624548e+03
4.9800000e+02		4.9900000e+02		4.9850000e+02		1.3744029e+03		8.0656321e+02		1.5533718e+03		1.2474272e+03		2.7906367e+02		9.6836352e+02
4.9900000e+02		5.0000000e+02		4.9950000e+02		1.4721832e+03		8.6479855e+02		1.6649795e+03		1.3371921e+03		2.9695833e+02		1.0402338e+03
