Left Bin Edge (nm)	Right Bin Edge (nm)	Bin Center (nm)		Top of Atm Intensity (erg/s/nm/cm2)		Total Surface Flux (erg/s/nm/cm2)		Total Intensity at BOA (erg/s/nm/cm2)		Total Surface Intensity (erg/s/nm/cm2)		Total Surface Diffuse Intensity (erg/s/nm/cm2)		Total Surface Direct Intensity (erg/s/nm/cm2)
1.0000000e+02		1.0100000e+02		1.0050000e+02		4.4569042e-02		0.0000000e+00		0.0000000e+00		0.0000000e+00		0.0000000e+00		0.0000000e+00
1.0100000e+02		1.0200000e+02		1.0150000e+02		1.7387199e-01		0.0000000e+00		0.0000000e+00		0.0000000e+00		0.0000000e+00		0.0000000e+00
1.0200000e+02		1.0300000e+02		1.0250000e+02		9.2286085e-01		0.0000000e+00		0.0000000e+00		0.0000000e+00		0.0000000e+00		0.0000000e+00
1.0300000e+02		1.0400000e+02		1.0350000e+02		7.0094286e-01		0.0000000e+00		0.0000000e+00		0.0000000e+00		0.0000000e+00		0.0000000e+00
1.0400000e+02		1.0500000e+02		1.0450000e+02		1.4124828e-01		0.0000000e+00		0.0000000e+00		0.0000000e+00		0.0000000e+00		0.0000000e+00
1.0500000e+02		1.0600000e+02		1.0550000e+02		4.8389941e-02		0.0000000e+00		0.0000000e+00		0.0000000e+00		0.0000000e+00		0.0000000e+00
1.0600000e+02		1.0700000e+02		1.0650000e+02		4.5487167e-02		0.0000000e+00		0.0000000e+00		0.0000000e+00		0.0000000e+00		0.0000000e+00
1.0700000e+02		1.0800000e+02		1.0750000e+02		5.0757295e-02		0.0000000e+00		0.0000000e+00		0.0000000e+00		0.0000000e+00		0.0000000e+00
1.0800000e+02		1.0900000e+02		1.0850000e+02		7.1152114e-02		0.0000000e+00		0.0000000e+00		0.0000000e+00		0.0000000e+00		0.0000000e+00
1.0900000e+02		1.1000000e+02		1.0950000e+02		5.5817450e-02		8.8884142e-07		9.3709086e-06		1.5395185e-06		1.5395185e-06		5.8642076e-111
1.1000000e+02		1.1100000e+02		1.1050000e+02		5.4043772e-02		4.7174095e-07		4.9217935e-06		8.1707930e-07		8.1707930e-07		1.2413792e-105
1.1100000e+02		1.1200000e+02		1.1150000e+02		5.0797691e-02		3.1340369e-08		3.4036366e-07		5.4283112e-08		5.4283112e-08		1.0168918e-100
1.1200000e+02		1.1300000e+02		1.1250000e+02		5.1969037e-02		2.1346874e-08		2.2933087e-07		3.6973871e-08		3.6973871e-08		5.3099029e-96
1.1300000e+02		1.1400000e+02		1.1350000e+02		4.1221387e-02		1.7532133e-07		1.7400915e-06		3.0366544e-07		3.0366544e-07		1.4477721e-91
1.1400000e+02		1.1500000e+02		1.1450000e+02		3.1562600e-02		2.8345844e-07		2.7087685e-06		4.9096442e-07		4.9096442e-07		1.8144804e-87
1.1500000e+02		1.1600000e+02		1.1550000e+02		4.3552050e-02		1.0166705e-05		8.9525072e-05		1.7609250e-05		1.7609250e-05		2.7818524e-83
1.1600000e+02		1.1700000e+02		1.1650000e+02		1.0143732e-01		2.6758535e-05		2.3025963e-04		4.6347143e-05		4.6347143e-05		3.4541171e-79
1.1700000e+02		1.1800000e+02		1.1750000e+02		3.6108525e-01		1.2528890e-04		1.0515167e-03		2.1700675e-04		2.1700675e-04		4.0700452e-75
1.1800000e+02		1.1900000e+02		1.1850000e+02		1.2283927e-01		2.2771911e-05		1.8905938e-04		3.9442107e-05		3.9442107e-05		2.7498267e-72
1.1900000e+02		1.2000000e+02		1.1950000e+02		1.7115732e-01		8.6375898e-06		7.1933442e-05		1.4960744e-05		1.4960744e-05		4.6696378e-69
1.2000000e+02		1.2100000e+02		1.2050000e+02		9.3056497e-01		9.4852981e-06		8.0108665e-05		1.6429018e-05		1.6429018e-05		1.9593230e-65
1.2100000e+02		1.2200000e+02		1.2150000e+02		3.6941242e+01		1.2629302e-04		1.0740721e-03		2.1874593e-04		2.1874593e-04		4.2297004e-61
1.2200000e+02		1.2300000e+02		1.2250000e+02		2.4773856e-01		9.1018506e-07		7.5854766e-06		1.5764868e-06		1.5764868e-06		1.2445500e-60
1.2300000e+02		1.2400000e+02		1.2350000e+02		1.3344721e-01		1.0227900e-07		8.7233851e-07		1.7715242e-07		1.7715242e-07		1.6767142e-58
1.2400000e+02		1.2500000e+02		1.2450000e+02		1.0726631e-01		7.4320786e-09		6.6887122e-08		1.2872738e-08		1.2872738e-08		2.0249222e-56
1.2500000e+02		1.2600000e+02		1.2550000e+02		1.0471361e-01		2.0184907e-09		1.8620877e-08		3.4961285e-09		3.4961285e-09		2.5649814e-54
1.2600000e+02		1.2700000e+02		1.2650000e+02		1.4644878e-01		1.2440594e-08		1.0761888e-07		2.1547740e-08		2.1547740e-08		6.2598569e-52
1.2700000e+02		1.2800000e+02		1.2750000e+02		7.6659940e-02		2.6651501e-07		2.0373656e-06		4.6161753e-07		4.6161753e-07		6.5704990e-50
1.2800000e+02		1.2900000e+02		1.2850000e+02		6.1165494e-02		5.1186392e-06		3.5749157e-05		8.8657432e-06		8.8657432e-06		6.7799289e-48
1.2900000e+02		1.3000000e+02		1.2950000e+02		8.1594975e-02		3.4454047e-05		2.2964698e-04		5.9676159e-05		5.9676159e-05		7.2254040e-46
1.3000000e+02		1.3100000e+02		1.3050000e+02		6.7007791e-01		6.1513501e-04		3.9817030e-03		1.0654451e-03		1.0654451e-03		3.4751504e-43
1.3100000e+02		1.3200000e+02		1.3150000e+02		9.0731094e-02		7.5263451e-05		4.7970737e-04		1.3036012e-04		1.3036012e-04		2.0778106e-42
1.3200000e+02		1.3300000e+02		1.3250000e+02		7.0547730e-02		1.1236231e-04		6.9765381e-04		1.9461722e-04		1.9461722e-04		6.3815360e-41
1.3300000e+02		1.3400000e+02		1.3350000e+02		9.5357088e-01		2.3974780e-03		1.4552859e-02		4.1525537e-03		4.1525537e-03		2.8048793e-38
1.3400000e+02		1.3500000e+02		1.3450000e+02		6.5246966e-02		4.2198132e-04		2.4924137e-03		7.3089308e-04		7.3089308e-04		5.4949493e-38
1.3500000e+02		1.3600000e+02		1.3550000e+02		1.3692679e-01		1.1232964e-03		6.5117987e-03		1.9456064e-03		1.9456064e-03		2.6687624e-36
1.3600000e+02		1.3700000e+02		1.3650000e+02		8.9861989e-02		7.9901529e-04		4.5544085e-03		1.3839351e-03		1.3839351e-03		3.4618703e-35
1.3700000e+02		1.3800000e+02		1.3750000e+02		9.2282630e-02		8.3360931e-04		4.6761397e-03		1.4438537e-03		1.4438537e-03		6.0892798e-34
1.3800000e+02		1.3900000e+02		1.3850000e+02		9.4180145e-02		8.6520646e-04		4.7774146e-03		1.4985816e-03		1.4985816e-03		9.3380417e-33
1.3900000e+02		1.4000000e+02		1.3950000e+02		3.1801144e-01		3.0198928e-03		1.6415157e-02		5.2306077e-03		5.2306077e-03		4.1916308e-31
1.4000000e+02		1.4100000e+02		1.4050000e+02		2.7729440e-01		2.8273754e-03		1.5126947e-02		4.8971578e-03		4.8971578e-03		4.3359884e-30
1.4100000e+02		1.4200000e+02		1.4150000e+02		1.3359910e-01		1.3771339e-03		7.2580680e-03		2.3852659e-03		2.3852659e-03		2.2072480e-29
1.4200000e+02		1.4300000e+02		1.4250000e+02		1.4479671e-01		1.5547105e-03		8.0712002e-03		2.6928376e-03		2.6928376e-03		2.2818079e-28
1.4300000e+02		1.4400000e+02		1.4350000e+02		1.6064305e-01		1.8103693e-03		9.2589549e-03		3.1356517e-03		3.1356517e-03		2.1879613e-27
1.4400000e+02		1.4500000e+02		1.4450000e+02		1.5363637e-01		1.7262483e-03		8.7042629e-03		2.9899498e-03		2.9899498e-03		1.6380257e-26
1.4500000e+02		1.4600000e+02		1.4550000e+02		1.6382583e-01		1.8947861e-03		9.4183387e-03		3.2818658e-03		3.2818658e-03		1.2542457e-25
1.4600000e+02		1.4700000e+02		1.4650000e+02		1.9977093e-01		2.3919140e-03		1.1722293e-02		4.1429166e-03		4.1429166e-03		1.0096748e-24
1.4700000e+02		1.4800000e+02		1.4750000e+02		2.4643334e-01		2.9554128e-03		1.4288479e-02		5.1189250e-03		5.1189250e-03		7.5606841e-24
1.4800000e+02		1.4900000e+02		1.4850000e+02		2.4167300e-01		2.8850576e-03		1.3764125e-02		4.9970663e-03		4.9970663e-03		4.1664127e-23
1.4900000e+02		1.5000000e+02		1.4950000e+02		2.1832777e-01		2.7389596e-03		1.2889507e-02		4.7440172e-03		4.7440172e-03		1.9791287e-22
1.5000000e+02		1.5100000e+02		1.5050000e+02		2.4023073e-01		3.3047809e-03		1.5336692e-02		5.7240485e-03		5.7240485e-03		1.0743961e-21
1.5100000e+02		1.5200000e+02		1.5150000e+02		2.5258505e-01		3.6634482e-03		1.6776218e-02		6.3452784e-03		6.3452784e-03		5.1973120e-21
1.5200000e+02		1.5300000e+02		1.5250000e+02		3.2229547e-01		5.2309361e-03		2.3626422e-02		9.0602471e-03		9.0602471e-03		2.8883848e-20
1.5300000e+02		1.5400000e+02		1.5350000e+02		3.5701286e-01		6.7682392e-03		3.0143744e-02		1.1722934e-02		1.1722934e-02		1.3206748e-19
1.5400000e+02		1.5500000e+02		1.5450000e+02		9.5486931e-01		1.9420798e-02		8.5383665e-02		3.3637809e-02		3.3637809e-02		1.3645067e-18
1.5500000e+02		1.5600000e+02		1.5550000e+02		7.8587524e-01		1.6909422e-02		7.3412469e-02		2.9287978e-02		2.9287978e-02		4.1053209e-18
1.5600000e+02		1.5700000e+02		1.5650000e+02		4.6648084e-01		1.2182970e-02		5.2165985e-02		2.1101523e-02		2.1101523e-02		8.6112895e-18
1.5700000e+02		1.5800000e+02		1.5750000e+02		4.2309893e-01		1.2035111e-02		5.0892143e-02		2.0845425e-02		2.0845425e-02		2.5949751e-17
1.5800000e+02		1.5900000e+02		1.5850000e+02		3.9008072e-01		1.2038941e-02		5.0286619e-02		2.0852057e-02		2.0852057e-02		7.5866777e-17
1.5900000e+02		1.6000000e+02		1.5950000e+02		3.8042347e-01		1.3203964e-02		5.4470055e-02		2.2869936e-02		2.2869936e-02		2.2551751e-16
1.6000000e+02		1.6100000e+02		1.6050000e+02		4.1635449e-01		1.5511329e-02		6.3236883e-02		2.6866411e-02		2.6866411e-02		7.1725284e-16
1.6100000e+02		1.6200000e+02		1.6150000e+02		4.7164413e-01		1.8686130e-02		7.5305144e-02		3.2365327e-02		3.2365327e-02		2.2657269e-15
1.6200000e+02		1.6300000e+02		1.6250000e+02		5.2241459e-01		2.1976249e-02		8.7563852e-02		3.8063980e-02		3.8063980e-02		6.7341283e-15
1.6300000e+02		1.6400000e+02		1.6350000e+02		1.1072121e+00		4.8867123e-02		1.9256573e-01		8.4640340e-02		8.4640340e-02		3.6865711e-14
1.6400000e+02		1.6500000e+02		1.6450000e+02		1.1323318e+00		5.2069715e-02		2.0297455e-01		9.0187392e-02		9.0187392e-02		9.3952520e-14
1.6500000e+02		1.6600000e+02		1.6550000e+02		1.3255566e+00		6.3012081e-02		2.4304178e-01		1.0914013e-01		1.0914013e-01		2.6478436e-13
1.6600000e+02		1.6700000e+02		1.6650000e+02		6.2522883e-01		3.0696451e-02		1.1717159e-01		5.3167812e-02		5.3167812e-02		2.9116593e-13
1.6700000e+02		1.6800000e+02		1.6750000e+02		6.6723830e-01		3.3566446e-02		1.2683026e-01		5.8138790e-02		5.8138790e-02		7.0178954e-13
1.6800000e+02		1.6900000e+02		1.6850000e+02		7.1904320e-01		3.7034068e-02		1.3854063e-01		6.4144887e-02		6.4144887e-02		1.6585091e-12
1.6900000e+02		1.7000000e+02		1.6950000e+02		9.0554889e-01		4.7598317e-02		1.7632358e-01		8.2442703e-02		8.2442703e-02		4.4515742e-12
1.7000000e+02		1.7100000e+02		1.7050000e+02		1.0161854e+00		5.4309413e-02		1.9926165e-01		9.4066663e-02		9.4066663e-02		1.0358243e-11
1.7100000e+02		1.7200000e+02		1.7150000e+02		1.0130704e+00		5.5268327e-02		2.0086575e-01		9.5727550e-02		9.5727550e-02		2.0880583e-11
1.7200000e+02		1.7300000e+02		1.7250000e+02		1.0571150e+00		5.8462809e-02		2.1051874e-01		1.0126056e-01		1.0126056e-01		4.2935139e-11
1.7300000e+02		1.7400000e+02		1.7350000e+02		1.0479596e+00		5.8899337e-02		2.1016433e-01		1.0201664e-01		1.0201664e-01		8.1944516e-11
1.7400000e+02		1.7500000e+02		1.7450000e+02		1.2530722e+00		7.1067989e-02		2.5133977e-01		1.2309337e-01		1.2309337e-01		1.8418469e-10
1.7500000e+02		1.7600000e+02		1.7550000e+02		1.4954862e+00		8.5914186e-02		3.0118875e-01		1.4880774e-01		1.4880774e-01		4.0456091e-10
1.7600000e+02		1.7700000e+02		1.7650000e+02		1.6135596e+00		9.3510863e-02		3.2501896e-01		1.6196557e-01		1.6196556e-01		7.8616241e-10
1.7700000e+02		1.7800000e+02		1.7750000e+02		1.9010195e+00		1.1128485e-01		3.8354277e-01		1.9275101e-01		1.9275101e-01		1.6354182e-09
1.7800000e+02		1.7900000e+02		1.7850000e+02		2.0776624e+00		1.2251261e-01		4.1876300e-01		2.1219807e-01		2.1219806e-01		3.0940912e-09
1.7900000e+02		1.8000000e+02		1.7950000e+02		2.0198657e+00		1.1958417e-01		4.0546359e-01		2.0712586e-01		2.0712585e-01		5.1082569e-09
1.8000000e+02		1.8100000e+02		1.8050000e+02		2.4976225e+00		1.4990188e-01		5.0418203e-01		2.5963767e-01		2.5963766e-01		1.0558186e-08
1.8100000e+02		1.8200000e+02		1.8150000e+02		3.0410490e+00		1.8246490e-01		6.0897431e-01		3.1603847e-01		3.1603845e-01		2.1063619e-08
1.8200000e+02		1.8300000e+02		1.8250000e+02		2.8073836e+00		1.6652209e-01		5.5164089e-01		2.8842472e-01		2.8842469e-01		3.1262920e-08
1.8300000e+02		1.8400000e+02		1.8350000e+02		2.9562417e+00		1.7231965e-01		5.6673940e-01		2.9846638e-01		2.9846633e-01		5.2016493e-08
1.8400000e+02		1.8500000e+02		1.8450000e+02		2.5409769e+00		1.4959040e-01		4.8833780e-01		2.5909816e-01		2.5909809e-01		7.0001629e-08
1.8500000e+02		1.8600000e+02		1.8550000e+02		2.8735562e+00		1.7572533e-01		5.6925923e-01		3.0436518e-01		3.0436505e-01		1.2296969e-07
1.8600000e+02		1.8700000e+02		1.8650000e+02		3.2604304e+00		1.9387764e-01		6.2389768e-01		3.3580589e-01		3.3580568e-01		2.1038977e-07
1.8700000e+02		1.8800000e+02		1.8750000e+02		3.6946466e+00		2.1671268e-01		6.9271898e-01		3.7535732e-01		3.7535696e-01		3.5577074e-07
1.8800000e+02		1.8900000e+02		1.8850000e+02		3.8870616e+00		2.3436768e-01		7.4380232e-01		4.0593665e-01		4.0593609e-01		5.5708755e-07
1.8900000e+02		1.9000000e+02		1.8950000e+02		4.3106081e+00		2.6507460e-01		8.3544299e-01		4.5912253e-01		4.5912162e-01		9.0638502e-07
1.9000000e+02		1.9100000e+02		1.9050000e+02		4.4384288e+00		2.5454827e-01		7.9789473e-01		4.4089033e-01		4.4088901e-01		1.3205979e-06
1.9100000e+02		1.9200000e+02		1.9150000e+02		4.8094361e+00		2.8142695e-01		8.7626951e-01		4.8744546e-01		4.8744341e-01		2.0502433e-06
1.9200000e+02		1.9300000e+02		1.9250000e+02		5.0365493e+00		3.1505181e-01		9.7383645e-01		5.4568526e-01		5.4568218e-01		3.0829587e-06
1.9300000e+02		1.9400000e+02		1.9350000e+02		3.8447944e+00		2.3705837e-01		7.2842957e-01		4.1059664e-01		4.1059337e-01		3.2678084e-06
1.9400000e+02		1.9500000e+02		1.9450000e+02		6.1679797e+00		3.6391550e-01		1.1123121e+00		6.3031904e-01		6.3031190e-01		7.1378515e-06
1.9500000e+02		1.9600000e+02		1.9550000e+02		5.9528271e+00		3.7829661e-01		1.1480766e+00		6.5522746e-01		6.5521784e-01		9.6211355e-06
1.9600000e+02		1.9700000e+02		1.9650000e+02		6.5508102e+00		4.3876963e-01		1.3227709e+00		7.5996904e-01		7.5995448e-01		1.4555623e-05
1.9700000e+02		1.9800000e+02		1.9750000e+02		6.5190955e+00		4.0571847e-01		1.2176798e+00		7.0272208e-01		7.0270310e-01		1.8975774e-05
1.9800000e+02		1.9900000e+02		1.9850000e+02		6.3883794e+00		4.7147340e-01		1.4031744e+00		8.1661186e-01		8.1658580e-01		2.6063659e-05
1.9900000e+02		2.0000000e+02		1.9950000e+02		6.7274707e+00		4.9470398e-01		1.4643290e+00		8.5684685e-01		8.5681072e-01		3.6131093e-05
2.0000000e+02		2.0100000e+02		2.0050000e+02		7.1125146e+00		5.0900827e-01		1.4992672e+00		8.8162054e-01		8.8157106e-01		4.9478511e-05
2.0100000e+02		2.0200000e+02		2.0150000e+02		7.5701275e+00		6.2629171e-01		1.8305288e+00		1.0847580e+00		1.0846865e+00		7.1551848e-05
2.0200000e+02		2.0300000e+02		2.0250000e+02		7.4828608e+00		5.6491577e-01		1.6451338e+00		9.7844917e-01		9.7836086e-01		8.8314136e-05
2.0300000e+02		2.0400000e+02		2.0350000e+02		8.0092047e+00		6.4001706e-01		1.8525680e+00		1.1085231e+00		1.1084001e+00		1.2301491e-04
2.0400000e+02		2.0500000e+02		2.0450000e+02		8.6207445e+00		8.1341897e-01		2.3361216e+00		1.4088556e+00		1.4086781e+00		1.7747099e-04
2.0500000e+02		2.0600000e+02		2.0550000e+02		8.6400754e+00		7.1540116e-01		2.0491235e+00		1.2390780e+00		1.2388637e+00		2.1438085e-04
2.0600000e+02		2.0700000e+02		2.0650000e+02		8.6510225e+00		7.9146195e-01		2.2521521e+00		1.3708094e+00		1.3705314e+00		2.7793490e-04
2.0700000e+02		2.0800000e+02		2.0750000e+02		9.3957826e+00		9.6892681e-01		2.7384370e+00		1.6781701e+00		1.6777790e+00		3.9104491e-04
2.0800000e+02		2.0900000e+02		2.0850000e+02		1.0163489e+01		9.6494342e-01		2.7183948e+00		1.6712526e+00		1.6707446e+00		5.0794869e-04
2.0900000e+02		2.1000000e+02		2.0950000e+02		1.3129215e+01		1.4837374e+00		4.1482488e+00		2.5697763e+00		2.5689197e+00		8.5660875e-04
2.1000000e+02		2.1100000e+02		2.1050000e+02		1.6183343e+01		1.6679308e+00		4.6497207e+00		2.8887480e+00		2.8874993e+00		1.2487026e-03
2.1100000e+02		2.1200000e+02		2.1150000e+02		1.8424170e+01		2.1133680e+00		5.8544642e+00		3.6601836e+00		3.6583897e+00		1.7939348e-03
2.1200000e+02		2.1300000e+02		2.1250000e+02		1.6428561e+01		1.9774021e+00		5.4494630e+00		3.4246572e+00		3.4226908e+00		1.9663525e-03
2.1300000e+02		2.1400000e+02		2.1350000e+02		1.6737981e+01		1.9871367e+00		5.4542845e+00		3.4414516e+00		3.4390555e+00		2.3961127e-03
2.1400000e+02		2.1500000e+02		2.1450000e+02		2.1432541e+01		2.8226806e+00		7.7011534e+00		4.8884377e+00		4.8846273e+00		3.8103824e-03
2.1500000e+02		2.1600000e+02		2.1550000e+02		1.8408135e+01		2.3428617e+00		6.3695857e+00		4.0573613e+00		4.0535143e+00		3.8470056e-03
2.1600000e+02		2.1700000e+02		2.1650000e+02		1.7036901e+01		2.3465606e+00		6.3449284e+00		4.0636914e+00		4.0593486e+00		4.3427522e-03
2.1700000e+02		2.1800000e+02		2.1750000e+02		1.7640866e+01		2.4416026e+00		6.5750888e+00		4.2281592e+00		4.2228466e+00		5.3125957e-03
2.1800000e+02		2.1900000e+02		2.1850000e+02		2.3730294e+01		3.3957940e+00		9.1035031e+00		5.8803754e+00		5.8718793e+00		8.4960570e-03
2.1900000e+02		2.2000000e+02		2.1950000e+02		2.5052511e+01		3.7385106e+00		9.9762485e+00		6.4736446e+00		6.4629908e+00		1.0653828e-02
2.2000000e+02		2.2100000e+02		2.2050000e+02		2.5203754e+01		3.7410690e+00		9.9463485e+00		6.4777981e+00		6.4653461e+00		1.2452054e-02
2.2100000e+02		2.2200000e+02		2.2150000e+02		2.0176768e+01		3.1524203e+00		8.3424357e+00		5.4583310e+00		5.4465411e+00		1.1789884e-02
2.2200000e+02		2.2300000e+02		2.2250000e+02		2.7154039e+01		4.2791486e+00		1.1281068e+01		7.4088626e+00		7.3904752e+00		1.8387359e-02
2.2300000e+02		2.2400000e+02		2.2350000e+02		3.5163062e+01		5.7672391e+00		1.5138448e+01		9.9848519e+00		9.9570198e+00		2.7832146e-02
2.2400000e+02		2.2500000e+02		2.2450000e+02		3.2875934e+01		5.4186319e+00		1.4171909e+01		9.3807288e+00		9.3508398e+00		2.9889031e-02
2.2500000e+02		2.2600000e+02		2.2550000e+02		2.8720078e+01		4.8590464e+00		1.2658131e+01		8.4114594e+00		8.3813184e+00		3.0141001e-02
2.2600000e+02		2.2700000e+02		2.2650000e+02		2.1037217e+01		3.6189959e+00		9.3926222e+00		6.2643764e+00		6.2390740e+00		2.5302382e-02
2.2700000e+02		2.2800000e+02		2.2750000e+02		2.0463841e+01		3.5856291e+00		9.2715819e+00		6.2061460e+00		6.1780119e+00		2.8134095e-02
2.2800000e+02		2.2900000e+02		2.2850000e+02		2.8509984e+01		5.1122474e+00		1.3169638e+01		8.8477597e+00		8.8030098e+00		4.4749943e-02
2.2900000e+02		2.3000000e+02		2.2950000e+02		2.5620938e+01		4.6771718e+00		1.2005588e+01		8.0940441e+00		8.0483713e+00		4.5672860e-02
2.3000000e+02		2.3100000e+02		2.3050000e+02		2.9055844e+01		5.3772420e+00		1.3754800e+01		9.3046133e+00		9.2460701e+00		5.8543222e-02
2.3100000e+02		2.3200000e+02		2.3150000e+02		2.7387429e+01		5.1489908e+00		1.3125480e+01		8.9086992e+00		8.8464566e+00		6.2242630e-02
2.3200000e+02		2.3300000e+02		2.3250000e+02		2.9413108e+01		5.6130163e+00		1.4259854e+01		9.7104198e+00		9.6352606e+00		7.5159213e-02
2.3300000e+02		2.3400000e+02		2.3350000e+02		2.6543685e+01		5.1409744e+00		1.3016996e+01		8.8926819e+00		8.8166343e+00		7.6047604e-02
2.3400000e+02		2.3500000e+02		2.3450000e+02		2.3194371e+01		4.5557345e+00		1.1497308e+01		7.8792896e+00		7.8050086e+00		7.4281040e-02
2.3500000e+02		2.3600000e+02		2.3550000e+02		3.1223226e+01		6.2169662e+00		1.5639060e+01		1.0750884e+01		1.0639418e+01		1.1146533e-01
2.3600000e+02		2.3700000e+02		2.3650000e+02		2.8911473e+01		5.8365671e+00		1.4635278e+01		1.0091502e+01		9.9767318e+00		1.1477058e-01
2.3700000e+02		2.3800000e+02		2.3750000e+02		3.0878004e+01		6.3184481e+00		1.5793744e+01		1.0922873e+01		1.0786918e+01		1.3595429e-01
2.3800000e+02		2.3900000e+02		2.3850000e+02		2.5598090e+01		5.3082673e+00		1.3227491e+01		9.1749267e+00		9.0502284e+00		1.2469827e-01
2.3900000e+02		2.4000000e+02		2.3950000e+02		2.7890834e+01		5.8602941e+00		1.4558349e+01		1.0127162e+01		9.9771982e+00		1.4996423e-01
2.4000000e+02		2.4100000e+02		2.4050000e+02		2.5623038e+01		5.4545529e+00		1.3509424e+01		9.4241272e+00		9.2724093e+00		1.5171797e-01
2.4100000e+02		2.4200000e+02		2.4150000e+02		3.0005079e+01		6.4706947e+00		1.5978277e+01		1.1177417e+01		1.0982201e+01		1.9521629e-01
2.4200000e+02		2.4300000e+02		2.4250000e+02		4.1301739e+01		9.0217257e+00		2.2211937e+01		1.5580578e+01		1.5285962e+01		2.9461646e-01
2.4300000e+02		2.4400000e+02		2.4350000e+02		3.8791639e+01		8.5804054e+00		2.1063930e+01		1.4814937e+01		1.4512213e+01		3.0272347e-01
2.4400000e+02		2.4500000e+02		2.4450000e+02		3.6329084e+01		8.1330757e+00		1.9908559e+01		1.4039098e+01		1.3729636e+01		3.0946247e-01
2.4500000e+02		2.4600000e+02		2.4550000e+02		2.9476122e+01		6.6767473e+00		1.6297463e+01		1.1522218e+01		1.1248718e+01		2.7350080e-01
2.4600000e+02		2.4700000e+02		2.4650000e+02		2.8685918e+01		6.5794316e+00		1.6014750e+01		1.1351192e+01		1.1061698e+01		2.8949429e-01
2.4700000e+02		2.4800000e+02		2.4750000e+02		3.1678139e+01		7.3536901e+00		1.7849701e+01		1.2683366e+01		1.2336373e+01		3.4699234e-01
2.4800000e+02		2.4900000e+02		2.4850000e+02		2.5406301e+01		5.9681389e+00		1.4446829e+01		1.0290548e+01		9.9890525e+00		3.0149578e-01
2.4900000e+02		2.5000000e+02		2.4950000e+02		3.0967514e+01		7.3594596e+00		1.7766509e+01		1.2685574e+01		1.2288182e+01		3.9739179e-01
2.5000000e+02		2.5100000e+02		2.5050000e+02		3.3448743e+01		8.0360230e+00		1.9348105e+01		1.3847251e+01		1.3384051e+01		4.6319914e-01
2.5100000e+02		2.5200000e+02		2.5150000e+02		2.7888154e+01		6.7742132e+00		1.6267010e+01		1.1669007e+01		1.1252903e+01		4.1610365e-01
2.5200000e+02		2.5300000e+02		2.5250000e+02		2.5069906e+01		6.1619309e+00		1.4757796e+01		1.0610596e+01		1.0208042e+01		4.0255347e-01
2.5300000e+02		2.5400000e+02		2.5350000e+02		3.1592540e+01		7.8495715e+00		1.8751081e+01		1.3511701e+01		1.2966889e+01		5.4481144e-01
2.5400000e+02		2.5500000e+02		2.5450000e+02		3.5730773e+01		8.9699900e+00		2.1372880e+01		1.5434439e+01		1.4773854e+01		6.6058481e-01
2.5500000e+02		2.5600000e+02		2.5550000e+02		4.8755658e+01		1.2363507e+01		2.9384379e+01		2.1265193e+01		2.0300402e+01		9.6479103e-01
2.5600000e+02		2.5700000e+02		2.5650000e+02		6.2803876e+01		1.6120918e+01		3.8217268e+01		2.7716827e+01		2.6386966e+01		1.3298614e+00
2.5700000e+02		2.5800000e+02		2.5750000e+02		7.8843355e+01		2.0426472e+01		4.8305248e+01		3.5104557e+01		3.3323412e+01		1.7811453e+00
2.5800000e+02		2.5900000e+02		2.5850000e+02		8.2991293e+01		2.1738130e+01		5.1280094e+01		3.7342697e+01		3.5343262e+01		1.9994345e+00
2.5900000e+02		2.6000000e+02		2.5950000e+02		7.0629481e+01		1.8677746e+01		4.3954060e+01		3.2071083e+01		3.0260208e+01		1.8108752e+00
2.6000000e+02		2.6100000e+02		2.6050000e+02		5.7868388e+01		1.5456493e+01		3.6285991e+01		2.6527785e+01		2.4950460e+01		1.5773247e+00
2.6100000e+02		2.6200000e+02		2.6150000e+02		5.9092703e+01		1.5931342e+01		3.7312032e+01		2.7329818e+01		2.5620235e+01		1.7095834e+00
2.6200000e+02		2.6300000e+02		2.6250000e+02		7.0528613e+01		1.9211699e+01		4.4888065e+01		3.2941319e+01		3.0776984e+01		2.1643351e+00
2.6300000e+02		2.6400000e+02		2.6350000e+02		1.0614195e+02		2.9217780e+01		6.8106430e+01		5.0073557e+01		4.6622221e+01		3.4513361e+00
2.6400000e+02		2.6500000e+02		2.6450000e+02		1.6548208e+02		4.5928842e+01		1.0681475e+02		7.8672556e+01		7.2985090e+01		5.6874666e+00
2.6500000e+02		2.6600000e+02		2.6550000e+02		1.7356948e+02		4.8631934e+01		1.1284166e+02		8.3259380e+01		7.6956461e+01		6.3029185e+00
2.6600000e+02		2.6700000e+02		2.6650000e+02		1.6826276e+02		4.7570034e+01		1.1012766e+02		8.1397860e+01		7.4950860e+01		6.4470006e+00
2.6700000e+02		2.6800000e+02		2.6750000e+02		1.6940220e+02		4.8338744e+01		1.1165518e+02		8.2668220e+01		7.5825764e+01		6.8424562e+00
2.6800000e+02		2.6900000e+02		2.6850000e+02		1.6778062e+02		4.8290746e+01		1.1129661e+02		8.2540033e+01		7.5405920e+01		7.1341130e+00
2.6900000e+02		2.7000000e+02		2.6950000e+02		1.5737310e+02		4.5740723e+01		1.0518486e+02		7.8137464e+01		7.1095286e+01		7.0421784e+00
2.7000000e+02		2.7100000e+02		2.7050000e+02		1.8181465e+02		5.3254464e+01		1.2219817e+02		9.0919808e+01		8.2376757e+01		8.5430505e+00
2.7100000e+02		2.7200000e+02		2.7150000e+02		1.5108640e+02		4.4625662e+01		1.0217719e+02		7.6143082e+01		6.8692785e+01		7.4502965e+00
2.7200000e+02		2.7300000e+02		2.7250000e+02		1.2154404e+02		3.6186414e+01		8.2677392e+01		6.1706264e+01		5.5423774e+01		6.2824894e+00
2.7300000e+02		2.7400000e+02		2.7350000e+02		1.2960124e+02		3.8858474e+01		8.8596074e+01		6.6221774e+01		5.9210118e+01		7.0116553e+00
2.7400000e+02		2.7500000e+02		2.7450000e+02		8.9183780e+01		2.7052623e+01		6.1544969e+01		4.6074858e+01		4.1014527e+01		5.0603309e+00
2.7500000e+02		2.7600000e+02		2.7550000e+02		1.1893609e+02		3.6306034e+01		8.2427302e+01		6.1795215e+01		5.4747280e+01		7.0479347e+00
2.7600000e+02		2.7700000e+02		2.7650000e+02		1.6564211e+02		5.1041422e+01		1.1563891e+02		8.6821054e+01		7.6558210e+01		1.0262844e+01
2.7700000e+02		2.7800000e+02		2.7750000e+02		1.5837296e+02		4.9151675e+01		1.1113117e+02		8.3552005e+01		7.3315623e+01		1.0236382e+01
2.7800000e+02		2.7900000e+02		2.7850000e+02		1.0921797e+02		3.4194435e+01		7.7154688e+01		5.8088678e+01		5.0722622e+01		7.3660567e+00
2.7900000e+02		2.8000000e+02		2.7950000e+02		6.1368404e+01		1.9350081e+01		4.3573355e+01		3.2849446e+01		2.8538673e+01		4.3107727e+00
2.8000000e+02		2.8100000e+02		2.8050000e+02		6.7313201e+01		2.1402701e+01		4.8098773e+01		3.6309795e+01		3.1384697e+01		4.9250981e+00
2.8100000e+02		2.8200000e+02		2.8150000e+02		1.3943196e+02		4.4568175e+01		9.9965859e+01		7.5557443e+01		6.4960434e+01		1.0597008e+01
2.8200000e+02		2.8300000e+02		2.8250000e+02		1.8983287e+02		6.1461569e+01		1.3757274e+02		1.0412971e+02		8.9079020e+01		1.5050689e+01
2.8300000e+02		2.8400000e+02		2.8350000e+02		1.9610227e+02		6.3790320e+01		1.4251616e+02		1.0799791e+02		9.1876977e+01		1.6120929e+01
2.8400000e+02		2.8500000e+02		2.8450000e+02		1.4459284e+02		4.7460206e+01		1.0582506e+02		8.0295533e+01		6.7943761e+01		1.2351773e+01
2.8500000e+02		2.8600000e+02		2.8550000e+02		9.2944992e+01		3.0691145e+01		6.8305378e+01		5.1887585e+01		4.3659103e+01		8.2284814e+00
2.8600000e+02		2.8700000e+02		2.8650000e+02		1.9045522e+02		6.3488352e+01		1.4102466e+02		1.0726123e+02		8.9757181e+01		1.7504052e+01
2.8700000e+02		2.8800000e+02		2.8750000e+02		2.2108403e+02		7.4197656e+01		1.6450578e+02		1.2526383e+02		1.0422205e+02		2.1041777e+01
2.8800000e+02		2.8900000e+02		2.8850000e+02		2.1010240e+02		7.1097688e+01		1.5733663e+02		1.1994474e+02		9.9228035e+01		2.0716703e+01
2.8900000e+02		2.9000000e+02		2.8950000e+02		3.1885068e+02		1.0893509e+02		2.4061403e+02		1.8364827e+02		1.5106652e+02		3.2581751e+01
2.9000000e+02		2.9100000e+02		2.9050000e+02		4.1860542e+02		1.4370978e+02		3.1685922e+02		2.4209146e+02		1.9793231e+02		4.4159150e+01
2.9100000e+02		2.9200000e+02		2.9150000e+02		4.0318642e+02		1.4003618e+02		3.0817290e+02		2.3573910e+02		1.9164793e+02		4.4091164e+01
2.9200000e+02		2.9300000e+02		2.9250000e+02		3.5818014e+02		1.2472915e+02		2.7401971e+02		2.0980781e+02		1.6947965e+02		4.0328167e+01
2.9300000e+02		2.9400000e+02		2.9350000e+02		3.7393440e+02		1.3173479e+02		2.8886975e+02		2.2143693e+02		1.7783946e+02		4.3597470e+01
2.9400000e+02		2.9500000e+02		2.9450000e+02		3.4819581e+02		1.2332795e+02		2.6996767e+02		2.0714836e+02		1.6531496e+02		4.1833395e+01
2.9500000e+02		2.9600000e+02		2.9550000e+02		3.7701055e+02		1.3510700e+02		2.9520798e+02		2.2677366e+02		1.7991271e+02		4.6860945e+01
2.9600000e+02		2.9700000e+02		2.9650000e+02		3.4493460e+02		1.2384335e+02		2.7015630e+02		2.0770244e+02		1.6367691e+02		4.4025531e+01
2.9700000e+02		2.9800000e+02		2.9750000e+02		3.5165811e+02		1.2773992e+02		2.7815213e+02		2.1408634e+02		1.6769697e+02		4.6389380e+01
2.9800000e+02		2.9900000e+02		2.9850000e+02		3.0223333e+02		1.1002686e+02		2.3919755e+02		1.8425301e+02		1.4334418e+02		4.0908826e+01
2.9900000e+02		3.0000000e+02		2.9950000e+02		3.4101318e+02		1.2572750e+02		2.7283866e+02		2.1039873e+02		1.6270155e+02		4.7697174e+01
3.0000000e+02		3.0100000e+02		3.0050000e+02		2.7131061e+02		1.0032223e+02		2.1736088e+02		1.6775109e+02		1.2882970e+02		3.8921390e+01
3.0100000e+02		3.0200000e+02		3.0150000e+02		3.1202593e+02		1.1705490e+02		2.5315645e+02		1.9559706e+02		1.4932231e+02		4.6274745e+01
3.0200000e+02		3.0300000e+02		3.0250000e+02		3.2846528e+02		1.2321712e+02		2.6608311e+02		2.0572423e+02		1.5591405e+02		4.9810175e+01
3.0300000e+02		3.0400000e+02		3.0350000e+02		4.2601061e+02		1.6212889e+02		3.4949001e+02		2.7050776e+02		2.0377736e+02		6.6730398e+01
3.0400000e+02		3.0500000e+02		3.0450000e+02		4.0776836e+02		1.5517747e+02		3.3401233e+02		2.5869556e+02		1.9344123e+02		6.5254327e+01
3.0500000e+02		3.0600000e+02		3.0550000e+02		4.1174793e+02		1.5884977e+02		3.4132444e+02		2.6463627e+02		1.9666358e+02		6.7972684e+01
3.0600000e+02		3.0700000e+02		3.0650000e+02		3.9053943e+02		1.5064089e+02		3.2321874e+02		2.5075286e+02		1.8494755e+02		6.5805304e+01
3.0700000e+02		3.0800000e+02		3.0750000e+02		4.3847484e+02		1.7119104e+02		3.6669718e+02		2.8476096e+02		2.0868940e+02		7.6071557e+01
3.0800000e+02		3.0900000e+02		3.0850000e+02		4.3035211e+02		1.6849397e+02		3.6038783e+02		2.8005159e+02		2.0373472e+02		7.6316866e+01
3.0900000e+02		3.1000000e+02		3.0950000e+02		3.4901328e+02		1.3791907e+02		2.9452336e+02		2.2906700e+02		1.6552103e+02		6.3545973e+01
3.1000000e+02		3.1100000e+02		3.1050000e+02		4.3927411e+02		1.7438124e+02		3.7183606e+02		2.8940183e+02		2.0760284e+02		8.1798998e+01
3.1100000e+02		3.1200000e+02		3.1150000e+02		5.2246540e+02		2.0898114e+02		4.4493362e+02		3.4656655e+02		2.4687343e+02		9.9693120e+01
3.1200000e+02		3.1300000e+02		3.1250000e+02		4.6521908e+02		1.8723045e+02		3.9803312e+02		3.1026168e+02		2.1942760e+02		9.0834082e+01
3.1300000e+02		3.1400000e+02		3.1350000e+02		4.9544367e+02		2.0043104e+02		4.2547748e+02		3.3188299e+02		2.3300330e+02		9.8879693e+01
3.1400000e+02		3.1500000e+02		3.1450000e+02		4.6729179e+02		1.9037605e+02		4.0353639e+02		3.1499990e+02		2.1956859e+02		9.5431311e+01
3.1500000e+02		3.1600000e+02		3.1550000e+02		4.5343123e+02		1.8562237e+02		3.9290220e+02		3.0689997e+02		2.1233412e+02		9.4565843e+01
3.1600000e+02		3.1700000e+02		3.1650000e+02		4.4229406e+02		1.8219930e+02		3.8510403e+02		3.0101604e+02		2.0674150e+02		9.4274541e+01
3.1700000e+02		3.1800000e+02		3.1750000e+02		5.6102832e+02		2.3232252e+02		4.9035943e+02		3.8353654e+02		2.6145391e+02		1.2208262e+02
3.1800000e+02		3.1900000e+02		3.1850000e+02		4.6340678e+02		1.9298324e+02		4.0675870e+02		3.1835429e+02		2.1540439e+02		1.0294990e+02
3.1900000e+02		3.2000000e+02		3.1950000e+02		4.9774832e+02		2.0841472e+02		4.3867935e+02		3.4355433e+02		2.3071195e+02		1.1284238e+02
3.2000000e+02		3.2100000e+02		3.2050000e+02		5.7184857e+02		2.4073351e+02		5.0601461e+02		3.9653408e+02		2.6428292e+02		1.3225116e+02
3.2100000e+02		3.2200000e+02		3.2150000e+02		4.8024660e+02		2.0322394e+02		4.2659559e+02		3.3450005e+02		2.2124599e+02		1.1325407e+02
3.2200000e+02		3.2300000e+02		3.2250000e+02		4.8228681e+02		2.0512512e+02		4.3001337e+02		3.3737920e+02		2.2144638e+02		1.1593282e+02
3.2300000e+02		3.2400000e+02		3.2350000e+02		4.6607071e+02		1.9926232e+02		4.1717122e+02		3.2749518e+02		2.1331441e+02		1.1418077e+02
3.2400000e+02		3.2500000e+02		3.2450000e+02		5.4882129e+02		2.3577793e+02		4.9297749e+02		3.8722445e+02		2.5027128e+02		1.3695317e+02
3.2500000e+02		3.2600000e+02		3.2550000e+02		6.3196128e+02		2.7281787e+02		5.6968765e+02		4.4772777e+02		2.8713384e+02		1.6059393e+02
3.2600000e+02		3.2700000e+02		3.2650000e+02		7.1301257e+02		3.0929190e+02		6.4502782e+02		5.0721573e+02		3.2275335e+02		1.8446238e+02
3.2700000e+02		3.2800000e+02		3.2750000e+02		6.8984049e+02		3.0064132e+02		6.2619716e+02		4.9267070e+02		3.1104518e+02		1.8162552e+02
3.2800000e+02		3.2900000e+02		3.2850000e+02		6.6596082e+02		2.9158771e+02		6.0658223e+02		4.7748833e+02		2.9909291e+02		1.7839541e+02
3.2900000e+02		3.3000000e+02		3.2950000e+02		7.7527139e+02		3.4100077e+02		7.0850022e+02		5.5800188e+02		3.4676874e+02		2.1123314e+02
3.3000000e+02		3.3100000e+02		3.3050000e+02		7.3029799e+02		3.2267185e+02		6.6960020e+02		5.2763020e+02		3.2529825e+02		2.0233195e+02
3.3100000e+02		3.3200000e+02		3.3150000e+02		6.9881652e+02		3.1014133e+02		6.4282050e+02		5.0677830e+02		3.0995944e+02		1.9681886e+02
3.3200000e+02		3.3300000e+02		3.3250000e+02		6.8562051e+02		3.0562072e+02		6.3269488e+02		4.9903663e+02		3.0278903e+02		1.9624760e+02
3.3300000e+02		3.3400000e+02		3.3350000e+02		6.5878216e+02		2.9493457e+02		6.0985156e+02		4.8124720e+02		2.8965780e+02		1.9158940e+02
3.3400000e+02		3.3500000e+02		3.3450000e+02		6.9405546e+02		3.1205819e+02		6.4450554e+02		5.0882991e+02		3.0379907e+02		2.0503084e+02
3.3500000e+02		3.3600000e+02		3.3550000e+02		6.8541663e+02		3.0947888e+02		6.3844018e+02		5.0427129e+02		2.9865051e+02		2.0562077e+02
3.3600000e+02		3.3700000e+02		3.3650000e+02		5.6469084e+02		2.5603460e+02		5.2758384e+02		4.1689794e+02		2.4490781e+02		1.7199014e+02
3.3700000e+02		3.3800000e+02		3.3750000e+02		5.9573781e+02		2.7122681e+02		5.5825740e+02		4.4132986e+02		2.5715750e+02		1.8417237e+02
3.3800000e+02		3.3900000e+02		3.3850000e+02		6.4448401e+02		2.9461720e+02		6.0572344e+02		4.7906028e+02		2.7687172e+02		2.0218856e+02
3.3900000e+02		3.4000000e+02		3.3950000e+02		6.7448220e+02		3.0957513e+02		6.3577290e+02		5.0303859e+02		2.8835832e+02		2.1468027e+02
3.4000000e+02		3.4100000e+02		3.4050000e+02		7.1196374e+02		3.2807886e+02		6.7303746e+02		5.3274385e+02		3.0288796e+02		2.2985590e+02
3.4100000e+02		3.4200000e+02		3.4150000e+02		6.4984945e+02		3.0063318e+02		6.1606731e+02		4.8784729e+02		2.7508714e+02		2.1276015e+02
3.4200000e+02		3.4300000e+02		3.4250000e+02		7.0477558e+02		3.2730861e+02		6.7001441e+02		5.3077817e+02		2.9683353e+02		2.3394464e+02
3.4300000e+02		3.4400000e+02		3.4350000e+02		6.9264465e+02		3.2290822e+02		6.6030776e+02		5.2329336e+02		2.9023497e+02		2.3305839e+02
3.4400000e+02		3.4500000e+02		3.4450000e+02		5.5710877e+02		2.6070535e+02		5.3255312e+02		4.2220995e+02		2.3223566e+02		1.8997429e+02
3.4500000e+02		3.4600000e+02		3.4550000e+02		6.7138909e+02		3.1535953e+02		6.4353128e+02		5.1038604e+02		2.7841134e+02		2.3197471e+02
3.4600000e+02		3.4700000e+02		3.4650000e+02		6.5194093e+02		3.0735603e+02		6.2655779e+02		4.9710804e+02		2.6891718e+02		2.2819086e+02
3.4700000e+02		3.4800000e+02		3.4750000e+02		6.4525828e+02		3.0531550e+02		6.2176878e+02		4.9348741e+02		2.6473763e+02		2.2874978e+02
3.4800000e+02		3.4900000e+02		3.4850000e+02		6.6761091e+02		3.1703116e+02		6.4498192e+02		5.1209356e+02		2.7242905e+02		2.3966451e+02
3.4900000e+02		3.5000000e+02		3.4950000e+02		6.3989005e+02		3.0494932e+02		6.1978870e+02		4.9226292e+02		2.5969196e+02		2.3257097e+02
3.5000000e+02		3.5100000e+02		3.5050000e+02		7.6650484e+02		3.6657454e+02		7.4430932e+02		5.9136528e+02		3.0936244e+02		2.8200283e+02
3.5100000e+02		3.5200000e+02		3.5150000e+02		7.1211510e+02		3.4174674e+02		6.9322700e+02		5.5096496e+02		2.8581141e+02		2.6515354e+02
3.5200000e+02		3.5300000e+02		3.5250000e+02		6.5785102e+02		3.1678922e+02		6.4198681e+02		5.1040869e+02		2.6254947e+02		2.4785922e+02
3.5300000e+02		3.5400000e+02		3.5350000e+02		7.5263834e+02		3.6366268e+02		7.3628123e+02		5.8556680e+02		2.9867630e+02		2.8689050e+02
3.5400000e+02		3.5500000e+02		3.5450000e+02		8.0329241e+02		3.8943814e+02		7.8772996e+02		6.2668353e+02		3.1695537e+02		3.0972815e+02
3.5500000e+02		3.5600000e+02		3.5550000e+02		7.5433512e+02		3.6691420e+02		7.4148408e+02		5.9007663e+02		2.9592269e+02		2.9415394e+02
3.5600000e+02		3.5700000e+02		3.5650000e+02		6.5576441e+02		3.2001152e+02		6.4610912e+02		5.1433448e+02		2.5575852e+02		2.5857596e+02
3.5700000e+02		3.5800000e+02		3.5750000e+02		5.7307986e+02		2.8056476e+02		5.6595356e+02		4.5066237e+02		2.2220060e+02		2.2846177e+02
3.5800000e+02		3.5900000e+02		3.5850000e+02		4.9194729e+02		2.4161246e+02		4.8694379e+02		3.8786238e+02		1.8961650e+02		1.9824588e+02
3.5900000e+02		3.6000000e+02		3.5950000e+02		7.1030971e+02		3.4995729e+02		7.0467809e+02		5.6145584e+02		2.7215357e+02		2.8930227e+02
3.6000000e+02		3.6100000e+02		3.6050000e+02		7.0092701e+02		3.4641001e+02		6.9692601e+02		5.5543756e+02		2.6694961e+02		2.8848795e+02
3.6100000e+02		3.6200000e+02		3.6150000e+02		6.5110481e+02		3.2277751e+02		6.4882007e+02		5.1724269e+02		2.4647902e+02		2.7076367e+02
3.6200000e+02		3.6300000e+02		3.6250000e+02		7.3500056e+02		3.6547505e+02		7.3401982e+02		5.8532511e+02		2.7654778e+02		3.0877733e+02
3.6300000e+02		3.6400000e+02		3.6350000e+02		7.1558904e+02		3.5689069e+02		7.1617390e+02		5.7124839e+02		2.6759723e+02		3.0365116e+02
3.6400000e+02		3.6500000e+02		3.6450000e+02		7.4837927e+02		3.7435180e+02		7.5058615e+02		5.9885557e+02		2.7813710e+02		3.2071847e+02
3.6500000e+02		3.6600000e+02		3.6550000e+02		8.5179486e+02		4.2733149e+02		8.5610484e+02		6.8322146e+02		3.1461201e+02		3.6860945e+02
3.6600000e+02		3.6700000e+02		3.6650000e+02		9.1042532e+02		4.5806814e+02		9.1693307e+02		7.3195291e+02		3.3417247e+02		3.9778044e+02
3.6700000e+02		3.6800000e+02		3.6750000e+02		8.7909512e+02		4.4357081e+02		8.8719687e+02		7.0839339e+02		3.2065123e+02		3.8774216e+02
3.6800000e+02		3.6900000e+02		3.6850000e+02		8.1047729e+02		4.1010389e+02		8.1960461e+02		6.5458482e+02		2.9375981e+02		3.6082501e+02
3.6900000e+02		3.7000000e+02		3.6950000e+02		8.9967825e+02		4.5651067e+02		9.1163047e+02		7.2825837e+02		3.2402411e+02		4.0423427e+02
3.7000000e+02		3.7100000e+02		3.7050000e+02		8.4427990e+02		4.2958199e+02		8.5718634e+02		6.8492835e+02		3.0213424e+02		3.8279412e+02
3.7100000e+02		3.7200000e+02		3.7150000e+02		8.7164560e+02		4.4471719e+02		8.8670292e+02		7.0867899e+02		3.0993143e+02		3.9874756e+02
3.7200000e+02		3.7300000e+02		3.7250000e+02		7.2411383e+02		3.7044169e+02		7.3804518e+02		5.9000277e+02		2.5581685e+02		3.3418592e+02
3.7300000e+02		3.7400000e+02		3.7350000e+02		6.3155746e+02		3.2395196e+02		6.4493554e+02		5.1568599e+02		2.2167543e+02		2.9401056e+02
3.7400000e+02		3.7500000e+02		3.7450000e+02		6.4642322e+02		3.3244928e+02		6.6135923e+02		5.2893541e+02		2.2541888e+02		3.0351654e+02
3.7500000e+02		3.7600000e+02		3.7550000e+02		7.4036161e+02		3.8174985e+02		7.5887616e+02		6.0705862e+02		2.5649097e+02		3.5056765e+02
3.7600000e+02		3.7700000e+02		3.7650000e+02		7.6758018e+02		3.9680219e+02		7.8822403e+02		6.3067020e+02		2.6417799e+02		3.6649222e+02
3.7700000e+02		3.7800000e+02		3.7750000e+02		9.0048278e+02		4.6668856e+02		9.2638162e+02		7.4136803e+02		3.0787877e+02		4.3348927e+02
3.7800000e+02		3.7900000e+02		3.7850000e+02		9.3786543e+02		4.8728168e+02		9.6657059e+02		7.7369035e+02		3.1853966e+02		4.5515070e+02
3.7900000e+02		3.8000000e+02		3.7950000e+02		7.6051322e+02		3.9611566e+02		7.8518086e+02		6.2862474e+02		2.5658869e+02		3.7203604e+02
3.8000000e+02		3.8100000e+02		3.8050000e+02		8.2814537e+02		4.3239894e+02		8.5650515e+02		6.8586458e+02		2.7754499e+02		4.0831959e+02
3.8100000e+02		3.8200000e+02		3.8150000e+02		7.4366886e+02		3.8923131e+02		7.7046728e+02		6.1708891e+02		2.4756608e+02		3.6952283e+02
3.8200000e+02		3.8300000e+02		3.8250000e+02		5.3336093e+02		2.7982525e+02		5.5352571e+02		4.4341972e+02		1.7636253e+02		2.6705719e+02
3.8300000e+02		3.8400000e+02		3.8350000e+02		4.7073026e+02		2.4754972e+02		4.8935178e+02		3.9208534e+02		1.5460354e+02		2.3748180e+02
3.8400000e+02		3.8500000e+02		3.8450000e+02		6.2969557e+02		3.3192131e+02		6.5569965e+02		5.2546676e+02		2.0541480e+02		3.2005196e+02
3.8500000e+02		3.8600000e+02		3.8550000e+02		6.6694888e+02		3.5237042e+02		6.9563848e+02		5.5757513e+02		2.1609144e+02		3.4148370e+02
3.8600000e+02		3.8700000e+02		3.8650000e+02		6.6977732e+02		3.5467250e+02		6.9972800e+02		5.6095392e+02		2.1553066e+02		3.4542326e+02
3.8700000e+02		3.8800000e+02		3.8750000e+02		6.6902499e+02		3.5507321e+02		7.0006828e+02		5.6132599e+02		2.1381835e+02		3.4750764e+02
3.8800000e+02		3.8900000e+02		3.8850000e+02		6.7841027e+02		3.6085663e+02		7.1101884e+02		5.7020546e+02		2.1533243e+02		3.5487302e+02
3.8900000e+02		3.9000000e+02		3.8950000e+02		8.1451188e+02		4.3420518e+02		8.5500461e+02		6.8579285e+02		2.5675551e+02		4.2903734e+02
3.9000000e+02		3.9100000e+02		3.9050000e+02		8.5560997e+02		4.5710809e+02		8.9954407e+02		7.2163897e+02		2.6785294e+02		4.5378604e+02
3.9100000e+02		3.9200000e+02		3.9150000e+02		9.2006232e+02		4.9260003e+02		9.6879322e+02		7.7732106e+02		2.8604025e+02		4.9128081e+02
3.9200000e+02		3.9300000e+02		3.9250000e+02		7.0614281e+02		3.7887223e+02		7.4467294e+02		5.9759302e+02		2.1801347e+02		3.7957955e+02
3.9300000e+02		3.9400000e+02		3.9350000e+02		4.3291589e+02		2.3276415e+02		4.5722293e+02		3.6697576e+02		1.3272944e+02		2.3424632e+02
3.9400000e+02		3.9500000e+02		3.9450000e+02		7.1565803e+02		3.8558480e+02		7.5696158e+02		6.0764719e+02		2.1788862e+02		3.8975857e+02
3.9500000e+02		3.9600000e+02		3.9550000e+02		8.7888136e+02		4.7449973e+02		9.3096817e+02		7.4744570e+02		2.6571560e+02		4.8173011e+02
3.9600000e+02		3.9700000e+02		3.9650000e+02		6.0712893e+02		3.2844882e+02		6.4404227e+02		5.1716037e+02		1.8227130e+02		3.3488907e+02
3.9700000e+02		3.9800000e+02		3.9750000e+02		6.8053003e+02		3.6889692e+02		7.2294009e+02		5.8060149e+02		2.0287486e+02		3.7772663e+02
3.9800000e+02		3.9900000e+02		3.9850000e+02		1.0480559e+03		5.6925022e+02		1.1149462e+03		8.9555786e+02		3.1024323e+02		5.8531463e+02
3.9900000e+02		4.0000000e+02		3.9950000e+02		1.1577145e+03		6.3004468e+02		1.2333269e+03		9.9078823e+02		3.4029038e+02		6.5049785e+02
4.0000000e+02		4.0100000e+02		4.0050000e+02		1.1939713e+03		6.5103619e+02		1.2737110e+03		1.0233763e+03		3.4847054e+02		6.7490580e+02
4.0100000e+02		4.0200000e+02		4.0150000e+02		1.2509583e+03		6.8341707e+02		1.3363284e+03		1.0738374e+03		3.6252075e+02		7.1131661e+02
4.0200000e+02		4.0300000e+02		4.0250000e+02		1.2664199e+03		6.9317512e+02		1.3546734e+03		1.0887290e+03		3.6440110e+02		7.2432787e+02
4.0300000e+02		4.0400000e+02		4.0350000e+02		1.2115903e+03		6.6440656e+02		1.2977542e+03		1.0431254e+03		3.4614969e+02		6.9697571e+02
4.0400000e+02		4.0500000e+02		4.0450000e+02		1.1914959e+03		6.5459743e+02		1.2779161e+03		1.0273167e+03		3.3798807e+02		6.8932865e+02
4.0500000e+02		4.0600000e+02		4.0550000e+02		1.1904731e+03		6.5523308e+02		1.2784858e+03		1.0279097e+03		3.3529240e+02		6.9261731e+02
4.0600000e+02		4.0700000e+02		4.0650000e+02		1.1388815e+03		6.2797193e+02		1.2246583e+03		9.8475932e+02		3.1847314e+02		6.6628618e+02
4.0700000e+02		4.0800000e+02		4.0750000e+02		1.1575323e+03		6.3939816e+02		1.2463017e+03		1.0022904e+03		3.2137535e+02		6.8091508e+02
4.0800000e+02		4.0900000e+02		4.0850000e+02		1.2307397e+03		6.8103942e+02		1.3267944e+03		1.0671572e+03		3.3925484e+02		7.2790235e+02
4.0900000e+02		4.1000000e+02		4.0950000e+02		1.2243097e+03		6.7866653e+02		1.3215082e+03		1.0630363e+03		3.3506332e+02		7.2797298e+02
4.1000000e+02		4.1100000e+02		4.1050000e+02		1.1216634e+03		6.2284249e+02		1.2122051e+03		9.7522987e+02		3.0476808e+02		6.7046179e+02
4.1100000e+02		4.1200000e+02		4.1150000e+02		1.3003372e+03		7.2329215e+02		1.4070141e+03		1.1320906e+03		3.5077608e+02		7.8131450e+02
4.1200000e+02		4.1300000e+02		4.1250000e+02		1.2760342e+03		7.1097416e+02		1.3823809e+03		1.1124012e+03		3.4174270e+02		7.7065851e+02
4.1300000e+02		4.1400000e+02		4.1350000e+02		1.2308584e+03		6.8694995e+02		1.3350285e+03		1.0744210e+03		3.2726837e+02		7.4715259e+02
4.1400000e+02		4.1500000e+02		4.1450000e+02		1.2488872e+03		6.9816421e+02		1.3561785e+03		1.0915666e+03		3.2966617e+02		7.6190040e+02
4.1500000e+02		4.1600000e+02		4.1550000e+02		1.2477523e+03		6.9866997e+02		1.3565239e+03		1.0919670e+03		3.2698751e+02		7.6497944e+02
4.1600000e+02		4.1700000e+02		4.1650000e+02		1.2947363e+03		7.2615014e+02		1.4092244e+03		1.1345147e+03		3.3684667e+02		7.9766801e+02
4.1700000e+02		4.1800000e+02		4.1750000e+02		1.1781342e+03		6.6181018e+02		1.2837715e+03		1.0336295e+03		3.0429199e+02		7.2933748e+02
4.1800000e+02		4.1900000e+02		4.1850000e+02		1.2217101e+03		6.8737335e+02		1.3327533e+03		1.0731819e+03		3.1326046e+02		7.5992148e+02
4.1900000e+02		4.2000000e+02		4.1950000e+02		1.2338424e+03		6.9528432e+02		1.3474866e+03		1.0851600e+03		3.1407672e+02		7.7108328e+02
4.2000000e+02		4.2100000e+02		4.2050000e+02		1.2494927e+03		7.0519163e+02		1.3660803e+03		1.1002481e+03		3.1575158e+02		7.8449648e+02
4.2100000e+02		4.2200000e+02		4.2150000e+02		1.2299982e+03		6.9525024e+02		1.3462305e+03		1.0843717e+03		3.0856688e+02		7.7580477e+02
4.2200000e+02		4.2300000e+02		4.2250000e+02		1.1657134e+03		6.5990948e+02		1.2772441e+03		1.0289075e+03		2.9031337e+02		7.3859414e+02
4.2300000e+02		4.2400000e+02		4.2350000e+02		1.2419943e+03		7.0414294e+02		1.3622717e+03		1.0975117e+03		3.0705969e+02		7.9045203e+02
4.2400000e+02		4.2500000e+02		4.2450000e+02		1.2850442e+03		7.2962681e+02		1.4109742e+03		1.1368597e+03		3.1538925e+02		8.2147046e+02
4.2500000e+02		4.2600000e+02		4.2550000e+02		1.2367256e+03		7.0321882e+02		1.3593340e+03		1.0953571e+03		3.0131835e+02		7.9403872e+02
4.2600000e+02		4.2700000e+02		4.2650000e+02		1.2316584e+03		7.0135008e+02		1.3551580e+03		1.0920954e+03		2.9789543e+02		7.9419997e+02
4.2700000e+02		4.2800000e+02		4.2750000e+02		1.1420512e+03		6.5125444e+02		1.2578450e+03		1.0137673e+03		2.7420700e+02		7.3956030e+02
4.2800000e+02		4.2900000e+02		4.2850000e+02		1.1495483e+03		6.5645670e+02		1.2673770e+03		1.0215435e+03		2.7399190e+02		7.4755159e+02
4.2900000e+02		4.3000000e+02		4.2950000e+02		1.0698649e+03		6.1180754e+02		1.1807006e+03		9.5176583e+02		2.5313680e+02		6.9862903e+02
4.3000000e+02		4.3100000e+02		4.3050000e+02		8.6065012e+02		4.9284789e+02		9.5074699e+02		7.6646798e+02		2.0214697e+02		5.6432101e+02
4.3100000e+02		4.3200000e+02		4.3150000e+02		1.0641754e+03		6.1022965e+02		1.1767233e+03		9.4872765e+02		2.4812275e+02		7.0060491e+02
4.3200000e+02		4.3300000e+02		4.3250000e+02		1.1990384e+03		6.8849461e+02		1.3271268e+03		1.0700824e+03		2.7752229e+02		7.9256010e+02
4.3300000e+02		4.3400000e+02		4.3350000e+02		1.3017454e+03		7.4847012e+02		1.4421785e+03		1.1629495e+03		2.9908936e+02		8.6386009e+02
4.3400000e+02		4.3500000e+02		4.3450000e+02		1.1054356e+03		6.3643861e+02		1.2258449e+03		9.8858462e+02		2.5212584e+02		7.3645878e+02
4.3500000e+02		4.3600000e+02		4.3550000e+02		1.2347447e+03		7.1181751e+02		1.3705154e+03		1.1053459e+03		2.7955615e+02		8.2578977e+02
4.3600000e+02		4.3700000e+02		4.3650000e+02		1.3814970e+03		7.9745045e+02		1.5348184e+03		1.2379603e+03		3.1049088e+02		9.2746939e+02
4.3700000e+02		4.3800000e+02		4.3750000e+02		1.2223713e+03		7.0650152e+02		1.3592713e+03		1.0964549e+03		2.7271450e+02		8.2374040e+02
4.3800000e+02		4.3900000e+02		4.3850000e+02		1.1905029e+03		6.8895459e+02		1.3250282e+03		1.0689175e+03		2.6365803e+02		8.0525943e+02
4.3900000e+02		4.4000000e+02		4.3950000e+02		1.3250738e+03		7.6779356e+02		1.4761217e+03		1.1908996e+03		2.9131003e+02		8.9958954e+02
4.4000000e+02		4.4100000e+02		4.4050000e+02		1.2562739e+03		7.2883151e+02		1.4007147e+03		1.1301500e+03		2.7415993e+02		8.5599010e+02
4.4100000e+02		4.4200000e+02		4.4150000e+02		1.3817384e+03		8.0260388e+02		1.5419501e+03		1.2441985e+03		2.9932935e+02		9.4486919e+02
4.4200000e+02		4.4300000e+02		4.4250000e+02		1.4526378e+03		8.4481122e+02		1.6224708e+03		1.3092686e+03		3.1238078e+02		9.9688781e+02
4.4300000e+02		4.4400000e+02		4.4350000e+02		1.4050936e+03		8.1814232e+02		1.5707094e+03		1.2675927e+03		2.9994073e+02		9.6765198e+02
4.4400000e+02		4.4500000e+02		4.4450000e+02		1.4475318e+03		8.4385420e+02		1.6195179e+03		1.3070772e+03		3.0673359e+02		1.0003436e+03
4.4500000e+02		4.4600000e+02		4.4550000e+02		1.3420773e+03		7.8329802e+02		1.5027901e+03		1.2129556e+03		2.8230185e+02		9.3065380e+02
4.4600000e+02		4.4700000e+02		4.4650000e+02		1.3689269e+03		7.9989783e+02		1.5341235e+03		1.2383335e+03		2.8583763e+02		9.5249582e+02
4.4700000e+02		4.4800000e+02		4.4750000e+02		1.4837056e+03		8.6796335e+02		1.6641146e+03		1.3433550e+03		3.0753174e+02		1.0358232e+03
4.4800000e+02		4.4900000e+02		4.4850000e+02		1.4587166e+03		8.5431625e+02		1.6374125e+03		1.3218905e+03		3.0013478e+02		1.0217557e+03
4.4900000e+02		4.5000000e+02		4.4950000e+02		1.4737837e+03		8.6411262e+02		1.6556512e+03		1.3367053e+03		3.0101117e+02		1.0356941e+03
4.5000000e+02		4.5100000e+02		4.5050000e+02		1.5636828e+03		9.1784413e+02		1.7580370e+03		1.4194622e+03		3.1703068e+02		1.1024315e+03
4.5100000e+02		4.5200000e+02		4.5150000e+02		1.5589734e+03		9.1608875e+02		1.7541175e+03		1.4163908e+03		3.1375851e+02		1.1026322e+03
4.5200000e+02		4.5300000e+02		4.5250000e+02		1.4757889e+03		8.6815368e+02		1.6618094e+03		1.3419423e+03		2.9483953e+02		1.0471028e+03
4.5300000e+02		4.5400000e+02		4.5350000e+02		1.4141855e+03		8.3281260e+02		1.5936642e+03		1.2869962e+03		2.8046137e+02		1.0065348e+03
4.5400000e+02		4.5500000e+02		4.5450000e+02		1.5096596e+03		8.8998676e+02		1.7025482e+03		1.3750146e+03		2.9720187e+02		1.0778127e+03
4.5500000e+02		4.5600000e+02		4.5550000e+02		1.4952815e+03		8.8244210e+02		1.6876013e+03		1.3630280e+03		2.9221465e+02		1.0708134e+03
4.5600000e+02		4.5700000e+02		4.5650000e+02		1.5527317e+03		9.1730470e+02		1.7537447e+03		1.4165373e+03		3.0121926e+02		1.1153180e+03
4.5700000e+02		4.5800000e+02		4.5750000e+02		1.5677329e+03		9.2712536e+02		1.7719918e+03		1.4313626e+03		3.0190235e+02		1.1294603e+03
4.5800000e+02		4.5900000e+02		4.5850000e+02		1.4734199e+03		8.7224285e+02		1.6666044e+03		1.3463143e+03		2.8166311e+02		1.0646512e+03
4.5900000e+02		4.6000000e+02		4.5950000e+02		1.5222067e+03		9.0203706e+02		1.7230293e+03		1.3919775e+03		2.8885977e+02		1.1031177e+03
4.6000000e+02		4.6100000e+02		4.6050000e+02		1.5039223e+03		8.9209568e+02		1.7035474e+03		1.3763188e+03		2.8330213e+02		1.0930167e+03
4.6100000e+02		4.6200000e+02		4.6150000e+02		1.5386000e+03		9.1357147e+02		1.7440587e+03		1.4091294e+03		2.8771484e+02		1.1214146e+03
4.6200000e+02		4.6300000e+02		4.6250000e+02		1.5538294e+03		9.2352027e+02		1.7625527e+03		1.4241524e+03		2.8843843e+02		1.1357140e+03
4.6300000e+02		4.6400000e+02		4.6350000e+02		1.5018384e+03		8.9348688e+02		1.7047560e+03		1.3775294e+03		2.7674990e+02		1.1007795e+03
4.6400000e+02		4.6500000e+02		4.6450000e+02		1.5281564e+03		9.1001866e+02		1.7358171e+03		1.4027057e+03		2.7954248e+02		1.1231632e+03
4.6500000e+02		4.6600000e+02		4.6550000e+02		1.4760608e+03		8.7983239e+02		1.6777779e+03		1.3558783e+03		2.6804106e+02		1.0878372e+03
4.6600000e+02		4.6700000e+02		4.6650000e+02		1.4854121e+03		8.8624053e+02		1.6895390e+03		1.3654562e+03		2.6777036e+02		1.0976858e+03
4.6700000e+02		4.6800000e+02		4.6750000e+02		1.4997486e+03		8.9562841e+02		1.7069775e+03		1.3796227e+03		2.6838232e+02		1.1112404e+03
4.6800000e+02		4.6900000e+02		4.6850000e+02		1.4665907e+03		8.7663520e+02		1.6703341e+03		1.3500772e+03		2.6053481e+02		1.0895424e+03
4.6900000e+02		4.7000000e+02		4.6950000e+02		1.5086728e+03		9.0261287e+02		1.7193791e+03		1.3897904e+03		2.6605710e+02		1.1237333e+03
4.7000000e+02		4.7100000e+02		4.7050000e+02		1.4256243e+03		8.5369742e+02		1.6257769e+03		1.3141978e+03		2.4957980e+02		1.0646180e+03
4.7100000e+02		4.7200000e+02		4.7150000e+02		1.4904926e+03		8.9334069e+02		1.7008347e+03		1.3749399e+03		2.5903615e+02		1.1159038e+03
4.7200000e+02		4.7300000e+02		4.7250000e+02		1.5269264e+03		9.1598812e+02		1.7435083e+03		1.4095067e+03		2.6343687e+02		1.1460699e+03
4.7300000e+02		4.7400000e+02		4.7350000e+02		1.4995420e+03		9.0034904e+02		1.7133077e+03		1.3851595e+03		2.5683059e+02		1.1283289e+03
4.7400000e+02		4.7500000e+02		4.7450000e+02		1.5448084e+03		9.2833250e+02		1.7661168e+03		1.4279231e+03		2.6266015e+02		1.1652630e+03
4.7500000e+02		4.7600000e+02		4.7550000e+02		1.5413846e+03		9.2707056e+02		1.7632796e+03		1.4256972e+03		2.6017400e+02		1.1655232e+03
4.7600000e+02		4.7700000e+02		4.7650000e+02		1.4853490e+03		8.9412728e+02		1.7002052e+03		1.3747632e+03		2.4889524e+02		1.1258680e+03
4.7700000e+02		4.7800000e+02		4.7750000e+02		1.5508368e+03		9.3433424e+02		1.7762289e+03		1.4363017e+03		2.5798313e+02		1.1783186e+03
4.7800000e+02		4.7900000e+02		4.7850000e+02		1.5358791e+03		9.2609350e+02		1.7601402e+03		1.4233573e+03		2.5364211e+02		1.1697152e+03
4.7900000e+02		4.8000000e+02		4.7950000e+02		1.5403519e+03		9.2955640e+02		1.7663020e+03		1.4284049e+03		2.5253723e+02		1.1758676e+03
4.8000000e+02		4.8100000e+02		4.8050000e+02		1.5442750e+03		9.3268464e+02		1.7718293e+03		1.4329389e+03		2.5134678e+02		1.1815921e+03
4.8100000e+02		4.8200000e+02		4.8150000e+02		1.5475498e+03		9.3541783e+02		1.7766079e+03		1.4368669e+03		2.5005678e+02		1.1868101e+03
4.8200000e+02		4.8300000e+02		4.8250000e+02		1.5416562e+03		9.3260095e+02		1.7708496e+03		1.4322722e+03		2.4730278e+02		1.1849695e+03
4.8300000e+02		4.8400000e+02		4.8350000e+02		1.5183412e+03		9.1922436e+02		1.7450515e+03		1.4114674e+03		2.4180234e+02		1.1696650e+03
4.8400000e+02		4.8500000e+02		4.8450000e+02		1.4920771e+03		9.0403200e+02		1.7158227e+03		1.3878850e+03		2.3590343e+02		1.1519815e+03
4.8500000e+02		4.8600000e+02		4.8550000e+02		1.4021236e+03		8.5018969e+02		1.6132709e+03		1.3049882e+03		2.2008145e+02		1.0849068e+03
4.8600000e+02		4.8700000e+02		4.8650000e+02		1.2173217e+03		7.3870074e+02		1.4014056e+03		1.1336556e+03		1.8969634e+02		9.4395928e+02
4.8700000e+02		4.8800000e+02		4.8750000e+02		1.3927585e+03		8.4580316e+02		1.6042403e+03		1.2977902e+03		2.1547068e+02		1.0823195e+03
4.8800000e+02		4.8900000e+02		4.8850000e+02		1.4651201e+03		8.9041763e+02		1.6884943e+03		1.3660049e+03		2.2503327e+02		1.1409716e+03
4.8900000e+02		4.9000000e+02		4.8950000e+02		1.4372192e+03		8.7411249e+02		1.6572189e+03		1.3407563e+03		2.1915939e+02		1.1215969e+03
4.9000000e+02		4.9100000e+02		4.9050000e+02		1.5307557e+03		9.3168862e+02		1.7660010e+03		1.4288217e+03		2.3174424e+02		1.1970775e+03
4.9100000e+02		4.9200000e+02		4.9150000e+02		1.4425606e+03		8.7865097e+02		1.6651182e+03		1.3472528e+03		2.1682313e+02		1.1304297e+03
4.9200000e+02		4.9300000e+02		4.9250000e+02		1.3729411e+03		8.3685173e+02		1.5855744e+03		1.2829430e+03		2.0487758e+02		1.0780654e+03
4.9300000e+02		4.9400000e+02		4.9350000e+02		1.4509629e+03		8.8504248e+02		1.6765347e+03		1.3565937e+03		2.1496727e+02		1.1416264e+03
4.9400000e+02		4.9500000e+02		4.9450000e+02		1.4929449e+03		9.1129654e+02		1.7259148e+03		1.3966028e+03		2.1960180e+02		1.1770010e+03
4.9500000e+02		4.9600000e+02		4.9550000e+02		1.4663156e+03		8.9567098e+02		1.6959781e+03		1.3724290e+03		2.1414023e+02		1.1582888e+03
4.9600000e+02		4.9700000e+02		4.9650000e+02		1.4846220e+03		9.0748418e+02		1.7180023e+03		1.3903025e+03		2.1526231e+02		1.1750402e+03
4.9700000e+02		4.9800000e+02		4.9750000e+02		1.5123203e+03		9.2505193e+02		1.7509131e+03		1.4169870e+03		2.1771074e+02		1.1992763e+03
4.9800000e+02		4.9900000e+02		4.9850000e+02		1.3744029e+03		8.4126465e+02		1.5920099e+03		1.2884352e+03		1.9644310e+02		1.0919921e+03
4.9900000e+02		5.0000000e+02		4.9950000e+02		1.4721832e+03		9.0172433e+02		1.7060918e+03		1.3808120e+03		2.0891708e+02		1.1718949e+03
