Left Bin Edge (nm)	Right Bin Edge (nm)	Bin Center (nm)		Top of Atm Intensity (erg/s/nm/cm2)		Total Surface Flux (erg/s/nm/cm2)		Total Intensity at BOA (erg/s/nm/cm2)		Total Surface Intensity (erg/s/nm/cm2)		Total Surface Diffuse Intensity (erg/s/nm/cm2)		Total Surface Direct Intensity (erg/s/nm/cm2)
1.0000000e+02		1.0100000e+02		1.0050000e+02		4.4569042e-02		0.0000000e+00		0.0000000e+00		0.0000000e+00		0.0000000e+00		0.0000000e+00
1.0100000e+02		1.0200000e+02		1.0150000e+02		1.7387199e-01		0.0000000e+00		0.0000000e+00		0.0000000e+00		0.0000000e+00		0.0000000e+00
1.0200000e+02		1.0300000e+02		1.0250000e+02		9.2286085e-01		0.0000000e+00		0.0000000e+00		0.0000000e+00		0.0000000e+00		0.0000000e+00
1.0300000e+02		1.0400000e+02		1.0350000e+02		7.0094286e-01		0.0000000e+00		0.0000000e+00		0.0000000e+00		0.0000000e+00		0.0000000e+00
1.0400000e+02		1.0500000e+02		1.0450000e+02		1.4124828e-01		0.0000000e+00		0.0000000e+00		0.0000000e+00		0.0000000e+00		0.0000000e+00
1.0500000e+02		1.0600000e+02		1.0550000e+02		4.8389941e-02		0.0000000e+00		0.0000000e+00		0.0000000e+00		0.0000000e+00		0.0000000e+00
1.0600000e+02		1.0700000e+02		1.0650000e+02		4.5487167e-02		0.0000000e+00		0.0000000e+00		0.0000000e+00		0.0000000e+00		0.0000000e+00
1.0700000e+02		1.0800000e+02		1.0750000e+02		5.0757295e-02		0.0000000e+00		0.0000000e+00		0.0000000e+00		0.0000000e+00		0.0000000e+00
1.0800000e+02		1.0900000e+02		1.0850000e+02		7.1152114e-02		0.0000000e+00		0.0000000e+00		0.0000000e+00		0.0000000e+00		0.0000000e+00
1.0900000e+02		1.1000000e+02		1.0950000e+02		5.5817450e-02		1.4121210e-05		1.4203913e-04		2.4458652e-05		2.4458652e-05		6.7223016e-111
1.1000000e+02		1.1100000e+02		1.1050000e+02		5.4043772e-02		9.8352962e-06		9.7121966e-05		1.7035233e-05		1.7035233e-05		1.4691185e-105
1.1100000e+02		1.1200000e+02		1.1150000e+02		5.0797691e-02		1.9609350e-06		1.9425722e-05		3.3964391e-06		3.3964391e-06		1.3785908e-100
1.1200000e+02		1.1300000e+02		1.1250000e+02		5.1969037e-02		1.6057507e-06		1.5622699e-05		2.7812417e-06		2.7812417e-06		7.4982280e-96
1.1300000e+02		1.1400000e+02		1.1350000e+02		4.1221387e-02		5.2369513e-06		4.8616806e-05		9.0706657e-06		9.0706657e-06		1.8333815e-91
1.1400000e+02		1.1500000e+02		1.1450000e+02		3.1562600e-02		6.3633579e-06		5.7380168e-05		1.1021659e-05		1.1021659e-05		2.2436437e-87
1.1500000e+02		1.1600000e+02		1.1550000e+02		4.3552050e-02		5.8538869e-05		5.0368221e-04		1.0139229e-04		1.0139229e-04		3.0304555e-83
1.1600000e+02		1.1700000e+02		1.1650000e+02		1.0143732e-01		1.4918724e-04		1.2551067e-03		2.5839988e-04		2.5839988e-04		3.7680047e-79
1.1700000e+02		1.1800000e+02		1.1750000e+02		3.6108525e-01		6.3180486e-04		5.1940755e-03		1.0943181e-03		1.0943181e-03		4.4213405e-75
1.1800000e+02		1.1900000e+02		1.1850000e+02		1.2283927e-01		1.5469724e-04		1.2501624e-03		2.6794348e-04		2.6794348e-04		3.0789063e-72
1.1900000e+02		1.2000000e+02		1.1950000e+02		1.7115732e-01		1.0455535e-04		8.3552527e-04		1.8109517e-04		1.8109517e-04		5.6023439e-69
1.2000000e+02		1.2100000e+02		1.2050000e+02		9.3056497e-01		2.2775235e-04		1.8084421e-03		3.9447864e-04		3.9447864e-04		2.6126650e-65
1.2100000e+02		1.2200000e+02		1.2150000e+02		3.6941242e+01		4.8303976e-03		3.8011480e-02		8.3664941e-03		8.3664941e-03		6.1928538e-61
1.2200000e+02		1.2300000e+02		1.2250000e+02		2.4773856e-01		3.4443243e-05		2.6560391e-04		5.9657448e-05		5.9657448e-05		1.8483774e-60
1.2300000e+02		1.2400000e+02		1.2350000e+02		1.3344721e-01		7.4329184e-06		5.7222706e-05		1.2874192e-05		1.2874192e-05		2.9125726e-58
1.2400000e+02		1.2500000e+02		1.2450000e+02		1.0726631e-01		1.4411114e-06		1.1229379e-05		2.4960782e-06		2.4960782e-06		4.6533285e-56
1.2500000e+02		1.2600000e+02		1.2550000e+02		1.0471361e-01		6.6452384e-07		5.1780595e-06		1.1509891e-06		1.1509891e-06		7.1745832e-54
1.2600000e+02		1.2700000e+02		1.2650000e+02		1.4644878e-01		2.3103913e-06		1.7313336e-05		4.0017151e-06		4.0017151e-06		1.5192756e-51
1.2700000e+02		1.2800000e+02		1.2750000e+02		7.6659940e-02		1.1294234e-05		7.9394777e-05		1.9562188e-05		1.9562188e-05		1.0946410e-49
1.2800000e+02		1.2900000e+02		1.2850000e+02		6.1165494e-02		5.9156710e-05		3.9616312e-04		1.0246243e-04		1.0246243e-04		8.7535839e-48
1.2900000e+02		1.3000000e+02		1.2950000e+02		8.1594975e-02		2.0157550e-04		1.3101174e-03		3.4913900e-04		3.4913900e-04		8.4474967e-46
1.3000000e+02		1.3100000e+02		1.3050000e+02		6.7007791e-01		2.5874480e-03		1.6440983e-02		4.4815914e-03		4.4815914e-03		3.9099080e-43
1.3100000e+02		1.3200000e+02		1.3150000e+02		9.0731094e-02		3.3756186e-04		2.1091239e-03		5.8467429e-04		5.8467429e-04		2.3682974e-42
1.3200000e+02		1.3300000e+02		1.3250000e+02		7.0547730e-02		3.8021778e-04		2.3262244e-03		6.5855651e-04		6.5855651e-04		7.0492279e-41
1.3300000e+02		1.3400000e+02		1.3350000e+02		9.5357088e-01		6.6559695e-03		3.9938862e-02		1.1528477e-02		1.1528477e-02		3.0386953e-38
1.3400000e+02		1.3500000e+02		1.3450000e+02		6.5246966e-02		7.4458650e-04		4.3743349e-03		1.2896616e-03		1.2896616e-03		5.7088023e-38
1.3500000e+02		1.3600000e+02		1.3550000e+02		1.3692679e-01		1.7836901e-03		1.0296759e-02		3.0894418e-03		3.0894418e-03		2.7521446e-36
1.3600000e+02		1.3700000e+02		1.3650000e+02		8.9861989e-02		1.2401404e-03		7.0407218e-03		2.1479861e-03		2.1479861e-03		3.5673129e-35
1.3700000e+02		1.3800000e+02		1.3750000e+02		9.2282630e-02		1.3090222e-03		7.3126212e-03		2.2672930e-03		2.2672930e-03		6.2877517e-34
1.3800000e+02		1.3900000e+02		1.3850000e+02		9.4180145e-02		1.3734590e-03		7.5513388e-03		2.3789008e-03		2.3789008e-03		9.6626981e-33
1.3900000e+02		1.4000000e+02		1.3950000e+02		3.1801144e-01		4.8029922e-03		2.5994218e-02		8.3190266e-03		8.3190266e-03		4.3433303e-31
1.4000000e+02		1.4100000e+02		1.4050000e+02		2.7729440e-01		4.4135548e-03		2.3514964e-02		7.6445011e-03		7.6445011e-03		4.4904830e-30
1.4100000e+02		1.4200000e+02		1.4150000e+02		1.3359910e-01		2.1786814e-03		1.1432626e-02		3.7735869e-03		3.7735869e-03		2.2916446e-29
1.4200000e+02		1.4300000e+02		1.4250000e+02		1.4479671e-01		2.4526672e-03		1.2677489e-02		4.2481442e-03		4.2481442e-03		2.3713864e-28
1.4300000e+02		1.4400000e+02		1.4350000e+02		1.6064305e-01		2.8363268e-03		1.4443623e-02		4.9126621e-03		4.9126621e-03		2.2751317e-27
1.4400000e+02		1.4500000e+02		1.4450000e+02		1.5363637e-01		2.7603155e-03		1.3854572e-02		4.7810066e-03		4.7810066e-03		1.7092723e-26
1.4500000e+02		1.4600000e+02		1.4550000e+02		1.6382583e-01		3.0392124e-03		1.5036538e-02		5.2640703e-03		5.2640703e-03		1.3110770e-25
1.4600000e+02		1.4700000e+02		1.4650000e+02		1.9977093e-01		3.8360267e-03		1.8711324e-02		6.6441932e-03		6.6441932e-03		1.0569137e-24
1.4700000e+02		1.4800000e+02		1.4750000e+02		2.4643334e-01		4.8220616e-03		2.3197818e-02		8.3520558e-03		8.3520558e-03		7.9425797e-24
1.4800000e+02		1.4900000e+02		1.4850000e+02		2.4167300e-01		4.8035205e-03		2.2796654e-02		8.3199416e-03		8.3199416e-03		4.3949717e-23
1.4900000e+02		1.5000000e+02		1.4950000e+02		2.1832777e-01		4.5207301e-03		2.1164291e-02		7.8301341e-03		7.8301341e-03		2.0887708e-22
1.5000000e+02		1.5100000e+02		1.5050000e+02		2.4023073e-01		5.2849389e-03		2.4407620e-02		9.1537827e-03		9.1537827e-03		1.1310055e-21
1.5100000e+02		1.5200000e+02		1.5150000e+02		2.5258505e-01		5.7948884e-03		2.6411015e-02		1.0037041e-02		1.0037041e-02		5.4715982e-21
1.5200000e+02		1.5300000e+02		1.5250000e+02		3.2229547e-01		7.9243604e-03		3.5639460e-02		1.3725395e-02		1.3725395e-02		3.0275790e-20
1.5300000e+02		1.5400000e+02		1.5350000e+02		3.5701286e-01		9.5854514e-03		4.2541603e-02		1.6602489e-02		1.6602489e-02		1.3737429e-19
1.5400000e+02		1.5500000e+02		1.5450000e+02		9.5486931e-01		2.6922049e-02		1.1797471e-01		4.6630356e-02		4.6630356e-02		1.4169219e-18
1.5500000e+02		1.5600000e+02		1.5550000e+02		7.8587524e-01		2.3116105e-02		1.0004256e-01		4.0038268e-02		4.0038268e-02		4.2596370e-18
1.5600000e+02		1.5700000e+02		1.5650000e+02		4.6648084e-01		1.5201126e-02		6.4948530e-02		2.6329122e-02		2.6329122e-02		8.8361667e-18
1.5700000e+02		1.5800000e+02		1.5750000e+02		4.2309893e-01		1.4554230e-02		6.1430697e-02		2.5208666e-02		2.5208666e-02		2.6538705e-17
1.5800000e+02		1.5900000e+02		1.5850000e+02		3.9008072e-01		1.4135503e-02		5.8951944e-02		2.4483410e-02		2.4483410e-02		7.7339719e-17
1.5900000e+02		1.6000000e+02		1.5950000e+02		3.8042347e-01		1.4735290e-02		6.0723272e-02		2.5522271e-02		2.5522271e-02		2.2851330e-16
1.6000000e+02		1.6100000e+02		1.6050000e+02		4.1635449e-01		1.6892510e-02		6.8811430e-02		2.9258686e-02		2.9258686e-02		7.2476903e-16
1.6100000e+02		1.6200000e+02		1.6150000e+02		4.7164413e-01		1.9960884e-02		8.0391449e-02		3.4573265e-02		3.4573265e-02		2.2844107e-15
1.6200000e+02		1.6300000e+02		1.6250000e+02		5.2241459e-01		2.3041912e-02		9.1768136e-02		3.9909762e-02		3.9909762e-02		6.7746577e-15
1.6300000e+02		1.6400000e+02		1.6350000e+02		1.1072121e+00		5.0635731e-02		1.9946649e-01		8.7703658e-02		8.7703658e-02		3.7035707e-14
1.6400000e+02		1.6500000e+02		1.6450000e+02		1.1323318e+00		5.3532082e-02		2.0861873e-01		9.2720286e-02		9.2720286e-02		9.4297552e-14
1.6500000e+02		1.6600000e+02		1.6550000e+02		1.3255566e+00		6.4565196e-02		2.4897261e-01		1.1183020e-01		1.1183020e-01		2.6566003e-13
1.6600000e+02		1.6700000e+02		1.6650000e+02		6.2522883e-01		3.1359573e-02		1.1967739e-01		5.4316373e-02		5.4316373e-02		2.9203164e-13
1.6700000e+02		1.6800000e+02		1.6750000e+02		6.6723830e-01		3.4346516e-02		1.2974777e-01		5.9489911e-02		5.9489911e-02		7.0409178e-13
1.6800000e+02		1.6900000e+02		1.6850000e+02		7.1904320e-01		3.7967849e-02		1.4199783e-01		6.5762244e-02		6.5762244e-02		1.6645617e-12
1.6900000e+02		1.7000000e+02		1.6950000e+02		9.0554889e-01		4.8978181e-02		1.8138173e-01		8.4832698e-02		8.4832698e-02		4.4707217e-12
1.7000000e+02		1.7100000e+02		1.7050000e+02		1.0161854e+00		5.6204713e-02		2.0614161e-01		9.7349418e-02		9.7349418e-02		1.0413213e-11
1.7100000e+02		1.7200000e+02		1.7150000e+02		1.0130704e+00		5.7381775e-02		2.0846398e-01		9.9388149e-02		9.9388149e-02		2.1004984e-11
1.7200000e+02		1.7300000e+02		1.7250000e+02		1.0571150e+00		6.1136271e-02		2.2003989e-01		1.0589113e-01		1.0589113e-01		4.3248504e-11
1.7300000e+02		1.7400000e+02		1.7350000e+02		1.0479596e+00		6.1935273e-02		2.2087618e-01		1.0727504e-01		1.0727504e-01		8.2634888e-11
1.7400000e+02		1.7500000e+02		1.7450000e+02		1.2530722e+00		7.5450390e-02		2.6666196e-01		1.3068391e-01		1.3068391e-01		1.8608563e-10
1.7500000e+02		1.7600000e+02		1.7550000e+02		1.4954862e+00		9.1867877e-02		3.2181828e-01		1.5911983e-01		1.5911983e-01		4.0936413e-10
1.7600000e+02		1.7700000e+02		1.7650000e+02		1.6135596e+00		1.0093902e-01		3.5053138e-01		1.7483152e-01		1.7483152e-01		7.9711310e-10
1.7700000e+02		1.7800000e+02		1.7750000e+02		1.9010195e+00		1.2114960e-01		4.1713081e-01		2.0983726e-01		2.0983726e-01		1.6614288e-09
1.7800000e+02		1.7900000e+02		1.7850000e+02		2.0776624e+00		1.3470902e-01		4.5993745e-01		2.3332286e-01		2.3332286e-01		3.1506300e-09
1.7900000e+02		1.8000000e+02		1.7950000e+02		2.0198657e+00		1.3303727e-01		4.5050218e-01		2.3042731e-01		2.3042731e-01		5.2161536e-09
1.8000000e+02		1.8100000e+02		1.8050000e+02		2.4976225e+00		1.6775775e-01		5.6346766e-01		2.9056495e-01		2.9056494e-01		1.0799598e-08
1.8100000e+02		1.8200000e+02		1.8150000e+02		3.0410490e+00		2.0705546e-01		6.8996504e-01		3.5863058e-01		3.5863056e-01		2.1620795e-08
1.8200000e+02		1.8300000e+02		1.8250000e+02		2.8073836e+00		1.9281563e-01		6.3756232e-01		3.3396647e-01		3.3396644e-01		3.2253748e-08
1.8300000e+02		1.8400000e+02		1.8350000e+02		2.9562417e+00		2.0424990e-01		6.7028121e-01		3.5377119e-01		3.5377114e-01		5.3994846e-08
1.8400000e+02		1.8500000e+02		1.8450000e+02		2.5409769e+00		1.7863781e-01		5.8180801e-01		3.0940975e-01		3.0940968e-01		7.2851812e-08
1.8500000e+02		1.8600000e+02		1.8550000e+02		2.8735562e+00		2.0800622e-01		6.7233314e-01		3.6027732e-01		3.6027719e-01		1.2780324e-07
1.8600000e+02		1.8700000e+02		1.8650000e+02		3.2604304e+00		2.3622423e-01		7.5813839e-01		4.0915233e-01		4.0915211e-01		2.2044179e-07
1.8700000e+02		1.8800000e+02		1.8750000e+02		3.6946466e+00		2.6950962e-01		8.5889116e-01		4.6680429e-01		4.6680391e-01		3.7514089e-07
1.8800000e+02		1.8900000e+02		1.8850000e+02		3.8870616e+00		2.9055966e-01		9.1937294e-01		5.0326400e-01		5.0326341e-01		5.8753653e-07
1.8900000e+02		1.9000000e+02		1.8950000e+02		4.3106081e+00		3.2902890e-01		1.0338464e+00		5.6989463e-01		5.6989368e-01		9.5723959e-07
1.9000000e+02		1.9100000e+02		1.9050000e+02		4.4384288e+00		3.3270681e-01		1.0388093e+00		5.7626489e-01		5.7626347e-01		1.4170586e-06
1.9100000e+02		1.9200000e+02		1.9150000e+02		4.8094361e+00		3.6811255e-01		1.1416325e+00		6.3758930e-01		6.3758710e-01		2.2034327e-06
1.9200000e+02		1.9300000e+02		1.9250000e+02		5.0365493e+00		4.0167099e-01		1.2371225e+00		6.9571405e-01		6.9571076e-01		3.2922179e-06
1.9300000e+02		1.9400000e+02		1.9350000e+02		3.8447944e+00		3.0834761e-01		9.4372990e-01		5.3407319e-01		5.3406967e-01		3.5153771e-06
1.9400000e+02		1.9500000e+02		1.9450000e+02		6.1679797e+00		4.9088367e-01		1.4934357e+00		8.5023426e-01		8.5022648e-01		7.7786368e-06
1.9500000e+02		1.9600000e+02		1.9550000e+02		5.9528271e+00		4.9517138e-01		1.4965177e+00		8.5766038e-01		8.5764998e-01		1.0398761e-05
1.9600000e+02		1.9700000e+02		1.9650000e+02		6.5508102e+00		5.6403239e-01		1.6937767e+00		9.7693033e-01		9.7691467e-01		1.5661428e-05
1.9700000e+02		1.9800000e+02		1.9750000e+02		6.5190955e+00		5.4974420e-01		1.6418973e+00		9.5218168e-01		9.5216087e-01		2.0807774e-05
1.9800000e+02		1.9900000e+02		1.9850000e+02		6.3883794e+00		5.8694479e-01		1.7408448e+00		1.0166139e+00		1.0165861e+00		2.7820260e-05
1.9900000e+02		2.0000000e+02		1.9950000e+02		6.7274707e+00		6.2414253e-01		1.8406336e+00		1.0810406e+00		1.0810018e+00		3.8781364e-05
2.0000000e+02		2.0100000e+02		2.0050000e+02		7.1125146e+00		6.5943344e-01		1.9341534e+00		1.1421639e+00		1.1421103e+00		5.3658095e-05
2.0100000e+02		2.0200000e+02		2.0150000e+02		7.5701275e+00		7.5549785e-01		2.2015634e+00		1.3085489e+00		1.3084731e+00		7.5820479e-05
2.0200000e+02		2.0300000e+02		2.0250000e+02		7.4828608e+00		7.2587729e-01		2.1050966e+00		1.2572416e+00		1.2571458e+00		9.5752161e-05
2.0300000e+02		2.0400000e+02		2.0350000e+02		8.0092047e+00		8.0501390e-01		2.3212869e+00		1.3943045e+00		1.3941720e+00		1.3253104e-04
2.0400000e+02		2.0500000e+02		2.0450000e+02		8.6207445e+00		9.4027859e-01		2.6941259e+00		1.6285816e+00		1.6283957e+00		1.8585508e-04
2.0500000e+02		2.0600000e+02		2.0550000e+02		8.6400754e+00		9.0098938e-01		2.5706025e+00		1.5605236e+00		1.5602920e+00		2.3162837e-04
2.0600000e+02		2.0700000e+02		2.0650000e+02		8.6510225e+00		9.5162414e-01		2.6995131e+00		1.6482157e+00		1.6479201e+00		2.9559039e-04
2.0700000e+02		2.0800000e+02		2.0750000e+02		9.3957826e+00		1.0987218e+00		3.0988046e+00		1.9029789e+00		1.9025713e+00		4.0766484e-04
2.0800000e+02		2.0900000e+02		2.0850000e+02		1.0163489e+01		1.1599223e+00		3.2573595e+00		2.0089607e+00		2.0084195e+00		5.4119994e-04
2.0900000e+02		2.1000000e+02		2.0950000e+02		1.3129215e+01		1.6289806e+00		4.5472295e+00		2.8213405e+00		2.8204566e+00		8.8396913e-04
2.1000000e+02		2.1100000e+02		2.1050000e+02		1.6183343e+01		1.9522961e+00		5.4276167e+00		3.3812722e+00		3.3799525e+00		1.3196532e-03
2.1100000e+02		2.1200000e+02		2.1150000e+02		1.8424170e+01		2.3484414e+00		6.4939326e+00		4.0673323e+00		4.0654712e+00		1.8611140e-03
2.1200000e+02		2.1300000e+02		2.1250000e+02		1.6428561e+01		2.1582173e+00		5.9388485e+00		3.7378288e+00		3.7358011e+00		2.0276835e-03
2.1300000e+02		2.1400000e+02		2.1350000e+02		1.6737981e+01		2.2087048e+00		6.0512678e+00		3.8252044e+00		3.8227157e+00		2.4887504e-03
2.1400000e+02		2.1500000e+02		2.1450000e+02		2.1432541e+01		2.9814624e+00		8.1266932e+00		5.1634442e+00		5.1595588e+00		3.8854023e-03
2.1500000e+02		2.1600000e+02		2.1550000e+02		1.8408135e+01		2.5505045e+00		6.9237379e+00		4.4169903e+00		4.4130219e+00		3.9684168e-03
2.1600000e+02		2.1700000e+02		2.1650000e+02		1.7036901e+01		2.4624167e+00		6.6525811e+00		4.2643481e+00		4.2599282e+00		4.4198947e-03
2.1700000e+02		2.1800000e+02		2.1750000e+02		1.7640866e+01		2.5800741e+00		6.9411975e+00		4.4679817e+00		4.4625592e+00		5.4225880e-03
2.1800000e+02		2.1900000e+02		2.1850000e+02		2.3730294e+01		3.5526343e+00		9.5163145e+00		6.1520083e+00		6.1433672e+00		8.6411308e-03
2.1900000e+02		2.2000000e+02		2.1950000e+02		2.5052511e+01		3.8520138e+00		1.0273653e+01		6.6702192e+00		6.6594443e+00		1.0774840e-02
2.2000000e+02		2.2100000e+02		2.2050000e+02		2.5203754e+01		3.9041839e+00		1.0372014e+01		6.7602897e+00		6.7476315e+00		1.2658180e-02
2.2100000e+02		2.2200000e+02		2.2150000e+02		2.0176768e+01		3.2214545e+00		8.5217896e+00		5.5778863e+00		5.5659973e+00		1.1888977e-02
2.2200000e+02		2.2300000e+02		2.2250000e+02		2.7154039e+01		4.3917224e+00		1.1572361e+01		7.6038170e+00		7.5852415e+00		1.8575530e-02
2.2300000e+02		2.2400000e+02		2.2350000e+02		3.5163062e+01		5.8335774e+00		1.5309381e+01		1.0099734e+01		1.0071776e+01		2.7958085e-02
2.2400000e+02		2.2500000e+02		2.2450000e+02		3.2875934e+01		5.5157431e+00		1.4421165e+01		9.5488974e+00		9.5187948e+00		3.0102582e-02
2.2500000e+02		2.2600000e+02		2.2550000e+02		2.8720078e+01		4.9142424e+00		1.2799239e+01		8.5070404e+00		8.4767613e+00		3.0279112e-02
2.2600000e+02		2.2700000e+02		2.2650000e+02		2.1037217e+01		3.6568487e+00		9.4890204e+00		6.3299226e+00		6.3045121e+00		2.5410448e-02
2.2700000e+02		2.2800000e+02		2.2750000e+02		2.0463841e+01		3.6158605e+00		9.3482790e+00		6.2584932e+00		6.2302611e+00		2.8232117e-02
2.2800000e+02		2.2900000e+02		2.2850000e+02		2.8509984e+01		5.1299295e+00		1.3214328e+01		8.8783761e+00		8.8335615e+00		4.4814639e-02
2.2900000e+02		2.3000000e+02		2.2950000e+02		2.5620938e+01		4.6843755e+00		1.2023727e+01		8.1065167e+00		8.0608141e+00		4.5702607e-02
2.3000000e+02		2.3100000e+02		2.3050000e+02		2.9055844e+01		5.3883781e+00		1.3782742e+01		9.3238936e+00		9.2652985e+00		5.8595098e-02
2.3100000e+02		2.3200000e+02		2.3150000e+02		2.7387429e+01		5.1554604e+00		1.3141655e+01		8.9198997e+00		8.8576232e+00		6.2276478e-02
2.3200000e+02		2.3300000e+02		2.3250000e+02		2.9413108e+01		5.6177904e+00		1.4271748e+01		9.7186845e+00		9.6434973e+00		7.5187196e-02
2.3300000e+02		2.3400000e+02		2.3350000e+02		2.6543685e+01		5.1431984e+00		1.3022519e+01		8.8965318e+00		8.8204697e+00		7.6062168e-02
2.3400000e+02		2.3500000e+02		2.3450000e+02		2.3194371e+01		4.5575224e+00		1.1501732e+01		7.8823843e+00		7.8080902e+00		7.4294089e-02
2.3500000e+02		2.3600000e+02		2.3550000e+02		3.1223226e+01		6.2200430e+00		1.5646648e+01		1.0756209e+01		1.0644719e+01		1.1149029e-01
2.3600000e+02		2.3700000e+02		2.3650000e+02		2.8911473e+01		5.8390487e+00		1.4641378e+01		1.0095797e+01		9.9810043e+00		1.1479290e-01
2.3700000e+02		2.3800000e+02		2.3750000e+02		3.0878004e+01		6.3211313e+00		1.5800318e+01		1.0927516e+01		1.0791535e+01		1.3598098e-01
2.3800000e+02		2.3900000e+02		2.3850000e+02		2.5598090e+01		5.3107233e+00		1.3233490e+01		9.1791766e+00		9.0544514e+00		1.2472523e-01
2.3900000e+02		2.4000000e+02		2.3950000e+02		2.7890834e+01		5.8633074e+00		1.4565686e+01		1.0132376e+01		9.9823754e+00		1.5000064e-01
2.4000000e+02		2.4100000e+02		2.4050000e+02		2.5623038e+01		5.4574951e+00		1.3516565e+01		9.4292172e+00		9.2774601e+00		1.5175701e-01
2.4100000e+02		2.4200000e+02		2.4150000e+02		3.0005079e+01		6.4741905e+00		1.5986736e+01		1.1183464e+01		1.0988197e+01		1.9526711e-01
2.4200000e+02		2.4300000e+02		2.4250000e+02		4.1301739e+01		9.0266359e+00		2.2223782e+01		1.5589071e+01		1.5294377e+01		2.9469451e-01
2.4300000e+02		2.4400000e+02		2.4350000e+02		3.8791639e+01		8.5857861e+00		2.1076872e+01		1.4824242e+01		1.4521425e+01		3.0281678e-01
2.4400000e+02		2.4500000e+02		2.4450000e+02		3.6329084e+01		8.1406310e+00		1.9926679e+01		1.4052162e+01		1.3742557e+01		3.0960517e-01
2.4500000e+02		2.4600000e+02		2.4550000e+02		2.9476122e+01		6.6856828e+00		1.6318830e+01		1.1537667e+01		1.1263983e+01		2.7368425e-01
2.4600000e+02		2.4700000e+02		2.4650000e+02		2.8685918e+01		6.5873894e+00		1.6033726e+01		1.1364948e+01		1.1075277e+01		2.8967144e-01
2.4700000e+02		2.4800000e+02		2.4750000e+02		3.1678139e+01		7.3630717e+00		1.7872008e+01		1.2699580e+01		1.2352362e+01		3.4721842e-01
2.4800000e+02		2.4900000e+02		2.4850000e+02		2.5406301e+01		5.9762868e+00		1.4466149e+01		1.0304628e+01		1.0002920e+01		3.0170795e-01
2.4900000e+02		2.5000000e+02		2.4950000e+02		3.0967514e+01		7.3707018e+00		1.7793092e+01		1.2704997e+01		1.2307289e+01		3.9770756e-01
2.5000000e+02		2.5100000e+02		2.5050000e+02		3.3448743e+01		8.0525357e+00		1.9387046e+01		1.3875774e+01		1.3412075e+01		4.6369874e-01
2.5100000e+02		2.5200000e+02		2.5150000e+02		2.7888154e+01		6.7906552e+00		1.6305681e+01		1.1697403e+01		1.1280764e+01		4.1663851e-01
2.5200000e+02		2.5300000e+02		2.5250000e+02		2.5069906e+01		6.1757441e+00		1.4790198e+01		1.0634446e+01		1.0231411e+01		4.0303557e-01
2.5300000e+02		2.5400000e+02		2.5350000e+02		3.1592540e+01		7.8697592e+00		1.8798312e+01		1.3546550e+01		1.3000984e+01		5.4556650e-01
2.5400000e+02		2.5500000e+02		2.5450000e+02		3.5730773e+01		8.9979381e+00		2.1438099e+01		1.5482674e+01		1.4820970e+01		6.6170349e-01
2.5500000e+02		2.5600000e+02		2.5550000e+02		4.8755658e+01		1.2409898e+01		2.9492360e+01		2.1345238e+01		2.0378462e+01		9.6677539e-01
2.5600000e+02		2.5700000e+02		2.5650000e+02		6.2803876e+01		1.6169928e+01		3.8331057e+01		2.7801370e+01		2.6469275e+01		1.3320958e+00
2.5700000e+02		2.5800000e+02		2.5750000e+02		7.8843355e+01		2.0508216e+01		4.8494566e+01		3.5245529e+01		3.3460411e+01		1.7851173e+00
2.5800000e+02		2.5900000e+02		2.5850000e+02		8.2991293e+01		2.1822251e+01		5.1474435e+01		3.7487727e+01		3.5483946e+01		2.0037808e+00
2.5900000e+02		2.6000000e+02		2.5950000e+02		7.0629481e+01		1.8762052e+01		4.4148354e+01		3.2216389e+01		3.0400886e+01		1.8155036e+00
2.6000000e+02		2.6100000e+02		2.6050000e+02		5.7868388e+01		1.5531189e+01		3.6457724e+01		2.6656490e+01		2.5074815e+01		1.5816751e+00
2.6100000e+02		2.6200000e+02		2.6150000e+02		5.9092703e+01		1.6018511e+01		3.7511965e+01		2.7479968e+01		2.5765004e+01		1.7149639e+00
2.6200000e+02		2.6300000e+02		2.6250000e+02		7.0528613e+01		1.9316183e+01		4.5127145e+01		3.3121236e+01		3.0950078e+01		2.1711573e+00
2.6300000e+02		2.6400000e+02		2.6350000e+02		1.0614195e+02		2.9370501e+01		6.8455071e+01		5.0336451e+01		4.6874581e+01		3.4618703e+00
2.6400000e+02		2.6500000e+02		2.6450000e+02		1.6548208e+02		4.6218791e+01		1.0747514e+02		7.9171499e+01		7.3462908e+01		5.7085913e+00
2.6500000e+02		2.6600000e+02		2.6550000e+02		1.7356948e+02		4.8951992e+01		1.1356896e+02		8.3809939e+01		7.7482436e+01		6.3275033e+00
2.6600000e+02		2.6700000e+02		2.6650000e+02		1.6826276e+02		4.7906889e+01		1.1089141e+02		8.1977101e+01		7.5502846e+01		6.4742550e+00
2.6700000e+02		2.6800000e+02		2.6750000e+02		1.6940220e+02		4.8692949e+01		1.1245646e+02		8.3277063e+01		7.6404461e+01		6.8726022e+00
2.6800000e+02		2.6900000e+02		2.6850000e+02		1.6778062e+02		4.8672363e+01		1.1215800e+02		8.3195740e+01		7.6027489e+01		7.1682504e+00
2.6900000e+02		2.7000000e+02		2.6950000e+02		1.5737310e+02		4.6093332e+01		1.0597902e+02		7.8743089e+01		7.1667812e+01		7.0752765e+00
2.7000000e+02		2.7100000e+02		2.7050000e+02		1.8181465e+02		5.3717484e+01		1.2323874e+02		9.1714739e+01		8.3126088e+01		8.5886509e+00
2.7100000e+02		2.7200000e+02		2.7150000e+02		1.5108640e+02		4.5037492e+01		1.0310073e+02		7.6849828e+01		6.9357035e+01		7.4927931e+00
2.7200000e+02		2.7300000e+02		2.7250000e+02		1.2154404e+02		3.6546382e+01		8.3482915e+01		6.2323739e+01		5.6002363e+01		6.3213763e+00
2.7300000e+02		2.7400000e+02		2.7350000e+02		1.2960124e+02		3.9291468e+01		8.9562980e+01		6.6964182e+01		5.9903587e+01		7.0605954e+00
2.7400000e+02		2.7500000e+02		2.7450000e+02		8.9183780e+01		2.7309952e+01		6.2118387e+01		4.6515879e+01		4.1425210e+01		5.0906690e+00
2.7500000e+02		2.7600000e+02		2.7550000e+02		1.1893609e+02		3.6706471e+01		8.3317779e+01		6.2481174e+01		5.5383924e+01		7.0972495e+00
2.7600000e+02		2.7700000e+02		2.7650000e+02		1.6564211e+02		5.1582952e+01		1.1684067e+02		8.7748275e+01		7.7415928e+01		1.0332347e+01
2.7700000e+02		2.7800000e+02		2.7750000e+02		1.5837296e+02		4.9716705e+01		1.1238254e+02		8.4518989e+01		7.4207023e+01		1.0311966e+01
2.7800000e+02		2.7900000e+02		2.7850000e+02		1.0921797e+02		3.4582395e+01		7.8012163e+01		5.8752303e+01		5.1332242e+01		7.4200614e+00
2.7900000e+02		2.8000000e+02		2.7950000e+02		6.1368404e+01		1.9585168e+01		4.4091916e+01		3.3251370e+01		2.8906549e+01		4.3448213e+00
2.8000000e+02		2.8100000e+02		2.8050000e+02		6.7313201e+01		2.1662093e+01		4.8669810e+01		3.6753045e+01		3.1788913e+01		4.9641322e+00
2.8100000e+02		2.8200000e+02		2.8150000e+02		1.3943196e+02		4.5187482e+01		1.0132659e+02		7.6615150e+01		6.5921265e+01		1.0693885e+01
2.8200000e+02		2.8300000e+02		2.8250000e+02		1.8983287e+02		6.2140096e+01		1.3906064e+02		1.0528798e+02		9.0127393e+01		1.5160584e+01
2.8300000e+02		2.8400000e+02		2.8350000e+02		1.9610227e+02		6.4622857e+01		1.4433829e+02		1.0941828e+02		9.3157375e+01		1.6260905e+01
2.8400000e+02		2.8500000e+02		2.8450000e+02		1.4459284e+02		4.8048411e+01		1.0710996e+02		8.1298516e+01		6.8844343e+01		1.2454174e+01
2.8500000e+02		2.8600000e+02		2.8550000e+02		9.2944992e+01		3.1105553e+01		6.9208930e+01		5.2593816e+01		4.4290597e+01		8.3032193e+00
2.8600000e+02		2.8700000e+02		2.8650000e+02		1.9045522e+02		6.4278535e+01		1.4274428e+02		1.0860712e+02		9.0955748e+01		1.7651367e+01
2.8700000e+02		2.8800000e+02		2.8750000e+02		2.2108403e+02		7.5161057e+01		1.6659847e+02		1.2690379e+02		1.0567628e+02		2.1227515e+01
2.8800000e+02		2.8900000e+02		2.8850000e+02		2.1010240e+02		7.1989611e+01		1.5927047e+02		1.2146216e+02		1.0056786e+02		2.0894297e+01
2.8900000e+02		2.9000000e+02		2.8950000e+02		3.1885068e+02		1.1016208e+02		2.4326945e+02		1.8573455e+02		1.5290078e+02		3.2833772e+01
2.9000000e+02		2.9100000e+02		2.9050000e+02		4.1860542e+02		1.4554849e+02		3.2083140e+02		2.4521595e+02		2.0066675e+02		4.4549202e+01
2.9100000e+02		2.9200000e+02		2.9150000e+02		4.0318642e+02		1.4145809e+02		3.1123904e+02		2.3815395e+02		1.9375229e+02		4.4401666e+01
2.9200000e+02		2.9300000e+02		2.9250000e+02		3.5818014e+02		1.2634171e+02		2.7749088e+02		2.1254469e+02		1.7185300e+02		4.0691687e+01
2.9300000e+02		2.9400000e+02		2.9350000e+02		3.7393440e+02		1.3307862e+02		2.9175726e+02		2.2371639e+02		1.7980745e+02		4.3908941e+01
2.9400000e+02		2.9500000e+02		2.9450000e+02		3.4819581e+02		1.2470857e+02		2.7292909e+02		2.0948875e+02		1.6732576e+02		4.2162985e+01
2.9500000e+02		2.9600000e+02		2.9550000e+02		3.7701055e+02		1.3622850e+02		2.9760937e+02		2.2867370e+02		1.8153781e+02		4.7135890e+01
2.9600000e+02		2.9700000e+02		2.9650000e+02		3.4493460e+02		1.2524406e+02		2.7315044e+02		2.1007389e+02		1.6569463e+02		4.4379256e+01
2.9700000e+02		2.9800000e+02		2.9750000e+02		3.5165811e+02		1.2880492e+02		2.8042474e+02		2.1588837e+02		1.6922310e+02		4.6665272e+01
2.9800000e+02		2.9900000e+02		2.9850000e+02		3.0223333e+02		1.1124296e+02		2.4178827e+02		1.8630928e+02		1.4507636e+02		4.1232928e+01
2.9900000e+02		3.0000000e+02		2.9950000e+02		3.4101318e+02		1.2665530e+02		2.7481184e+02		2.1196660e+02		1.6401613e+02		4.7950468e+01
3.0000000e+02		3.0100000e+02		3.0050000e+02		2.7131061e+02		1.0128006e+02		2.1939458e+02		1.6936860e+02		1.3017855e+02		3.9190046e+01
3.0100000e+02		3.0200000e+02		3.0150000e+02		3.1202593e+02		1.1760733e+02		2.5432742e+02		1.9652942e+02		1.5009621e+02		4.6433213e+01
3.0200000e+02		3.0300000e+02		3.0250000e+02		3.2846528e+02		1.2427417e+02		2.6832013e+02		2.0750698e+02		1.5738527e+02		5.0121707e+01
3.0300000e+02		3.0400000e+02		3.0350000e+02		4.2601061e+02		1.6272457e+02		3.5074855e+02		2.7151180e+02		2.0460203e+02		6.6909775e+01
3.0400000e+02		3.0500000e+02		3.0450000e+02		4.0776836e+02		1.5633308e+02		3.3645004e+02		2.6064195e+02		1.9503046e+02		6.5611495e+01
3.0500000e+02		3.0600000e+02		3.0550000e+02		4.1174793e+02		1.5930976e+02		3.4229318e+02		2.6541056e+02		1.9729271e+02		6.8117852e+01
3.0600000e+02		3.0700000e+02		3.0650000e+02		3.9053943e+02		1.5164227e+02		3.2532445e+02		2.5243725e+02		1.8630788e+02		6.6129370e+01
3.0700000e+02		3.0800000e+02		3.0750000e+02		4.3847484e+02		1.7169657e+02		3.6775851e+02		2.8561076e+02		2.0937221e+02		7.6238550e+01
3.0800000e+02		3.0900000e+02		3.0850000e+02		4.3035211e+02		1.6930430e+02		3.6208649e+02		2.8141280e+02		2.0482197e+02		7.6590827e+01
3.0900000e+02		3.1000000e+02		3.0950000e+02		3.4901328e+02		1.3829748e+02		2.9531538e+02		2.2970226e+02		1.6602568e+02		6.3676577e+01
3.1000000e+02		3.1100000e+02		3.1050000e+02		4.3927411e+02		1.7498499e+02		3.7309780e+02		2.9041465e+02		2.0840270e+02		8.2011958e+01
3.1100000e+02		3.1200000e+02		3.1150000e+02		5.2246540e+02		2.0946859e+02		4.4595076e+02		3.4738372e+02		2.4751513e+02		9.9868596e+01
3.1200000e+02		3.1300000e+02		3.1250000e+02		4.6521908e+02		1.8760752e+02		3.9881878e+02		3.1089339e+02		2.1992076e+02		9.0972628e+01
3.1300000e+02		3.1400000e+02		3.1350000e+02		4.9544367e+02		2.0087839e+02		4.2640819e+02		3.3263190e+02		2.3358447e+02		9.9047438e+01
3.1400000e+02		3.1500000e+02		3.1450000e+02		4.6729179e+02		1.9062342e+02		4.0405030e+02		3.1541375e+02		2.1988787e+02		9.5525887e+01
3.1500000e+02		3.1600000e+02		3.1550000e+02		4.5343123e+02		1.8592916e+02		3.9353863e+02		3.0741286e+02		2.1272740e+02		9.4685468e+01
3.1600000e+02		3.1700000e+02		3.1650000e+02		4.4229406e+02		1.8240076e+02		3.8552133e+02		3.0135260e+02		2.0699801e+02		9.4354589e+01
3.1700000e+02		3.1800000e+02		3.1750000e+02		5.6102832e+02		2.3258635e+02		4.9090518e+02		3.8397700e+02		2.6178755e+02		1.2218945e+02
3.1800000e+02		3.1900000e+02		3.1850000e+02		4.6340678e+02		1.9315266e+02		4.0710866e+02		3.1863695e+02		2.1561717e+02		1.0301978e+02
3.1900000e+02		3.2000000e+02		3.1950000e+02		4.9774832e+02		2.0856167e+02		4.3898247e+02		3.4379932e+02		2.3089523e+02		1.1290409e+02
3.2000000e+02		3.2100000e+02		3.2050000e+02		5.7184857e+02		2.4086061e+02		5.0627643e+02		3.9674583e+02		2.6444034e+02		1.3230549e+02
3.2100000e+02		3.2200000e+02		3.2150000e+02		4.8024660e+02		2.0331058e+02		4.2677381e+02		3.3464429e+02		2.2135254e+02		1.1329175e+02
3.2200000e+02		3.2300000e+02		3.2250000e+02		4.8228681e+02		2.0519890e+02		4.3016494e+02		3.3750195e+02		2.2153648e+02		1.1596547e+02
3.2300000e+02		3.2400000e+02		3.2350000e+02		4.6607071e+02		1.9929769e+02		4.1724378e+02		3.2755397e+02		2.1335729e+02		1.1419669e+02
3.2400000e+02		3.2500000e+02		3.2450000e+02		5.4882129e+02		2.3582076e+02		4.9306524e+02		3.8729561e+02		2.5032284e+02		1.3697277e+02
3.2500000e+02		3.2600000e+02		3.2550000e+02		6.3196128e+02		2.7285451e+02		5.6976261e+02		4.4778860e+02		2.8717762e+02		1.6061097e+02
3.2600000e+02		3.2700000e+02		3.2650000e+02		7.1301257e+02		3.0931693e+02		6.4507897e+02		5.0725726e+02		3.2278304e+02		1.8447422e+02
3.2700000e+02		3.2800000e+02		3.2750000e+02		6.8984049e+02		3.0066417e+02		6.2624380e+02		4.9270858e+02		3.1107209e+02		1.8163649e+02
3.2800000e+02		3.2900000e+02		3.2850000e+02		6.6596082e+02		2.9160165e+02		6.0661063e+02		4.7751142e+02		2.9910921e+02		1.7840221e+02
3.2900000e+02		3.3000000e+02		3.2950000e+02		7.7527139e+02		3.4101444e+02		7.0852804e+02		5.5802451e+02		3.4678460e+02		2.1123991e+02
3.3000000e+02		3.3100000e+02		3.3050000e+02		7.3029799e+02		3.2268112e+02		6.6961904e+02		5.2764554e+02		3.2530893e+02		2.0233661e+02
3.3100000e+02		3.3200000e+02		3.3150000e+02		6.9881652e+02		3.1014669e+02		6.4283138e+02		5.0678716e+02		3.0996556e+02		1.9682160e+02
3.3200000e+02		3.3300000e+02		3.3250000e+02		6.8562051e+02		3.0562640e+02		6.3270638e+02		4.9904600e+02		3.0279546e+02		1.9625053e+02
3.3300000e+02		3.3400000e+02		3.3350000e+02		6.5878216e+02		2.9493808e+02		6.0985869e+02		4.8125301e+02		2.8966176e+02		1.9159125e+02
3.3400000e+02		3.3500000e+02		3.3450000e+02		6.9405546e+02		3.1206164e+02		6.4451252e+02		5.0883560e+02		3.0380292e+02		2.0503268e+02
3.3500000e+02		3.3600000e+02		3.3550000e+02		6.8541663e+02		3.0948194e+02		6.3844637e+02		5.0427634e+02		2.9865391e+02		2.0562243e+02
3.3600000e+02		3.3700000e+02		3.3650000e+02		5.6469084e+02		2.5603715e+02		5.2758899e+02		4.1690215e+02		2.4491062e+02		1.7199153e+02
3.3700000e+02		3.3800000e+02		3.3750000e+02		5.9573781e+02		2.7122946e+02		5.5826273e+02		4.4133422e+02		2.5716038e+02		1.8417384e+02
3.3800000e+02		3.3900000e+02		3.3850000e+02		6.4448401e+02		2.9461964e+02		6.0572834e+02		4.7906429e+02		2.7687436e+02		2.0218993e+02
3.3900000e+02		3.4000000e+02		3.3950000e+02		6.7448220e+02		3.0957603e+02		6.3577473e+02		5.0304008e+02		2.8835929e+02		2.1468079e+02
3.4000000e+02		3.4100000e+02		3.4050000e+02		7.1196374e+02		3.2807962e+02		6.7303898e+02		5.3274510e+02		3.0288876e+02		2.2985633e+02
3.4100000e+02		3.4200000e+02		3.4150000e+02		6.4984945e+02		3.0063363e+02		6.1606822e+02		4.8784803e+02		2.7508762e+02		2.1276041e+02
3.4200000e+02		3.4300000e+02		3.4250000e+02		7.0477558e+02		3.2730912e+02		6.7001543e+02		5.3077900e+02		2.9683406e+02		2.3394494e+02
3.4300000e+02		3.4400000e+02		3.4350000e+02		6.9264465e+02		3.2290863e+02		6.6030857e+02		5.2329402e+02		2.9023539e+02		2.3305863e+02
3.4400000e+02		3.4500000e+02		3.4450000e+02		5.5710877e+02		2.6070576e+02		5.3255393e+02		4.2221062e+02		2.3223608e+02		1.8997453e+02
3.4500000e+02		3.4600000e+02		3.4550000e+02		6.7138909e+02		3.1535992e+02		6.4353205e+02		5.1038667e+02		2.7841173e+02		2.3197494e+02
3.4600000e+02		3.4700000e+02		3.4650000e+02		6.5194093e+02		3.0735636e+02		6.2655845e+02		4.9710859e+02		2.6891752e+02		2.2819107e+02
3.4700000e+02		3.4800000e+02		3.4750000e+02		6.4525828e+02		3.0531599e+02		6.2176976e+02		4.9348822e+02		2.6473813e+02		2.2875009e+02
3.4800000e+02		3.4900000e+02		3.4850000e+02		6.6761091e+02		3.1703154e+02		6.4498268e+02		5.1209418e+02		2.7242943e+02		2.3966475e+02
3.4900000e+02		3.5000000e+02		3.4950000e+02		6.3989005e+02		3.0494973e+02		6.1978951e+02		4.9226359e+02		2.5969236e+02		2.3257123e+02
3.5000000e+02		3.5100000e+02		3.5050000e+02		7.6650484e+02		3.6657503e+02		7.4431030e+02		5.9136609e+02		3.0936293e+02		2.8200315e+02
3.5100000e+02		3.5200000e+02		3.5150000e+02		7.1211510e+02		3.4174710e+02		6.9322771e+02		5.5096554e+02		2.8581176e+02		2.6515378e+02
3.5200000e+02		3.5300000e+02		3.5250000e+02		6.5785102e+02		3.1678939e+02		6.4198714e+02		5.1040896e+02		2.6254963e+02		2.4785933e+02
3.5300000e+02		3.5400000e+02		3.5350000e+02		7.5263834e+02		3.6366322e+02		7.3628230e+02		5.8556768e+02		2.9867682e+02		2.8689086e+02
3.5400000e+02		3.5500000e+02		3.5450000e+02		8.0329241e+02		3.8943871e+02		7.8773109e+02		6.2668445e+02		3.1695591e+02		3.0972854e+02
3.5500000e+02		3.5600000e+02		3.5550000e+02		7.5433512e+02		3.6691446e+02		7.4148459e+02		5.9007705e+02		2.9592294e+02		2.9415412e+02
3.5600000e+02		3.5700000e+02		3.5650000e+02		6.5576441e+02		3.2001169e+02		6.4610946e+02		5.1433476e+02		2.5575868e+02		2.5857608e+02
3.5700000e+02		3.5800000e+02		3.5750000e+02		5.7307986e+02		2.8056496e+02		5.6595395e+02		4.5066269e+02		2.2220079e+02		2.2846190e+02
3.5800000e+02		3.5900000e+02		3.5850000e+02		4.9194729e+02		2.4161285e+02		4.8694457e+02		3.8786303e+02		1.8961686e+02		1.9824616e+02
3.5900000e+02		3.6000000e+02		3.5950000e+02		7.1030971e+02		3.4995796e+02		7.0467939e+02		5.6145692e+02		2.7215418e+02		2.8930274e+02
3.6000000e+02		3.6100000e+02		3.6050000e+02		7.0092701e+02		3.4641064e+02		6.9692724e+02		5.5543858e+02		2.6695018e+02		2.8848839e+02
3.6100000e+02		3.6200000e+02		3.6150000e+02		6.5110481e+02		3.2277777e+02		6.4882058e+02		5.1724311e+02		2.4647926e+02		2.7076386e+02
3.6200000e+02		3.6300000e+02		3.6250000e+02		7.3500056e+02		3.6547547e+02		7.3402063e+02		5.8532579e+02		2.7654815e+02		3.0877763e+02
3.6300000e+02		3.6400000e+02		3.6350000e+02		7.1558904e+02		3.5689144e+02		7.1617538e+02		5.7124961e+02		2.6759790e+02		3.0365171e+02
3.6400000e+02		3.6500000e+02		3.6450000e+02		7.4837927e+02		3.7435248e+02		7.5058749e+02		5.9885667e+02		2.7813770e+02		3.2071897e+02
3.6500000e+02		3.6600000e+02		3.6550000e+02		8.5179486e+02		4.2733194e+02		8.5610573e+02		6.8322219e+02		3.1461240e+02		3.6860979e+02
3.6600000e+02		3.6700000e+02		3.6650000e+02		9.1042532e+02		4.5806857e+02		9.1693391e+02		7.3195360e+02		3.3417284e+02		3.9778076e+02
3.6700000e+02		3.6800000e+02		3.6750000e+02		8.7909512e+02		4.4357096e+02		8.8719715e+02		7.0839362e+02		3.2065135e+02		3.8774227e+02
3.6800000e+02		3.6900000e+02		3.6850000e+02		8.1047729e+02		4.1010396e+02		8.1960474e+02		6.5458493e+02		2.9375987e+02		3.6082506e+02
3.6900000e+02		3.7000000e+02		3.6950000e+02		8.9967825e+02		4.5651128e+02		9.1163165e+02		7.2825935e+02		3.2402462e+02		4.0423474e+02
3.7000000e+02		3.7100000e+02		3.7050000e+02		8.4427990e+02		4.2958344e+02		8.5718916e+02		6.8493069e+02		3.0213545e+02		3.8279524e+02
3.7100000e+02		3.7200000e+02		3.7150000e+02		8.7164560e+02		4.4471770e+02		8.8670391e+02		7.0867981e+02		3.0993184e+02		3.9874796e+02
3.7200000e+02		3.7300000e+02		3.7250000e+02		7.2411383e+02		3.7044193e+02		7.3804564e+02		5.9000315e+02		2.5581704e+02		3.3418611e+02
3.7300000e+02		3.7400000e+02		3.7350000e+02		6.3155746e+02		3.2395220e+02		6.4493602e+02		5.1568639e+02		2.2167563e+02		2.9401076e+02
3.7400000e+02		3.7500000e+02		3.7450000e+02		6.4642322e+02		3.3244971e+02		6.6136008e+02		5.2893612e+02		2.2541923e+02		3.0351689e+02
3.7500000e+02		3.7600000e+02		3.7550000e+02		7.4036161e+02		3.8175091e+02		7.5887821e+02		6.0706032e+02		2.5649181e+02		3.5056850e+02
3.7600000e+02		3.7700000e+02		3.7650000e+02		7.6758018e+02		3.9680270e+02		7.8822502e+02		6.3067102e+02		2.6417839e+02		3.6649263e+02
3.7700000e+02		3.7800000e+02		3.7750000e+02		9.0048278e+02		4.6668893e+02		9.2638235e+02		7.4136863e+02		3.0787906e+02		4.3348957e+02
3.7800000e+02		3.7900000e+02		3.7850000e+02		9.3786543e+02		4.8728226e+02		9.6657171e+02		7.7369129e+02		3.1854011e+02		4.5515118e+02
3.7900000e+02		3.8000000e+02		3.7950000e+02		7.6051322e+02		3.9611590e+02		7.8518132e+02		6.2862513e+02		2.5658888e+02		3.7203624e+02
3.8000000e+02		3.8100000e+02		3.8050000e+02		8.2814537e+02		4.3239909e+02		8.5650543e+02		6.8586482e+02		2.7754511e+02		4.0831971e+02
3.8100000e+02		3.8200000e+02		3.8150000e+02		7.4366886e+02		3.8923143e+02		7.7046753e+02		6.1708911e+02		2.4756618e+02		3.6952294e+02
3.8200000e+02		3.8300000e+02		3.8250000e+02		5.3336093e+02		2.7982544e+02		5.5352609e+02		4.4342003e+02		1.7636268e+02		2.6705736e+02
3.8300000e+02		3.8400000e+02		3.8350000e+02		4.7073026e+02		2.4755023e+02		4.8935276e+02		3.9208615e+02		1.5460392e+02		2.3748223e+02
3.8400000e+02		3.8500000e+02		3.8450000e+02		6.2969557e+02		3.3192174e+02		6.5570046e+02		5.2546744e+02		2.0541512e+02		3.2005232e+02
3.8500000e+02		3.8600000e+02		3.8550000e+02		6.6694888e+02		3.5237056e+02		6.9563875e+02		5.5757536e+02		2.1609154e+02		3.4148382e+02
3.8600000e+02		3.8700000e+02		3.8650000e+02		6.6977732e+02		3.5467258e+02		6.9972814e+02		5.6095404e+02		2.1553072e+02		3.4542332e+02
3.8700000e+02		3.8800000e+02		3.8750000e+02		6.6902499e+02		3.5507330e+02		7.0006846e+02		5.6132614e+02		2.1381842e+02		3.4750772e+02
3.8800000e+02		3.8900000e+02		3.8850000e+02		6.7841027e+02		3.6085692e+02		7.1101940e+02		5.7020593e+02		2.1533264e+02		3.5487328e+02
3.8900000e+02		3.9000000e+02		3.8950000e+02		8.1451188e+02		4.3420587e+02		8.5500594e+02		6.8579395e+02		2.5675600e+02		4.2903795e+02
3.9000000e+02		3.9100000e+02		3.9050000e+02		8.5560997e+02		4.5710836e+02		8.9954458e+02		7.2163940e+02		2.6785312e+02		4.5378628e+02
3.9100000e+02		3.9200000e+02		3.9150000e+02		9.2006232e+02		4.9260011e+02		9.6879338e+02		7.7732119e+02		2.8604031e+02		4.9128088e+02
3.9200000e+02		3.9300000e+02		3.9250000e+02		7.0614281e+02		3.7887226e+02		7.4467300e+02		5.9759307e+02		2.1801350e+02		3.7957958e+02
3.9300000e+02		3.9400000e+02		3.9350000e+02		4.3291589e+02		2.3276417e+02		4.5722295e+02		3.6697578e+02		1.3272945e+02		2.3424633e+02
3.9400000e+02		3.9500000e+02		3.9450000e+02		7.1565803e+02		3.8558482e+02		7.5696161e+02		6.0764722e+02		2.1788863e+02		3.8975859e+02
3.9500000e+02		3.9600000e+02		3.9550000e+02		8.7888136e+02		4.7449976e+02		9.3096824e+02		7.4744576e+02		2.6571562e+02		4.8173014e+02
3.9600000e+02		3.9700000e+02		3.9650000e+02		6.0712893e+02		3.2844887e+02		6.4404235e+02		5.1716044e+02		1.8227132e+02		3.3488911e+02
3.9700000e+02		3.9800000e+02		3.9750000e+02		6.8053003e+02		3.6889698e+02		7.2294021e+02		5.8060159e+02		2.0287490e+02		3.7772669e+02
3.9800000e+02		3.9900000e+02		3.9850000e+02		1.0480559e+03		5.6925028e+02		1.1149463e+03		8.9555795e+02		3.1024327e+02		5.8531469e+02
3.9900000e+02		4.0000000e+02		3.9950000e+02		1.1577145e+03		6.3004473e+02		1.2333271e+03		9.9078831e+02		3.4029041e+02		6.5049790e+02
4.0000000e+02		4.0100000e+02		4.0050000e+02		1.1939713e+03		6.5103624e+02		1.2737111e+03		1.0233764e+03		3.4847057e+02		6.7490584e+02
4.0100000e+02		4.0200000e+02		4.0150000e+02		1.2509583e+03		6.8341711e+02		1.3363285e+03		1.0738374e+03		3.6252077e+02		7.1131665e+02
4.0200000e+02		4.0300000e+02		4.0250000e+02		1.2664199e+03		6.9317515e+02		1.3546735e+03		1.0887290e+03		3.6440112e+02		7.2432790e+02
4.0300000e+02		4.0400000e+02		4.0350000e+02		1.2115903e+03		6.6440657e+02		1.2977542e+03		1.0431254e+03		3.4614970e+02		6.9697573e+02
4.0400000e+02		4.0500000e+02		4.0450000e+02		1.1914959e+03		6.5459744e+02		1.2779161e+03		1.0273167e+03		3.3798808e+02		6.8932866e+02
4.0500000e+02		4.0600000e+02		4.0550000e+02		1.1904731e+03		6.5523309e+02		1.2784858e+03		1.0279097e+03		3.3529241e+02		6.9261731e+02
4.0600000e+02		4.0700000e+02		4.0650000e+02		1.1388815e+03		6.2797194e+02		1.2246583e+03		9.8475934e+02		3.1847314e+02		6.6628619e+02
4.0700000e+02		4.0800000e+02		4.0750000e+02		1.1575323e+03		6.3939816e+02		1.2463017e+03		1.0022904e+03		3.2137535e+02		6.8091508e+02
4.0800000e+02		4.0900000e+02		4.0850000e+02		1.2307397e+03		6.8103942e+02		1.3267944e+03		1.0671572e+03		3.3925483e+02		7.2790235e+02
4.0900000e+02		4.1000000e+02		4.0950000e+02		1.2243097e+03		6.7866653e+02		1.3215082e+03		1.0630363e+03		3.3506332e+02		7.2797298e+02
4.1000000e+02		4.1100000e+02		4.1050000e+02		1.1216634e+03		6.2284249e+02		1.2122051e+03		9.7522987e+02		3.0476808e+02		6.7046179e+02
4.1100000e+02		4.1200000e+02		4.1150000e+02		1.3003372e+03		7.2329215e+02		1.4070141e+03		1.1320906e+03		3.5077608e+02		7.8131450e+02
4.1200000e+02		4.1300000e+02		4.1250000e+02		1.2760342e+03		7.1097416e+02		1.3823809e+03		1.1124012e+03		3.4174270e+02		7.7065851e+02
4.1300000e+02		4.1400000e+02		4.1350000e+02		1.2308584e+03		6.8694995e+02		1.3350285e+03		1.0744210e+03		3.2726837e+02		7.4715259e+02
4.1400000e+02		4.1500000e+02		4.1450000e+02		1.2488872e+03		6.9816421e+02		1.3561785e+03		1.0915666e+03		3.2966617e+02		7.6190040e+02
4.1500000e+02		4.1600000e+02		4.1550000e+02		1.2477523e+03		6.9866997e+02		1.3565239e+03		1.0919670e+03		3.2698751e+02		7.6497944e+02
4.1600000e+02		4.1700000e+02		4.1650000e+02		1.2947363e+03		7.2615014e+02		1.4092244e+03		1.1345147e+03		3.3684667e+02		7.9766801e+02
4.1700000e+02		4.1800000e+02		4.1750000e+02		1.1781342e+03		6.6181018e+02		1.2837715e+03		1.0336295e+03		3.0429199e+02		7.2933748e+02
4.1800000e+02		4.1900000e+02		4.1850000e+02		1.2217101e+03		6.8737335e+02		1.3327533e+03		1.0731819e+03		3.1326046e+02		7.5992148e+02
4.1900000e+02		4.2000000e+02		4.1950000e+02		1.2338424e+03		6.9528432e+02		1.3474866e+03		1.0851600e+03		3.1407672e+02		7.7108328e+02
4.2000000e+02		4.2100000e+02		4.2050000e+02		1.2494927e+03		7.0519163e+02		1.3660803e+03		1.1002481e+03		3.1575158e+02		7.8449648e+02
4.2100000e+02		4.2200000e+02		4.2150000e+02		1.2299982e+03		6.9525024e+02		1.3462305e+03		1.0843717e+03		3.0856688e+02		7.7580477e+02
4.2200000e+02		4.2300000e+02		4.2250000e+02		1.1657134e+03		6.5990948e+02		1.2772441e+03		1.0289075e+03		2.9031337e+02		7.3859414e+02
4.2300000e+02		4.2400000e+02		4.2350000e+02		1.2419943e+03		7.0414294e+02		1.3622717e+03		1.0975117e+03		3.0705969e+02		7.9045203e+02
4.2400000e+02		4.2500000e+02		4.2450000e+02		1.2850442e+03		7.2962681e+02		1.4109742e+03		1.1368597e+03		3.1538925e+02		8.2147046e+02
4.2500000e+02		4.2600000e+02		4.2550000e+02		1.2367256e+03		7.0321882e+02		1.3593340e+03		1.0953571e+03		3.0131835e+02		7.9403872e+02
4.2600000e+02		4.2700000e+02		4.2650000e+02		1.2316584e+03		7.0135008e+02		1.3551580e+03		1.0920954e+03		2.9789543e+02		7.9419998e+02
4.2700000e+02		4.2800000e+02		4.2750000e+02		1.1420512e+03		6.5125444e+02		1.2578450e+03		1.0137673e+03		2.7420700e+02		7.3956030e+02
4.2800000e+02		4.2900000e+02		4.2850000e+02		1.1495483e+03		6.5645670e+02		1.2673770e+03		1.0215435e+03		2.7399190e+02		7.4755159e+02
4.2900000e+02		4.3000000e+02		4.2950000e+02		1.0698649e+03		6.1180754e+02		1.1807006e+03		9.5176583e+02		2.5313680e+02		6.9862903e+02
4.3000000e+02		4.3100000e+02		4.3050000e+02		8.6065012e+02		4.9284789e+02		9.5074699e+02		7.6646798e+02		2.0214697e+02		5.6432102e+02
4.3100000e+02		4.3200000e+02		4.3150000e+02		1.0641754e+03		6.1022965e+02		1.1767233e+03		9.4872765e+02		2.4812275e+02		7.0060491e+02
4.3200000e+02		4.3300000e+02		4.3250000e+02		1.1990384e+03		6.8849461e+02		1.3271268e+03		1.0700824e+03		2.7752228e+02		7.9256010e+02
4.3300000e+02		4.3400000e+02		4.3350000e+02		1.3017454e+03		7.4847012e+02		1.4421785e+03		1.1629495e+03		2.9908936e+02		8.6386009e+02
4.3400000e+02		4.3500000e+02		4.3450000e+02		1.1054356e+03		6.3643861e+02		1.2258449e+03		9.8858462e+02		2.5212584e+02		7.3645878e+02
4.3500000e+02		4.3600000e+02		4.3550000e+02		1.2347447e+03		7.1181751e+02		1.3705154e+03		1.1053459e+03		2.7955615e+02		8.2578977e+02
4.3600000e+02		4.3700000e+02		4.3650000e+02		1.3814970e+03		7.9745045e+02		1.5348184e+03		1.2379603e+03		3.1049088e+02		9.2746939e+02
4.3700000e+02		4.3800000e+02		4.3750000e+02		1.2223713e+03		7.0650152e+02		1.3592713e+03		1.0964549e+03		2.7271450e+02		8.2374040e+02
4.3800000e+02		4.3900000e+02		4.3850000e+02		1.1905029e+03		6.8895459e+02		1.3250282e+03		1.0689175e+03		2.6365803e+02		8.0525943e+02
4.3900000e+02		4.4000000e+02		4.3950000e+02		1.3250738e+03		7.6779356e+02		1.4761217e+03		1.1908996e+03		2.9131003e+02		8.9958954e+02
4.4000000e+02		4.4100000e+02		4.4050000e+02		1.2562739e+03		7.2883151e+02		1.4007147e+03		1.1301500e+03		2.7415993e+02		8.5599010e+02
4.4100000e+02		4.4200000e+02		4.4150000e+02		1.3817384e+03		8.0260388e+02		1.5419501e+03		1.2441985e+03		2.9932935e+02		9.4486919e+02
4.4200000e+02		4.4300000e+02		4.4250000e+02		1.4526378e+03		8.4481122e+02		1.6224708e+03		1.3092686e+03		3.1238078e+02		9.9688781e+02
4.4300000e+02		4.4400000e+02		4.4350000e+02		1.4050936e+03		8.1814233e+02		1.5707094e+03		1.2675927e+03		2.9994072e+02		9.6765198e+02
4.4400000e+02		4.4500000e+02		4.4450000e+02		1.4475318e+03		8.4385420e+02		1.6195179e+03		1.3070772e+03		3.0673359e+02		1.0003436e+03
4.4500000e+02		4.4600000e+02		4.4550000e+02		1.3420773e+03		7.8329802e+02		1.5027901e+03		1.2129556e+03		2.8230185e+02		9.3065380e+02
4.4600000e+02		4.4700000e+02		4.4650000e+02		1.3689269e+03		7.9989783e+02		1.5341235e+03		1.2383335e+03		2.8583763e+02		9.5249582e+02
4.4700000e+02		4.4800000e+02		4.4750000e+02		1.4837056e+03		8.6796335e+02		1.6641146e+03		1.3433550e+03		3.0753174e+02		1.0358232e+03
4.4800000e+02		4.4900000e+02		4.4850000e+02		1.4587166e+03		8.5431625e+02		1.6374125e+03		1.3218905e+03		3.0013478e+02		1.0217557e+03
4.4900000e+02		4.5000000e+02		4.4950000e+02		1.4737837e+03		8.6411262e+02		1.6556512e+03		1.3367053e+03		3.0101117e+02		1.0356941e+03
4.5000000e+02		4.5100000e+02		4.5050000e+02		1.5636828e+03		9.1784413e+02		1.7580370e+03		1.4194622e+03		3.1703068e+02		1.1024315e+03
4.5100000e+02		4.5200000e+02		4.5150000e+02		1.5589734e+03		9.1608875e+02		1.7541175e+03		1.4163908e+03		3.1375851e+02		1.1026322e+03
4.5200000e+02		4.5300000e+02		4.5250000e+02		1.4757889e+03		8.6815368e+02		1.6618094e+03		1.3419423e+03		2.9483953e+02		1.0471028e+03
4.5300000e+02		4.5400000e+02		4.5350000e+02		1.4141855e+03		8.3281260e+02		1.5936642e+03		1.2869962e+03		2.8046137e+02		1.0065348e+03
4.5400000e+02		4.5500000e+02		4.5450000e+02		1.5096596e+03		8.8998676e+02		1.7025482e+03		1.3750146e+03		2.9720187e+02		1.0778127e+03
4.5500000e+02		4.5600000e+02		4.5550000e+02		1.4952815e+03		8.8244210e+02		1.6876013e+03		1.3630280e+03		2.9221465e+02		1.0708134e+03
4.5600000e+02		4.5700000e+02		4.5650000e+02		1.5527317e+03		9.1730470e+02		1.7537447e+03		1.4165373e+03		3.0121926e+02		1.1153180e+03
4.5700000e+02		4.5800000e+02		4.5750000e+02		1.5677329e+03		9.2712536e+02		1.7719918e+03		1.4313626e+03		3.0190235e+02		1.1294603e+03
4.5800000e+02		4.5900000e+02		4.5850000e+02		1.4734199e+03		8.7224285e+02		1.6666044e+03		1.3463143e+03		2.8166311e+02		1.0646512e+03
4.5900000e+02		4.6000000e+02		4.5950000e+02		1.5222067e+03		9.0203706e+02		1.7230293e+03		1.3919775e+03		2.8885977e+02		1.1031177e+03
4.6000000e+02		4.6100000e+02		4.6050000e+02		1.5039223e+03		8.9209568e+02		1.7035474e+03		1.3763188e+03		2.8330213e+02		1.0930167e+03
4.6100000e+02		4.6200000e+02		4.6150000e+02		1.5386000e+03		9.1357147e+02		1.7440587e+03		1.4091294e+03		2.8771484e+02		1.1214146e+03
4.6200000e+02		4.6300000e+02		4.6250000e+02		1.5538294e+03		9.2352027e+02		1.7625527e+03		1.4241524e+03		2.8843843e+02		1.1357140e+03
4.6300000e+02		4.6400000e+02		4.6350000e+02		1.5018384e+03		8.9348688e+02		1.7047560e+03		1.3775294e+03		2.7674990e+02		1.1007795e+03
4.6400000e+02		4.6500000e+02		4.6450000e+02		1.5281564e+03		9.1001866e+02		1.7358171e+03		1.4027057e+03		2.7954248e+02		1.1231632e+03
4.6500000e+02		4.6600000e+02		4.6550000e+02		1.4760608e+03		8.7983239e+02		1.6777779e+03		1.3558783e+03		2.6804106e+02		1.0878372e+03
4.6600000e+02		4.6700000e+02		4.6650000e+02		1.4854121e+03		8.8624053e+02		1.6895390e+03		1.3654562e+03		2.6777036e+02		1.0976858e+03
4.6700000e+02		4.6800000e+02		4.6750000e+02		1.4997486e+03		8.9562841e+02		1.7069775e+03		1.3796227e+03		2.6838232e+02		1.1112404e+03
4.6800000e+02		4.6900000e+02		4.6850000e+02		1.4665907e+03		8.7663520e+02		1.6703341e+03		1.3500772e+03		2.6053481e+02		1.0895424e+03
4.6900000e+02		4.7000000e+02		4.6950000e+02		1.5086728e+03		9.0261287e+02		1.7193791e+03		1.3897904e+03		2.6605710e+02		1.1237333e+03
4.7000000e+02		4.7100000e+02		4.7050000e+02		1.4256243e+03		8.5369742e+02		1.6257769e+03		1.3141978e+03		2.4957980e+02		1.0646180e+03
4.7100000e+02		4.7200000e+02		4.7150000e+02		1.4904926e+03		8.9334069e+02		1.7008347e+03		1.3749399e+03		2.5903614e+02		1.1159038e+03
4.7200000e+02		4.7300000e+02		4.7250000e+02		1.5269264e+03		9.1598812e+02		1.7435083e+03		1.4095067e+03		2.6343687e+02		1.1460699e+03
4.7300000e+02		4.7400000e+02		4.7350000e+02		1.4995420e+03		9.0034904e+02		1.7133077e+03		1.3851595e+03		2.5683059e+02		1.1283289e+03
4.7400000e+02		4.7500000e+02		4.7450000e+02		1.5448084e+03		9.2833250e+02		1.7661168e+03		1.4279231e+03		2.6266015e+02		1.1652630e+03
4.7500000e+02		4.7600000e+02		4.7550000e+02		1.5413846e+03		9.2707056e+02		1.7632796e+03		1.4256972e+03		2.6017400e+02		1.1655232e+03
4.7600000e+02		4.7700000e+02		4.7650000e+02		1.4853490e+03		8.9412728e+02		1.7002052e+03		1.3747632e+03		2.4889523e+02		1.1258680e+03
4.7700000e+02		4.7800000e+02		4.7750000e+02		1.5508368e+03		9.3433424e+02		1.7762289e+03		1.4363017e+03		2.5798313e+02		1.1783186e+03
4.7800000e+02		4.7900000e+02		4.7850000e+02		1.5358791e+03		9.2609350e+02		1.7601402e+03		1.4233573e+03		2.5364211e+02		1.1697152e+03
4.7900000e+02		4.8000000e+02		4.7950000e+02		1.5403519e+03		9.2955640e+02		1.7663020e+03		1.4284049e+03		2.5253723e+02		1.1758676e+03
4.8000000e+02		4.8100000e+02		4.8050000e+02		1.5442750e+03		9.3268464e+02		1.7718293e+03		1.4329389e+03		2.5134678e+02		1.1815921e+03
4.8100000e+02		4.8200000e+02		4.8150000e+02		1.5475498e+03		9.3541783e+02		1.7766079e+03		1.4368669e+03		2.5005678e+02		1.1868101e+03
4.8200000e+02		4.8300000e+02		4.8250000e+02		1.5416562e+03		9.3260095e+02		1.7708496e+03		1.4322722e+03		2.4730278e+02		1.1849695e+03
4.8300000e+02		4.8400000e+02		4.8350000e+02		1.5183412e+03		9.1922436e+02		1.7450515e+03		1.4114674e+03		2.4180234e+02		1.1696650e+03
4.8400000e+02		4.8500000e+02		4.8450000e+02		1.4920771e+03		9.0403200e+02		1.7158227e+03		1.3878850e+03		2.3590343e+02		1.1519815e+03
4.8500000e+02		4.8600000e+02		4.8550000e+02		1.4021236e+03		8.5018969e+02		1.6132709e+03		1.3049882e+03		2.2008145e+02		1.0849068e+03
4.8600000e+02		4.8700000e+02		4.8650000e+02		1.2173217e+03		7.3870074e+02		1.4014056e+03		1.1336556e+03		1.8969634e+02		9.4395928e+02
4.8700000e+02		4.8800000e+02		4.8750000e+02		1.3927585e+03		8.4580316e+02		1.6042403e+03		1.2977902e+03		2.1547068e+02		1.0823195e+03
4.8800000e+02		4.8900000e+02		4.8850000e+02		1.4651201e+03		8.9041763e+02		1.6884943e+03		1.3660049e+03		2.2503327e+02		1.1409716e+03
4.8900000e+02		4.9000000e+02		4.8950000e+02		1.4372192e+03		8.7411249e+02		1.6572189e+03		1.3407563e+03		2.1915939e+02		1.1215969e+03
4.9000000e+02		4.9100000e+02		4.9050000e+02		1.5307557e+03		9.3168862e+02		1.7660010e+03		1.4288217e+03		2.3174424e+02		1.1970775e+03
4.9100000e+02		4.9200000e+02		4.9150000e+02		1.4425606e+03		8.7865097e+02		1.6651182e+03		1.3472528e+03		2.1682313e+02		1.1304297e+03
4.9200000e+02		4.9300000e+02		4.9250000e+02		1.3729411e+03		8.3685173e+02		1.5855744e+03		1.2829430e+03		2.0487758e+02		1.0780654e+03
4.9300000e+02		4.9400000e+02		4.9350000e+02		1.4509629e+03		8.8504248e+02		1.6765347e+03		1.3565937e+03		2.1496727e+02		1.1416264e+03
4.9400000e+02		4.9500000e+02		4.9450000e+02		1.4929449e+03		9.1129654e+02		1.7259148e+03		1.3966028e+03		2.1960180e+02		1.1770010e+03
4.9500000e+02		4.9600000e+02		4.9550000e+02		1.4663156e+03		8.9567098e+02		1.6959781e+03		1.3724290e+03		2.1414023e+02		1.1582888e+03
4.9600000e+02		4.9700000e+02		4.9650000e+02		1.4846220e+03		9.0748418e+02		1.7180023e+03		1.3903025e+03		2.1526231e+02		1.1750402e+03
4.9700000e+02		4.9800000e+02		4.9750000e+02		1.5123203e+03		9.2505193e+02		1.7509131e+03		1.4169870e+03		2.1771074e+02		1.1992763e+03
4.9800000e+02		4.9900000e+02		4.9850000e+02		1.3744029e+03		8.4126465e+02		1.5920099e+03		1.2884352e+03		1.9644310e+02		1.0919921e+03
4.9900000e+02		5.0000000e+02		4.9950000e+02		1.4721832e+03		9.0172433e+02		1.7060918e+03		1.3808120e+03		2.0891708e+02		1.1718949e+03
