Left Bin Edge (nm)	Right Bin Edge (nm)	Bin Center (nm)		Top of Atm Intensity (erg/s/nm/cm2)		Total Surface Flux (erg/s/nm/cm2)		Total Intensity at BOA (erg/s/nm/cm2)		Total Surface Intensity (erg/s/nm/cm2)		Total Surface Diffuse Intensity (erg/s/nm/cm2)		Total Surface Direct Intensity (erg/s/nm/cm2)
1.0000000e+02		1.0100000e+02		1.0050000e+02		4.4569042e-02		0.0000000e+00		0.0000000e+00		0.0000000e+00		0.0000000e+00		0.0000000e+00
1.0100000e+02		1.0200000e+02		1.0150000e+02		1.7387199e-01		0.0000000e+00		0.0000000e+00		0.0000000e+00		0.0000000e+00		0.0000000e+00
1.0200000e+02		1.0300000e+02		1.0250000e+02		9.2286085e-01		0.0000000e+00		0.0000000e+00		0.0000000e+00		0.0000000e+00		0.0000000e+00
1.0300000e+02		1.0400000e+02		1.0350000e+02		7.0094286e-01		0.0000000e+00		0.0000000e+00		0.0000000e+00		0.0000000e+00		0.0000000e+00
1.0400000e+02		1.0500000e+02		1.0450000e+02		1.4124828e-01		0.0000000e+00		0.0000000e+00		0.0000000e+00		0.0000000e+00		0.0000000e+00
1.0500000e+02		1.0600000e+02		1.0550000e+02		4.8389941e-02		0.0000000e+00		0.0000000e+00		0.0000000e+00		0.0000000e+00		0.0000000e+00
1.0600000e+02		1.0700000e+02		1.0650000e+02		4.5487167e-02		0.0000000e+00		0.0000000e+00		0.0000000e+00		0.0000000e+00		0.0000000e+00
1.0700000e+02		1.0800000e+02		1.0750000e+02		5.0757295e-02		0.0000000e+00		0.0000000e+00		0.0000000e+00		0.0000000e+00		0.0000000e+00
1.0800000e+02		1.0900000e+02		1.0850000e+02		7.1152114e-02		0.0000000e+00		0.0000000e+00		0.0000000e+00		0.0000000e+00		0.0000000e+00
1.0900000e+02		1.1000000e+02		1.0950000e+02		5.5817450e-02		5.2166329e-125		0.0000000e+00		9.0354733e-125		9.0354733e-125		4.7777556e-176
1.1000000e+02		1.1100000e+02		1.1050000e+02		5.4043772e-02		1.1617303e-122		0.0000000e+00		2.0121759e-122		2.0121759e-122		2.3712302e-170
1.1100000e+02		1.1200000e+02		1.1150000e+02		5.0797691e-02		5.1944738e-124		0.0000000e+00		8.9970925e-124		8.9970925e-124		8.2532071e-168
1.1200000e+02		1.1300000e+02		1.1250000e+02		5.1969037e-02		8.5126586e-122		0.0000000e+00		1.4744357e-121		1.4744357e-121		1.0326374e-162
1.1300000e+02		1.1400000e+02		1.1350000e+02		4.1221387e-02		2.6621622e-114		0.0000000e+00		4.6110002e-114		4.6110002e-114		1.1378380e-153
1.1400000e+02		1.1500000e+02		1.1450000e+02		3.1562600e-02		4.8547782e-110		0.0000000e+00		8.4087225e-110		8.4087225e-110		2.2788005e-147
1.1500000e+02		1.1600000e+02		1.1550000e+02		4.3552050e-02		7.7459783e-102		0.0000000e+00		1.3416428e-101		1.3416428e-101		4.4504712e-138
1.1600000e+02		1.1700000e+02		1.1650000e+02		1.0143732e-01		1.9640268e-98		7.2357141e-93		3.4017942e-98		3.4017942e-98		1.1182255e-132
1.1700000e+02		1.1800000e+02		1.1750000e+02		3.6108525e-01		7.3661451e-95		1.8582635e-89		1.2758538e-94		1.2758538e-94		2.9438332e-127
1.1800000e+02		1.1900000e+02		1.1850000e+02		1.2283927e-01		1.2425912e-93		2.5310806e-88		2.1522311e-93		2.1522311e-93		4.7380284e-124
1.1900000e+02		1.2000000e+02		1.1950000e+02		1.7115732e-01		2.9425035e-93		5.8056240e-88		5.0965656e-93		5.0965656e-93		1.5371556e-121
1.2000000e+02		1.2100000e+02		1.2050000e+02		9.3056497e-01		1.2006470e-93		2.7159640e-88		2.0795816e-93		2.0795816e-93		1.1414651e-119
1.2100000e+02		1.2200000e+02		1.2150000e+02		3.6941242e+01		7.0378946e-93		1.7606527e-87		1.2189991e-92		1.2189991e-92		7.6857455e-117
1.2200000e+02		1.2300000e+02		1.2250000e+02		2.4773856e-01		5.4260035e-94		1.1870129e-88		9.3981137e-94		9.3981137e-94		2.2694367e-116
1.2300000e+02		1.2400000e+02		1.2350000e+02		1.3344721e-01		1.9051013e-98		7.0033499e-93		3.2997322e-98		3.2997322e-98		2.0788691e-118
1.2400000e+02		1.2500000e+02		1.2450000e+02		1.0726631e-01		5.4486709e-107		0.0000000e+00		9.4373748e-107		9.4373748e-107		5.6866234e-124
1.2500000e+02		1.2600000e+02		1.2550000e+02		1.0471361e-01		1.7023721e-112		0.0000000e+00		2.9485949e-112		2.9485949e-112		3.6672969e-127
1.2600000e+02		1.2700000e+02		1.2650000e+02		1.4644878e-01		3.4256035e-106		0.0000000e+00		5.9333194e-106		5.9333194e-106		1.6348193e-120
1.2700000e+02		1.2800000e+02		1.2750000e+02		7.6659940e-02		2.9980252e-92		4.9180274e-87		5.1927320e-92		5.1927320e-92		1.2688150e-107
1.2800000e+02		1.2900000e+02		1.2850000e+02		6.1165494e-02		1.1679103e-82		5.7236391e-78		2.0228799e-82		2.0228799e-82		1.9241898e-98
1.2900000e+02		1.3000000e+02		1.2950000e+02		8.1594975e-02		1.7206387e-78		5.0909799e-74		2.9802336e-78		2.9802336e-78		8.7198119e-94
1.3000000e+02		1.3100000e+02		1.3050000e+02		6.7007791e-01		1.0565512e-75		2.4725693e-71		1.8300003e-75		1.8300003e-75		3.4183562e-90
1.3100000e+02		1.3200000e+02		1.3150000e+02		9.0731094e-02		1.5951176e-76		3.7068506e-72		2.7628247e-76		2.7628247e-76		5.9085116e-90
1.3200000e+02		1.3300000e+02		1.3250000e+02		7.0547730e-02		4.5548621e-75		8.7019136e-71		7.8892526e-75		7.8892526e-75		9.3574927e-88
1.3300000e+02		1.3400000e+02		1.3350000e+02		9.5357088e-01		8.1449651e-73		1.3520362e-68		1.4107493e-72		1.4107493e-72		9.7818676e-85
1.3400000e+02		1.3500000e+02		1.3450000e+02		6.5246966e-02		4.4098355e-72		5.7738458e-68		7.6380592e-72		7.6380592e-72		2.0622008e-83
1.3500000e+02		1.3600000e+02		1.3550000e+02		1.3692679e-01		1.9396222e-70		2.1526191e-66		3.3595242e-70		3.3595242e-70		3.9677839e-81
1.3600000e+02		1.3700000e+02		1.3650000e+02		8.9861989e-02		2.8049801e-69		2.6317231e-65		4.8583681e-69		4.8583681e-69		2.2583817e-79
1.3700000e+02		1.3800000e+02		1.3750000e+02		9.2282630e-02		4.7929609e-68		3.8602517e-64		8.3016518e-68		8.3016518e-68		1.4499462e-77
1.3800000e+02		1.3900000e+02		1.3850000e+02		9.4180145e-02		7.7016061e-67		5.3410532e-63		1.3339573e-66		1.3339573e-66		8.0988751e-76
1.3900000e+02		1.4000000e+02		1.3950000e+02		3.1801144e-01		4.1247797e-65		2.4622784e-61		7.1443280e-65		7.1443280e-65		1.3882565e-73
1.4000000e+02		1.4100000e+02		1.4050000e+02		2.7729440e-01		6.3254748e-64		3.2323146e-60		1.0956044e-63		1.0956044e-63		6.2112614e-72
1.4100000e+02		1.4200000e+02		1.4150000e+02		1.3359910e-01		4.0228839e-63		1.7874429e-59		6.9678393e-63		6.9678392e-63		1.1213806e-70
1.4200000e+02		1.4300000e+02		1.4250000e+02		1.4479671e-01		1.0310580e-61		3.8594298e-58		1.7858448e-61		1.7858448e-61		6.9707974e-69
1.4300000e+02		1.4400000e+02		1.4350000e+02		1.6064305e-01		6.4204984e-59		1.7046707e-55		1.1120629e-58		1.1120629e-58		6.0944651e-66
1.4400000e+02		1.4500000e+02		1.4450000e+02		1.5363637e-01		4.5504842e-56		8.4413801e-53		7.8816698e-56		7.8816693e-56		5.4850178e-63
1.4500000e+02		1.4600000e+02		1.4550000e+02		1.6382583e-01		3.9736680e-53		5.1226784e-50		6.8825947e-53		6.8825941e-53		5.6644730e-60
1.4600000e+02		1.4700000e+02		1.4650000e+02		1.9977093e-01		3.9274521e-50		3.5208437e-47		6.8025465e-50		6.8025458e-50		6.2827327e-57
1.4700000e+02		1.4800000e+02		1.4750000e+02		2.4643334e-01		3.2074021e-47		2.0218016e-44		5.5553833e-47		5.5553827e-47		5.6398057e-54
1.4800000e+02		1.4900000e+02		1.4850000e+02		2.4167300e-01		1.9305048e-44		8.5932605e-42		3.3437324e-44		3.3437320e-44		3.5883767e-51
1.4900000e+02		1.5000000e+02		1.4950000e+02		2.1832777e-01		1.3901186e-41		4.3092779e-39		2.4077560e-41		2.4077558e-41		2.4895115e-48
1.5000000e+02		1.5100000e+02		1.5050000e+02		2.4023073e-01		1.5285993e-38		3.2611356e-36		2.6476116e-38		2.6476114e-38		2.4119755e-45
1.5100000e+02		1.5200000e+02		1.5150000e+02		2.5258505e-01		1.6080481e-35		2.3621366e-33		2.7852211e-35		2.7852208e-35		2.1150965e-42
1.5200000e+02		1.5300000e+02		1.5250000e+02		3.2229547e-01		4.6841001e-32		4.5359945e-30		8.1130993e-32		8.1130989e-32		4.1907295e-39
1.5300000e+02		1.5400000e+02		1.5350000e+02		3.5701286e-01		1.6089038e-28		1.0119060e-26		2.7867032e-28		2.7867031e-28		8.5696597e-36
1.5400000e+02		1.5500000e+02		1.5450000e+02		9.5486931e-01		8.5771740e-25		3.5948092e-23		1.4856101e-24		1.4856101e-24		2.6867677e-32
1.5500000e+02		1.5600000e+02		1.5550000e+02		7.8587524e-01		1.4054528e-21		3.9372909e-20		2.4343156e-21		2.4343156e-21		2.3122735e-29
1.5600000e+02		1.5700000e+02		1.5650000e+02		4.6648084e-01		4.6741390e-18		8.3379819e-17		8.0958463e-18		8.0958463e-18		2.7147138e-26
1.5700000e+02		1.5800000e+02		1.5750000e+02		4.2309893e-01		1.6382898e-14		1.9172023e-13		2.8376012e-14		2.8376012e-14		2.7606672e-23
1.5800000e+02		1.5900000e+02		1.5850000e+02		3.9008072e-01		1.0888964e-10		8.2910123e-10		1.8860239e-10		1.8860239e-10		2.7019313e-20
1.5900000e+02		1.6000000e+02		1.5950000e+02		3.8042347e-01		1.8828759e-06		9.5544839e-06		3.2612368e-06		3.2612368e-06		1.5678516e-17
1.6000000e+02		1.6100000e+02		1.6050000e+02		4.1635449e-01		2.2008117e-05		1.0261800e-04		3.8119176e-05		3.8119176e-05		1.2583922e-16
1.6100000e+02		1.6200000e+02		1.6150000e+02		4.7164413e-01		7.3856922e-05		3.3081876e-04		1.2792394e-04		1.2792394e-04		5.6658920e-16
1.6200000e+02		1.6300000e+02		1.6250000e+02		5.2241459e-01		1.9592488e-04		8.4965270e-04		3.3935184e-04		3.3935184e-04		2.1861410e-15
1.6300000e+02		1.6400000e+02		1.6350000e+02		1.1072121e+00		5.8334957e-04		2.4850287e-03		1.0103911e-03		1.0103911e-03		1.2903924e-14
1.6400000e+02		1.6500000e+02		1.6450000e+02		1.1323318e+00		6.7286143e-04		2.8316213e-03		1.1654302e-03		1.1654302e-03		3.2998653e-14
1.6500000e+02		1.6600000e+02		1.6550000e+02		1.3255566e+00		7.2174639e-04		3.0166234e-03		1.2501014e-03		1.2501014e-03		8.6980380e-14
1.6600000e+02		1.6700000e+02		1.6650000e+02		6.2522883e-01		2.8540079e-04		1.1877862e-03		4.9432866e-04		4.9432866e-04		8.6370461e-14
1.6700000e+02		1.6800000e+02		1.6750000e+02		6.6723830e-01		2.2662291e-04		9.4255827e-04		3.9252240e-04		3.9252240e-04		1.7874933e-13
1.6800000e+02		1.6900000e+02		1.6850000e+02		7.1904320e-01		1.7070235e-04		7.1123114e-04		2.9566514e-04		2.9566514e-04		3.5006939e-13
1.6900000e+02		1.7000000e+02		1.6950000e+02		9.0554889e-01		1.3654897e-04		5.7201512e-04		2.3650975e-04		2.3650975e-04		7.3755886e-13
1.7000000e+02		1.7100000e+02		1.7050000e+02		1.0161854e+00		9.1559247e-05		3.8676972e-04		1.5858527e-04		1.5858527e-04		1.2872709e-12
1.7100000e+02		1.7200000e+02		1.7150000e+02		1.0130704e+00		5.5022029e-05		2.3458644e-04		9.5300950e-05		9.5300948e-05		1.9143034e-12
1.7200000e+02		1.7300000e+02		1.7250000e+02		1.0571150e+00		2.9360934e-05		1.2721164e-04		5.0854628e-05		5.0854626e-05		2.6142237e-12
1.7300000e+02		1.7400000e+02		1.7350000e+02		1.0479596e+00		1.6315484e-05		7.1708895e-05		2.8259247e-05		2.8259243e-05		3.3908465e-12
1.7400000e+02		1.7500000e+02		1.7450000e+02		1.2530722e+00		9.7538139e-06		4.3730548e-05		1.6894101e-05		1.6894096e-05		4.7469526e-12
1.7500000e+02		1.7600000e+02		1.7550000e+02		1.4954862e+00		5.0055112e-06		2.3064771e-05		8.6697988e-06		8.6697931e-06		5.7603338e-12
1.7600000e+02		1.7700000e+02		1.7650000e+02		1.6135596e+00		2.4299102e-06		1.1506978e-05		4.2087269e-06		4.2087207e-06		6.1690815e-12
1.7700000e+02		1.7800000e+02		1.7750000e+02		1.9010195e+00		1.3470284e-06		6.5532835e-06		2.3331206e-06		2.3331135e-06		7.0906864e-12
1.7800000e+02		1.7900000e+02		1.7850000e+02		2.0776624e+00		4.8039649e-07		2.4434060e-06		8.3207027e-07		8.3206465e-07		5.6202931e-12
1.7900000e+02		1.8000000e+02		1.7950000e+02		2.0198657e+00		1.4447010e-07		7.7174903e-07		2.5022899e-07		2.5022538e-07		3.6069956e-12
1.8000000e+02		1.8100000e+02		1.8050000e+02		2.4976225e+00		7.7534364e-08		4.2899143e-07		1.3429290e-07		1.3428931e-07		3.5952538e-12
1.8100000e+02		1.8200000e+02		1.8150000e+02		3.0410490e+00		2.6137663e-08		1.5321687e-07		4.5271386e-08		4.5268965e-08		2.4214485e-12
1.8200000e+02		1.8300000e+02		1.8250000e+02		2.8073836e+00		3.9062895e-09		2.4954995e-08		6.7657720e-09		6.7649965e-09		7.7553638e-13
1.8300000e+02		1.8400000e+02		1.8350000e+02		2.9562417e+00		8.4167160e-10		5.8062190e-09		1.4577682e-09		1.4574461e-09		3.2213074e-13
1.8400000e+02		1.8500000e+02		1.8450000e+02		2.5409769e+00		2.6516121e-10		1.9206473e-09		4.5924675e-10		4.5907883e-10		1.6791288e-13
1.8500000e+02		1.8600000e+02		1.8550000e+02		2.8735562e+00		7.9386096e-11		6.1446096e-10		1.3748750e-10		1.3740167e-10		8.5824758e-14
1.8600000e+02		1.8700000e+02		1.8650000e+02		3.2604304e+00		6.8119699e-12		6.0220682e-11		1.1796364e-11		1.1781381e-11		1.4982948e-14
1.8700000e+02		1.8800000e+02		1.8750000e+02		3.6946466e+00		1.4889782e-12		1.4339200e-11		2.5781400e-12		2.5726638e-12		5.4762598e-15
1.8800000e+02		1.8900000e+02		1.8850000e+02		3.8870616e+00		8.7536958e-13		8.6855072e-12		1.5154935e-12		1.5110198e-12		4.4736995e-15
1.8900000e+02		1.9000000e+02		1.8950000e+02		4.3106081e+00		2.3280183e-13		2.4903791e-12		4.0294095e-13		4.0110473e-13		1.8362274e-15
1.9000000e+02		1.9100000e+02		1.9050000e+02		4.4384288e+00		7.0133495e-15		9.0636689e-14		1.2130544e-14		1.2020915e-14		1.0962875e-16
1.9100000e+02		1.9200000e+02		1.9150000e+02		4.8094361e+00		1.6382292e-15		2.2986285e-14		2.8316776e-15		2.7940091e-15		3.7668436e-17
1.9200000e+02		1.9300000e+02		1.9250000e+02		5.0365493e+00		2.9153553e-15		3.9721780e-14		5.0378499e-15		4.9621477e-15		7.5702213e-17
1.9300000e+02		1.9400000e+02		1.9350000e+02		3.8447944e+00		1.1862670e-15		1.6709236e-14		2.0485645e-15		2.0090074e-15		3.9557073e-17
1.9400000e+02		1.9500000e+02		1.9450000e+02		6.1679797e+00		1.7656239e-16		2.8256035e-15		3.0442264e-16		2.9540856e-16		9.0140829e-18
1.9500000e+02		1.9600000e+02		1.9550000e+02		5.9528271e+00		6.2006115e-17		1.0468221e-15		1.0676669e-16		1.0268139e-16		4.0852990e-18
1.9600000e+02		1.9700000e+02		1.9650000e+02		6.5508102e+00		1.0306849e-16		1.6996134e-15		1.7735866e-16		1.6984128e-16		7.5173819e-18
1.9700000e+02		1.9800000e+02		1.9750000e+02		6.5190955e+00		9.9740529e-17		1.6449061e-15		1.7146495e-16		1.6310912e-16		8.3558334e-18
1.9800000e+02		1.9900000e+02		1.9850000e+02		6.3883794e+00		2.0870633e-15		2.9153000e-14		3.5920133e-15		3.4438506e-15		1.4816272e-16
1.9900000e+02		2.0000000e+02		1.9950000e+02		6.7274707e+00		1.5108398e-15		2.1503539e-14		2.5972627e-15		2.4704489e-15		1.2681374e-16
2.0000000e+02		2.0100000e+02		2.0050000e+02		7.1125146e+00		6.9202296e-16		1.0285183e-14		1.1876496e-15		1.1166360e-15		7.1013623e-17
2.0100000e+02		2.0200000e+02		2.0150000e+02		7.5701275e+00		1.1376880e-14		1.4578940e-13		1.9548108e-14		1.8530256e-14		1.0178528e-15
2.0200000e+02		2.0300000e+02		2.0250000e+02		7.4828608e+00		1.5228409e-14		1.9170157e-13		2.6146421e-14		2.4657719e-14		1.4887027e-15
2.0300000e+02		2.0400000e+02		2.0350000e+02		8.0092047e+00		2.3274267e-13		2.5374735e-12		4.0006921e-13		3.8030516e-13		1.9764048e-14
2.0400000e+02		2.0500000e+02		2.0450000e+02		8.6207445e+00		1.5276786e-11		1.3353308e-10		2.6312893e-11		2.5359448e-11		9.5344527e-13
2.0500000e+02		2.0600000e+02		2.0550000e+02		8.6400754e+00		8.7991089e-12		7.9107281e-11		1.5139136e-11		1.4482901e-11		6.5623491e-13
2.0600000e+02		2.0700000e+02		2.0650000e+02		8.6510225e+00		1.3246046e-10		1.0295361e-09		2.2814828e-10		2.1986198e-10		8.2863043e-12
2.0700000e+02		2.0800000e+02		2.0750000e+02		9.3957826e+00		2.4468699e-09		1.6349326e-08		4.2188869e-09		4.0944850e-09		1.2440186e-10
2.0800000e+02		2.0900000e+02		2.0850000e+02		1.0163489e+01		1.6411891e-09		1.1229618e-08		2.8272993e-09		2.7280971e-09		9.9202280e-11
2.0900000e+02		2.1000000e+02		2.0950000e+02		1.3129215e+01		6.9774005e-08		3.9703638e-07		1.2037223e-07		1.1726553e-07		3.1067043e-09
2.1000000e+02		2.1100000e+02		2.1050000e+02		1.6183343e+01		3.9396943e-08		2.3312577e-07		6.7902423e-08		6.5733142e-08		2.1692813e-09
2.1100000e+02		2.1200000e+02		2.1150000e+02		1.8424170e+01		4.8152891e-07		2.5158802e-06		8.3062780e-07		8.0858612e-07		2.2041683e-08
2.1200000e+02		2.1300000e+02		2.1250000e+02		1.6428561e+01		1.6897091e-06		8.2180604e-06		2.9155023e-06		2.8432560e-06		7.2246247e-08
2.1300000e+02		2.1400000e+02		2.1350000e+02		1.6737981e+01		2.2182547e-06		1.0633136e-05		3.8262940e-06		3.7237760e-06		1.0251804e-07
2.1400000e+02		2.1500000e+02		2.1450000e+02		2.1432541e+01		2.5604359e-05		1.0973790e-04		4.4198137e-05		4.3227618e-05		9.7051881e-07
2.1500000e+02		2.1600000e+02		2.1550000e+02		1.8408135e+01		1.9203294e-05		8.2709744e-05		3.3132988e-05		3.2303734e-05		8.2925367e-07
2.1600000e+02		2.1700000e+02		2.1650000e+02		1.7036901e+01		1.0637932e-04		4.1901388e-04		1.8364940e-04		1.7973283e-04		3.9165734e-06
2.1700000e+02		2.1800000e+02		2.1750000e+02		1.7640866e+01		1.7713157e-04		6.8066376e-04		3.0575878e-04		2.9901246e-04		6.7463188e-06
2.1800000e+02		2.1900000e+02		2.1850000e+02		2.3730294e+01		6.0026134e-04		2.2036069e-03		1.0363005e-03		1.0144016e-03		2.1898825e-05
2.1900000e+02		2.2000000e+02		2.1950000e+02		2.5052511e+01		1.7938342e-03		6.2633386e-03		3.0976094e-03		3.0367387e-03		6.0870771e-05
2.2000000e+02		2.2100000e+02		2.2050000e+02		2.5203754e+01		2.0698472e-03		7.1669108e-03		3.5733075e-03		3.4970912e-03		7.6216259e-05
2.2100000e+02		2.2200000e+02		2.2150000e+02		2.0176768e+01		5.4090100e-03		1.7728985e-02		9.3412616e-03		9.1637594e-03		1.7750228e-04
2.2200000e+02		2.2300000e+02		2.2250000e+02		2.7154039e+01		1.0291369e-02		3.3154712e-02		1.7771071e-02		1.7420819e-02		3.5025244e-04
2.2300000e+02		2.2400000e+02		2.2350000e+02		3.5163062e+01		3.3988366e-02		1.0501896e-01		5.8706510e-02		5.7650837e-02		1.0556726e-03
2.2400000e+02		2.2500000e+02		2.2450000e+02		3.2875934e+01		3.8996967e-02		1.1920343e-01		6.7346365e-02		6.6062195e-02		1.2841699e-03
2.2500000e+02		2.2600000e+02		2.2550000e+02		2.8720078e+01		6.3540700e-02		1.8897734e-01		1.0974528e-01		1.0773554e-01		2.0097394e-03
2.2600000e+02		2.2700000e+02		2.2650000e+02		2.1037217e+01		6.9588514e-02		2.0325373e-01		1.2018941e-01		1.1797906e-01		2.2103516e-03
2.2700000e+02		2.2800000e+02		2.2750000e+02		2.0463841e+01		1.0422827e-01		2.9876075e-01		1.8002187e-01		1.7674096e-01		3.2809108e-03
2.2800000e+02		2.2900000e+02		2.2850000e+02		2.8509984e+01		2.4221976e-01		6.7977298e-01		4.1840361e-01		4.1106661e-01		7.3369930e-03
2.2900000e+02		2.3000000e+02		2.2950000e+02		2.5620938e+01		3.1997029e-01		8.8369101e-01		5.5272532e-01		5.4314740e-01		9.5779179e-03
2.3000000e+02		2.3100000e+02		2.3050000e+02		2.9055844e+01		4.7900594e-01		1.3071413e+00		8.2741598e-01		8.1287162e-01		1.4544366e-02
2.3100000e+02		2.3200000e+02		2.3150000e+02		2.7387429e+01		6.1538901e-01		1.6580271e+00		1.0630014e+00		1.0443333e+00		1.8668074e-02
2.3200000e+02		2.3300000e+02		2.3250000e+02		2.9413108e+01		8.5860941e-01		2.2882217e+00		1.4830944e+00		1.4568056e+00		2.6288723e-02
2.3300000e+02		2.3400000e+02		2.3350000e+02		2.6543685e+01		9.8767952e-01		2.6058240e+00		1.7059886e+00		1.6754161e+00		3.0572521e-02
2.3400000e+02		2.3500000e+02		2.3450000e+02		2.3194371e+01		1.0620748e+00		2.7775490e+00		1.8343916e+00		1.8008838e+00		3.3507820e-02
2.3500000e+02		2.3600000e+02		2.3550000e+02		3.1223226e+01		1.7187084e+00		4.4591940e+00		2.9683120e+00		2.9127770e+00		5.5534948e-02
2.3600000e+02		2.3700000e+02		2.3650000e+02		2.8911473e+01		1.9023953e+00		4.8982349e+00		3.2853345e+00		3.2224681e+00		6.2866362e-02
2.3700000e+02		2.3800000e+02		2.3750000e+02		3.0878004e+01		2.3806486e+00		6.0872125e+00		4.1109205e+00		4.0301029e+00		8.0817576e-02
2.3800000e+02		2.3900000e+02		2.3850000e+02		2.5598090e+01		2.2721209e+00		5.7728974e+00		3.9231394e+00		3.8435795e+00		7.9559946e-02
2.3900000e+02		2.4000000e+02		2.3950000e+02		2.7890834e+01		2.8046144e+00		7.0843369e+00		4.8420266e+00		4.7403355e+00		1.0169111e-01
2.4000000e+02		2.4100000e+02		2.4050000e+02		2.5623038e+01		2.8863152e+00		7.2509409e+00		4.9824680e+00		4.8738590e+00		1.0860893e-01
2.4100000e+02		2.4200000e+02		2.4150000e+02		3.0005079e+01		3.7403351e+00		9.3486538e+00		6.4558226e+00		6.3093341e+00		1.4648843e-01
2.4200000e+02		2.4300000e+02		2.4250000e+02		4.1301739e+01		5.6417131e+00		1.4033607e+01		9.7361352e+00		9.5056762e+00		2.3045900e-01
2.4300000e+02		2.4400000e+02		2.4350000e+02		3.8791639e+01		5.7152024e+00		1.4154556e+01		9.8612196e+00		9.6165008e+00		2.4471881e-01
2.4400000e+02		2.4500000e+02		2.4450000e+02		3.6329084e+01		5.6418466e+00		1.3920108e+01		9.7325197e+00		9.4771582e+00		2.5536148e-01
2.4500000e+02		2.4600000e+02		2.4550000e+02		2.9476122e+01		4.7595924e+00		1.1703050e+01		8.2085267e+00		7.9798116e+00		2.2871511e-01
2.4600000e+02		2.4700000e+02		2.4650000e+02		2.8685918e+01		4.9342652e+00		1.2084683e+01		8.5079973e+00		8.2593979e+00		2.4859944e-01
2.4700000e+02		2.4800000e+02		2.4750000e+02		3.1678139e+01		5.7027706e+00		1.3917834e+01		9.8306642e+00		9.5275322e+00		3.0313200e-01
2.4800000e+02		2.4900000e+02		2.4850000e+02		2.5406301e+01		4.7531683e+00		1.1561760e+01		8.1914901e+00		7.9245158e+00		2.6697423e-01
2.4900000e+02		2.5000000e+02		2.4950000e+02		3.0967514e+01		5.9596017e+00		1.4451875e+01		1.0267532e+01		9.9127619e+00		3.5477030e-01
2.5000000e+02		2.5100000e+02		2.5050000e+02		3.3448743e+01		6.4393597e+00		1.5577424e+01		1.1089864e+01		1.0679200e+01		4.1066409e-01
2.5100000e+02		2.5200000e+02		2.5150000e+02		2.7888154e+01		5.3981288e+00		1.3025813e+01		9.2930886e+00		8.9257334e+00		3.6735529e-01
2.5200000e+02		2.5300000e+02		2.5250000e+02		2.5069906e+01		5.0357212e+00		1.2112609e+01		8.6664921e+00		8.3063343e+00		3.6015775e-01
2.5300000e+02		2.5400000e+02		2.5350000e+02		3.1592540e+01		6.3592915e+00		1.5259719e+01		1.0939770e+01		1.0455230e+01		4.8454031e-01
2.5400000e+02		2.5500000e+02		2.5450000e+02		3.5730773e+01		7.0962819e+00		1.6993872e+01		1.2201704e+01		1.1622836e+01		5.7886841e-01
2.5500000e+02		2.5600000e+02		2.5550000e+02		4.8755658e+01		9.4836059e+00		2.2669598e+01		1.6297993e+01		1.5468734e+01		8.2925916e-01
2.5600000e+02		2.5700000e+02		2.5650000e+02		6.2803876e+01		1.2988857e+01		3.0935411e+01		2.2315789e+01		2.1140326e+01		1.1754629e+00
2.5700000e+02		2.5800000e+02		2.5750000e+02		7.8843355e+01		1.5607587e+01		3.7125598e+01		2.6797784e+01		2.5274169e+01		1.5236145e+00
2.5800000e+02		2.5900000e+02		2.5850000e+02		8.2991293e+01		1.6811161e+01		3.9878855e+01		2.8851979e+01		2.7131200e+01		1.7207794e+00
2.5900000e+02		2.6000000e+02		2.5950000e+02		7.0629481e+01		1.3755340e+01		3.2587529e+01		2.3591599e+01		2.2080937e+01		1.5106618e+00
2.6000000e+02		2.6100000e+02		2.6050000e+02		5.7868388e+01		1.1070282e+01		2.6180251e+01		1.8974818e+01		1.7683457e+01		1.2913609e+00
2.6100000e+02		2.6200000e+02		2.6150000e+02		5.9092703e+01		1.1012317e+01		2.6003114e+01		1.8862823e+01		1.7496401e+01		1.3664221e+00
2.6200000e+02		2.6300000e+02		2.6250000e+02		7.0528613e+01		1.3342864e+01		3.1427914e+01		2.2842930e+01		2.1110614e+01		1.7323169e+00
2.6300000e+02		2.6400000e+02		2.6350000e+02		1.0614195e+02		2.0535123e+01		4.8241096e+01		3.5138573e+01		3.2359335e+01		2.7792381e+00
2.6400000e+02		2.6500000e+02		2.6450000e+02		1.6548208e+02		3.0467578e+01		7.1508768e+01		5.2091168e+01		4.7687514e+01		4.4036543e+00
2.6500000e+02		2.6600000e+02		2.6550000e+02		1.7356948e+02		3.1785981e+01		7.4458355e+01		5.4309788e+01		4.9485844e+01		4.8239437e+00
2.6600000e+02		2.6700000e+02		2.6650000e+02		1.6826276e+02		3.0205107e+01		7.0644321e+01		5.1570590e+01		4.6739890e+01		4.8307004e+00
2.6700000e+02		2.6800000e+02		2.6750000e+02		1.6940220e+02		3.0351029e+01		7.0844911e+01		5.1785069e+01		4.6706643e+01		5.0784260e+00
2.6800000e+02		2.6900000e+02		2.6850000e+02		1.6778062e+02		2.9404733e+01		6.8535209e+01		5.0131160e+01		4.4956426e+01		5.1747331e+00
2.6900000e+02		2.7000000e+02		2.6950000e+02		1.5737310e+02		2.8134028e+01		6.5410977e+01		4.7936667e+01		4.2803580e+01		5.1330872e+00
2.7000000e+02		2.7100000e+02		2.7050000e+02		1.8181465e+02		3.0986376e+01		7.1985792e+01		5.2746470e+01		4.6767839e+01		5.9786310e+00
2.7100000e+02		2.7200000e+02		2.7150000e+02		1.5108640e+02		2.5153498e+01		5.8355485e+01		4.2781389e+01		3.7694596e+01		5.0867933e+00
2.7200000e+02		2.7300000e+02		2.7250000e+02		1.2154404e+02		1.9647633e+01		4.5528043e+01		3.3387122e+01		2.9220713e+01		4.1664093e+00
2.7300000e+02		2.7400000e+02		2.7350000e+02		1.2960124e+02		1.9742559e+01		4.5730648e+01		3.3512352e+01		2.9092260e+01		4.4200918e+00
2.7400000e+02		2.7500000e+02		2.7450000e+02		8.9183780e+01		1.5057197e+01		3.4719604e+01		2.5554601e+01		2.2154354e+01		3.4002472e+00
2.7500000e+02		2.7600000e+02		2.7550000e+02		1.1893609e+02		1.8519257e+01		4.2711198e+01		3.1391606e+01		2.6959047e+01		4.4325589e+00
2.7600000e+02		2.7700000e+02		2.7650000e+02		1.6564211e+02		2.6666257e+01		6.1333181e+01		4.5175108e+01		3.8622275e+01		6.5528326e+00
2.7700000e+02		2.7800000e+02		2.7750000e+02		1.5837296e+02		2.4485151e+01		5.6272158e+01		4.1437531e+01		3.5145007e+01		6.2925240e+00
2.7800000e+02		2.7900000e+02		2.7850000e+02		1.0921797e+02		1.7177051e+01		3.9386838e+01		2.9049518e+01		2.4504838e+01		4.5446793e+00
2.7900000e+02		2.8000000e+02		2.7950000e+02		6.1368404e+01		9.2827976e+00		2.1268784e+01		1.5682532e+01		1.3120544e+01		2.5619874e+00
2.8000000e+02		2.8100000e+02		2.8050000e+02		6.7313201e+01		1.0269005e+01		2.3480979e+01		1.7335457e+01		1.4415880e+01		2.9195773e+00
2.8100000e+02		2.8200000e+02		2.8150000e+02		1.3943196e+02		1.9404578e+01		4.4401650e+01		3.2711861e+01		2.6899309e+01		5.8125518e+00
2.8200000e+02		2.8300000e+02		2.8250000e+02		1.8983287e+02		3.1344810e+01		7.1270649e+01		5.2854285e+01		4.3554508e+01		9.2997774e+00
2.8300000e+02		2.8400000e+02		2.8350000e+02		1.9610227e+02		2.9090387e+01		6.6217813e+01		4.8978075e+01		3.9863236e+01		9.1148397e+00
2.8400000e+02		2.8500000e+02		2.8450000e+02		1.4459284e+02		2.2457135e+01		5.0967645e+01		3.7789652e+01		3.0621522e+01		7.1681296e+00
2.8500000e+02		2.8600000e+02		2.8550000e+02		9.2944992e+01		1.3647774e+01		3.0968418e+01		2.2937907e+01		1.8401496e+01		4.5364110e+00
2.8600000e+02		2.8700000e+02		2.8650000e+02		1.9045522e+02		2.9936611e+01		6.7690175e+01		5.0294914e+01		4.0216347e+01		1.0078567e+01
2.8700000e+02		2.8800000e+02		2.8750000e+02		2.2108403e+02		3.3920542e+01		7.6619778e+01		5.6930399e+01		4.5137004e+01		1.1793395e+01
2.8800000e+02		2.8900000e+02		2.8850000e+02		2.1010240e+02		3.3286882e+01		7.4998735e+01		5.5831546e+01		4.4029602e+01		1.1801944e+01
2.8900000e+02		2.9000000e+02		2.8950000e+02		3.1885068e+02		5.4722495e+01		1.2283033e+02		9.1758405e+01		7.2183257e+01		1.9575148e+01
2.9000000e+02		2.9100000e+02		2.9050000e+02		4.1860542e+02		6.6161859e+01		1.4859179e+02		1.1078046e+02		8.6081267e+01		2.4699197e+01
2.9100000e+02		2.9200000e+02		2.9150000e+02		4.0318642e+02		7.4809595e+01		1.6703081e+02		1.2529776e+02		9.7613989e+01		2.7683771e+01
2.9200000e+02		2.9300000e+02		2.9250000e+02		3.5818014e+02		5.7017963e+01		1.2762059e+02		9.5310610e+01		7.2992740e+01		2.2317870e+01
2.9300000e+02		2.9400000e+02		2.9350000e+02		3.7393440e+02		7.0345634e+01		1.5650587e+02		1.1763214e+02		9.0376857e+01		2.7255283e+01
2.9400000e+02		2.9500000e+02		2.9450000e+02		3.4819581e+02		6.1996237e+01		1.3791147e+02		1.0353849e+02		7.8665134e+01		2.4873358e+01
2.9500000e+02		2.9600000e+02		2.9550000e+02		3.7701055e+02		8.0420922e+01		1.7778916e+02		1.3438141e+02		1.0258379e+02		3.1797613e+01
2.9600000e+02		2.9700000e+02		2.9650000e+02		3.4493460e+02		6.2091224e+01		1.3765542e+02		1.0352723e+02		7.7515906e+01		2.6011329e+01
2.9700000e+02		2.9800000e+02		2.9750000e+02		3.5165811e+02		7.5894785e+01		1.6721548e+02		1.2661396e+02		9.5282836e+01		3.1331128e+01
2.9800000e+02		2.9900000e+02		2.9850000e+02		3.0223333e+02		5.5835714e+01		1.2332656e+02		9.2955393e+01		6.8646807e+01		2.4308586e+01
2.9900000e+02		3.0000000e+02		2.9950000e+02		3.4101318e+02		7.8890080e+01		1.7298888e+02		1.3146177e+02		9.7928268e+01		3.3533502e+01
3.0000000e+02		3.0100000e+02		3.0050000e+02		2.7131061e+02		5.5508124e+01		1.2191211e+02		9.2325805e+01		6.7614644e+01		2.4711161e+01
3.0100000e+02		3.0200000e+02		3.0150000e+02		3.1202593e+02		8.6187073e+01		1.8762939e+02		1.4359909e+02		1.0681934e+02		3.6779752e+01
3.0200000e+02		3.0300000e+02		3.0250000e+02		3.2846528e+02		7.2126198e+01		1.5766064e+02		1.1983087e+02		8.6844333e+01		3.2986538e+01
3.0300000e+02		3.0400000e+02		3.0350000e+02		4.2601061e+02		1.2711521e+02		2.7542898e+02		2.1158420e+02		1.5600120e+02		5.5583003e+01
3.0400000e+02		3.0500000e+02		3.0450000e+02		4.0776836e+02		9.7118311e+01		2.1124883e+02		1.6118964e+02		1.1571611e+02		4.5473532e+01
3.0500000e+02		3.0600000e+02		3.0550000e+02		4.1174793e+02		1.3112518e+02		2.8288408e+02		2.1802805e+02		1.5919759e+02		5.8830460e+01
3.0600000e+02		3.0700000e+02		3.0650000e+02		3.9053943e+02		9.8990943e+01		2.1438410e+02		1.6410930e+02		1.1653934e+02		4.7569958e+01
3.0700000e+02		3.0800000e+02		3.0750000e+02		4.3847484e+02		1.4058706e+02		3.0238790e+02		2.3338527e+02		1.6787871e+02		6.5506559e+01
3.0800000e+02		3.0900000e+02		3.0850000e+02		4.3035211e+02		1.2349378e+02		2.6591754e+02		2.0461893e+02		1.4455098e+02		6.0067951e+01
3.0900000e+02		3.1000000e+02		3.0950000e+02		3.4901328e+02		1.1499322e+02		2.4650029e+02		1.9063053e+02		1.3532090e+02		5.5309633e+01
3.1000000e+02		3.1100000e+02		3.1050000e+02		4.3927411e+02		1.3886788e+02		2.9754158e+02		2.2992267e+02		1.6127709e+02		6.8645581e+01
3.1100000e+02		3.1200000e+02		3.1150000e+02		5.2246540e+02		1.7871500e+02		3.8173405e+02		2.9588557e+02		2.0746671e+02		8.8418860e+01
3.1200000e+02		3.1300000e+02		3.1250000e+02		4.6521908e+02		1.6303943e+02		3.4759885e+02		2.6977657e+02		1.8810268e+02		8.1673885e+01
3.1300000e+02		3.1400000e+02		3.1350000e+02		4.9544367e+02		1.7264521e+02		3.6763110e+02		2.8541832e+02		1.9729686e+02		8.8121464e+01
3.1400000e+02		3.1500000e+02		3.1450000e+02		4.6729179e+02		1.7372365e+02		3.6892833e+02		2.8716030e+02		1.9822353e+02		8.8936771e+01
3.1500000e+02		3.1600000e+02		3.1550000e+02		4.5343123e+02		1.6539234e+02		3.5091522e+02		2.7310935e+02		1.8662815e+02		8.6481208e+01
3.1600000e+02		3.1700000e+02		3.1650000e+02		4.4229406e+02		1.6788747e+02		3.5544728e+02		2.7712118e+02		1.8863395e+02		8.8487223e+01
3.1700000e+02		3.1800000e+02		3.1750000e+02		5.6102832e+02		2.1393096e+02		4.5230277e+02		3.5285201e+02		2.3834761e+02		1.1450440e+02
3.1800000e+02		3.1900000e+02		3.1850000e+02		4.6340678e+02		1.8058346e+02		3.8113847e+02		2.9767834e+02		1.9991449e+02		9.7763845e+01
3.1900000e+02		3.2000000e+02		3.1950000e+02		4.9774832e+02		1.9703413e+02		4.1519879e+02		3.2458956e+02		2.1658297e+02		1.0800659e+02
3.2000000e+02		3.2100000e+02		3.2050000e+02		5.7184857e+02		2.3061250e+02		4.8516284e+02		3.7967829e+02		2.5179248e+02		1.2788580e+02
3.2100000e+02		3.2200000e+02		3.2150000e+02		4.8024660e+02		1.9469929e+02		4.0905677e+02		3.2031281e+02		2.1079992e+02		1.0951289e+02
3.2200000e+02		3.2300000e+02		3.2250000e+02		4.8228681e+02		1.9873583e+02		4.1688632e+02		3.2675225e+02		2.1366544e+02		1.1308681e+02
3.2300000e+02		3.2400000e+02		3.2350000e+02		4.6607071e+02		1.9499620e+02		4.0841845e+02		3.2040394e+02		2.0815168e+02		1.1225225e+02
3.2400000e+02		3.2500000e+02		3.2450000e+02		5.4882129e+02		2.3067983e+02		4.8253166e+02		3.7875626e+02		2.4414634e+02		1.3460991e+02
3.2500000e+02		3.2600000e+02		3.2550000e+02		6.3196128e+02		2.6453852e+02		5.5274528e+02		4.3398602e+02		2.7726667e+02		1.5671934e+02
3.2600000e+02		3.2700000e+02		3.2650000e+02		7.1301257e+02		3.0500136e+02		6.3625998e+02		5.0009843e+02		3.1766964e+02		1.8242879e+02
3.2700000e+02		3.2800000e+02		3.2750000e+02		6.8984049e+02		2.9632497e+02		6.1738795e+02		4.8551561e+02		3.0596859e+02		1.7954703e+02
3.2800000e+02		3.2900000e+02		3.2850000e+02		6.6596082e+02		2.8769143e+02		5.9864054e+02		4.7103404e+02		2.9454370e+02		1.7649034e+02
3.2900000e+02		3.3000000e+02		3.2950000e+02		7.7527139e+02		3.3579474e+02		6.9790228e+02		5.4938414e+02		3.4073640e+02		2.0864773e+02
3.3000000e+02		3.3100000e+02		3.3050000e+02		7.3029799e+02		3.1623454e+02		6.5651194e+02		5.1698215e+02		3.1789808e+02		1.9908407e+02
3.3100000e+02		3.3200000e+02		3.3150000e+02		6.9881652e+02		3.0800783e+02		6.3848834e+02		5.0325131e+02		3.0752217e+02		1.9572913e+02
3.3200000e+02		3.3300000e+02		3.3250000e+02		6.8562051e+02		3.0314877e+02		6.2768161e+02		4.9495298e+02		2.9998666e+02		1.9496633e+02
3.3300000e+02		3.3400000e+02		3.3350000e+02		6.5878216e+02		2.9238977e+02		6.0469687e+02		4.7704618e+02		2.8679480e+02		1.9025137e+02
3.3400000e+02		3.3500000e+02		3.3450000e+02		6.9405546e+02		3.0895340e+02		6.3822409e+02		5.0370803e+02		3.0033301e+02		2.0337503e+02
3.3500000e+02		3.3600000e+02		3.3550000e+02		6.8541663e+02		3.0647995e+02		6.3238017e+02		4.9932746e+02		2.9532809e+02		2.0399937e+02
3.3600000e+02		3.3700000e+02		3.3650000e+02		5.6469084e+02		2.5351469e+02		5.2249781e+02		4.1274665e+02		2.4213750e+02		1.7060915e+02
3.3700000e+02		3.3800000e+02		3.3750000e+02		5.9573781e+02		2.6879681e+02		5.5335862e+02		4.3732941e+02		2.5450635e+02		1.8282306e+02
3.3800000e+02		3.3900000e+02		3.3850000e+02		6.4448401e+02		2.9245892e+02		6.0137751e+02		4.7550952e+02		2.7453482e+02		2.0097470e+02
3.3900000e+02		3.4000000e+02		3.3950000e+02		6.7448220e+02		3.0700418e+02		6.3060197e+02		4.9881186e+02		2.8559646e+02		2.1321540e+02
3.4000000e+02		3.4100000e+02		3.4050000e+02		7.1196374e+02		3.2460934e+02		6.6606710e+02		5.2704383e+02		2.9919068e+02		2.2785315e+02
3.4100000e+02		3.4200000e+02		3.4150000e+02		6.4984945e+02		2.9414434e+02		6.0304515e+02		4.7719518e+02		2.6823451e+02		2.0896067e+02
3.4200000e+02		3.4300000e+02		3.4250000e+02		7.0477558e+02		3.2362270e+02		6.6262590e+02		5.2473087e+02		2.9296721e+02		2.3176366e+02
3.4300000e+02		3.4400000e+02		3.4350000e+02		6.9264465e+02		3.1750154e+02		6.4948165e+02		5.1442931e+02		2.8461168e+02		2.2981762e+02
3.4400000e+02		3.4500000e+02		3.4450000e+02		5.5710877e+02		2.5777151e+02		5.2668508e+02		4.1740301e+02		2.2920657e+02		1.8819644e+02
3.4500000e+02		3.4600000e+02		3.4550000e+02		6.7138909e+02		3.1107195e+02		6.3496480e+02		5.0336591e+02		2.7402078e+02		2.2934514e+02
3.4600000e+02		3.4700000e+02		3.4650000e+02		6.5194093e+02		3.0278719e+02		6.1743912e+02		4.8963248e+02		2.6427649e+02		2.2535599e+02
3.4700000e+02		3.4800000e+02		3.4750000e+02		6.4525828e+02		2.9986258e+02		6.1089705e+02		4.8457148e+02		2.5924502e+02		2.2532645e+02
3.4800000e+02		3.4900000e+02		3.4850000e+02		6.6761091e+02		3.1525523e+02		6.4144508e+02		5.0919136e+02		2.7065205e+02		2.3853931e+02
3.4900000e+02		3.5000000e+02		3.4950000e+02		6.3989005e+02		3.0335953e+02		6.1662585e+02		4.8966660e+02		2.5811389e+02		2.3155271e+02
3.5000000e+02		3.5100000e+02		3.5050000e+02		7.6650484e+02		3.6348340e+02		7.3816584e+02		5.8632054e+02		3.0631985e+02		2.8000068e+02
3.5100000e+02		3.5200000e+02		3.5150000e+02		7.1211510e+02		3.3910880e+02		6.8798959e+02		5.4666260e+02		2.8323562e+02		2.6342698e+02
3.5200000e+02		3.5300000e+02		3.5250000e+02		6.5785102e+02		3.1419287e+02		6.3683716e+02		5.0617692e+02		2.6003491e+02		2.4614201e+02
3.5300000e+02		3.5400000e+02		3.5350000e+02		7.5263834e+02		3.6199818e+02		7.3298321e+02		5.8285553e+02		2.9707666e+02		2.8577886e+02
3.5400000e+02		3.5500000e+02		3.5450000e+02		8.0329241e+02		3.8724682e+02		7.8339237e+02		6.2311643e+02		3.1486676e+02		3.0824967e+02
3.5500000e+02		3.5600000e+02		3.5550000e+02		7.5433512e+02		3.6483023e+02		7.3736300e+02		5.8668644e+02		2.9395257e+02		2.9273387e+02
3.5600000e+02		3.5700000e+02		3.5650000e+02		6.5576441e+02		3.1771472e+02		6.4157154e+02		5.1060047e+02		2.5360527e+02		2.5699520e+02
3.5700000e+02		3.5800000e+02		3.5750000e+02		5.7307986e+02		2.7805406e+02		5.6099811e+02		4.4658326e+02		2.1986656e+02		2.2671670e+02
3.5800000e+02		3.5900000e+02		3.5850000e+02		4.9194729e+02		2.3989199e+02		4.8355131e+02		3.8506887e+02		1.8802984e+02		1.9703903e+02
3.5900000e+02		3.6000000e+02		3.5950000e+02		7.1030971e+02		3.4663947e+02		6.9814196e+02		5.5607218e+02		2.6911978e+02		2.8695241e+02
3.6000000e+02		3.6100000e+02		3.6050000e+02		7.0092701e+02		3.4354411e+02		6.9128544e+02		5.5079003e+02		2.6435021e+02		2.8643983e+02
3.6100000e+02		3.6200000e+02		3.6150000e+02		6.5110481e+02		3.1769439e+02		6.3882454e+02		5.0900526e+02		2.4191089e+02		2.6709437e+02
3.6200000e+02		3.6300000e+02		3.6250000e+02		7.3500056e+02		3.5672129e+02		7.1682131e+02		5.7114905e+02		2.6875420e+02		3.0239484e+02
3.6300000e+02		3.6400000e+02		3.6350000e+02		7.1558904e+02		3.4981410e+02		7.0228334e+02		5.5979491e+02		2.6134564e+02		2.9844927e+02
3.6400000e+02		3.6500000e+02		3.6450000e+02		7.4837927e+02		3.5835898e+02		7.1921866e+02		5.7299250e+02		2.6416848e+02		3.0882402e+02
3.6500000e+02		3.6600000e+02		3.6550000e+02		8.5179486e+02		4.1286324e+02		8.2775380e+02		6.5983595e+02		3.0206520e+02		3.5777074e+02
3.6600000e+02		3.6700000e+02		3.6650000e+02		9.1042532e+02		4.3232750e+02		8.6653197e+02		6.9038129e+02		3.1210319e+02		3.7827810e+02
3.6700000e+02		3.6800000e+02		3.6750000e+02		8.7909512e+02		4.1947613e+02		8.4005980e+02		6.6950242e+02		3.0016051e+02		3.6934191e+02
3.6800000e+02		3.6900000e+02		3.6850000e+02		8.1047729e+02		3.6912776e+02		7.3949118e+02		5.8851393e+02		2.5942261e+02		3.2909132e+02
3.6900000e+02		3.7000000e+02		3.6950000e+02		8.9967825e+02		4.1863201e+02		8.3764237e+02		6.6720762e+02		2.9247467e+02		3.7473295e+02
3.7000000e+02		3.7100000e+02		3.7050000e+02		8.4427990e+02		4.2934836e+02		8.5673059e+02		6.8455174e+02		3.0193919e+02		3.8261255e+02
3.7100000e+02		3.7200000e+02		3.7150000e+02		8.7164560e+02		4.4468422e+02		8.8663869e+02		7.0862589e+02		3.0990426e+02		3.9872164e+02
3.7200000e+02		3.7300000e+02		3.7250000e+02		7.2411383e+02		3.7042621e+02		7.3801505e+02		5.8997786e+02		2.5580425e+02		3.3417361e+02
3.7300000e+02		3.7400000e+02		3.7350000e+02		6.3155746e+02		3.2393595e+02		6.4490441e+02		5.1566025e+02		2.2166250e+02		2.9399775e+02
3.7400000e+02		3.7500000e+02		3.7450000e+02		6.4642322e+02		3.3242076e+02		6.6130380e+02		5.2888956e+02		2.2539594e+02		3.0349362e+02
3.7500000e+02		3.7600000e+02		3.7550000e+02		7.4036161e+02		3.8168126e+02		7.5874292e+02		6.0694838e+02		2.5643614e+02		3.5051224e+02
3.7600000e+02		3.7700000e+02		3.7650000e+02		7.6758018e+02		3.9676915e+02		7.8815990e+02		6.3061713e+02		2.6415186e+02		3.6646527e+02
3.7700000e+02		3.7800000e+02		3.7750000e+02		9.0048278e+02		4.6666422e+02		9.2633443e+02		7.4132897e+02		3.0785974e+02		4.3346923e+02
3.7800000e+02		3.7900000e+02		3.7850000e+02		9.3786543e+02		4.8724386e+02		9.6649731e+02		7.7362968e+02		3.1851027e+02		4.5511941e+02
3.7900000e+02		3.8000000e+02		3.7950000e+02		7.6051322e+02		3.9609995e+02		7.8515046e+02		6.2859956e+02		2.5657665e+02		3.7202291e+02
3.8000000e+02		3.8100000e+02		3.8050000e+02		8.2814537e+02		4.3238930e+02		8.5648652e+02		6.8584915e+02		2.7753773e+02		4.0831142e+02
3.8100000e+02		3.8200000e+02		3.8150000e+02		7.4366886e+02		3.8922286e+02		7.7045098e+02		6.1707539e+02		2.4755977e+02		3.6951562e+02
3.8200000e+02		3.8300000e+02		3.8250000e+02		5.3336093e+02		2.7981265e+02		5.5350138e+02		4.4339956e+02		1.7635310e+02		2.6704646e+02
3.8300000e+02		3.8400000e+02		3.8350000e+02		4.7073026e+02		2.4751666e+02		4.8928794e+02		3.9203242e+02		1.5457885e+02		2.3745357e+02
3.8400000e+02		3.8500000e+02		3.8450000e+02		6.2969557e+02		3.3189381e+02		6.5564659e+02		5.2542278e+02		2.0539448e+02		3.2002830e+02
3.8500000e+02		3.8600000e+02		3.8550000e+02		6.6694888e+02		3.5236142e+02		6.9562115e+02		5.5756076e+02		2.1608492e+02		3.4147584e+02
3.8600000e+02		3.8700000e+02		3.8650000e+02		6.6977732e+02		3.5466751e+02		6.9971839e+02		5.6094595e+02		2.1552712e+02		3.4541883e+02
3.8700000e+02		3.8800000e+02		3.8750000e+02		6.6902499e+02		3.5506733e+02		7.0005699e+02		5.6131662e+02		2.1381420e+02		3.4750242e+02
3.8800000e+02		3.8900000e+02		3.8850000e+02		6.7841027e+02		3.6083750e+02		7.1098205e+02		5.7017493e+02		2.1531881e+02		3.5485613e+02
3.8900000e+02		3.9000000e+02		3.8950000e+02		8.1451188e+02		4.3416013e+02		8.5491800e+02		6.8572099e+02		2.5672357e+02		4.2899742e+02
3.9000000e+02		3.9100000e+02		3.9050000e+02		8.5560997e+02		4.5709067e+02		8.9951061e+02		7.2161120e+02		2.6784077e+02		4.5377043e+02
3.9100000e+02		3.9200000e+02		3.9150000e+02		9.2006232e+02		4.9259479e+02		9.6878320e+02		7.7731273e+02		2.8603673e+02		4.9127600e+02
3.9200000e+02		3.9300000e+02		3.9250000e+02		7.0614281e+02		3.7887021e+02		7.4466907e+02		5.9758981e+02		2.1801218e+02		3.7957763e+02
3.9300000e+02		3.9400000e+02		3.9350000e+02		4.3291589e+02		2.3276335e+02		4.5722140e+02		3.6697448e+02		1.3272895e+02		2.3424553e+02
3.9400000e+02		3.9500000e+02		3.9450000e+02		7.1565803e+02		3.8558351e+02		7.5695913e+02		6.0764516e+02		2.1788785e+02		3.8975731e+02
3.9500000e+02		3.9600000e+02		3.9550000e+02		8.7888136e+02		4.7449744e+02		9.3096382e+02		7.4744208e+02		2.6571418e+02		4.8172790e+02
3.9600000e+02		3.9700000e+02		3.9650000e+02		6.0712893e+02		3.2844598e+02		6.4403685e+02		5.1715587e+02		1.8226948e+02		3.3488638e+02
3.9700000e+02		3.9800000e+02		3.9750000e+02		6.8053003e+02		3.6889270e+02		7.2293204e+02		5.8059479e+02		2.0287216e+02		3.7772264e+02
3.9800000e+02		3.9900000e+02		3.9850000e+02		1.0480559e+03		5.6924648e+02		1.1149391e+03		8.9555194e+02		3.1024092e+02		5.8531102e+02
3.9900000e+02		4.0000000e+02		3.9950000e+02		1.1577145e+03		6.3004114e+02		1.2333202e+03		9.9078262e+02		3.4028823e+02		6.5049439e+02
4.0000000e+02		4.0100000e+02		4.0050000e+02		1.1939713e+03		6.5103300e+02		1.2737050e+03		1.0233713e+03		3.4846865e+02		6.7490265e+02
4.0100000e+02		4.0200000e+02		4.0150000e+02		1.2509583e+03		6.8341427e+02		1.3363231e+03		1.0738329e+03		3.6251913e+02		7.1131380e+02
4.0200000e+02		4.0300000e+02		4.0250000e+02		1.2664199e+03		6.9317288e+02		1.3546692e+03		1.0887254e+03		3.6439986e+02		7.2432558e+02
4.0300000e+02		4.0400000e+02		4.0350000e+02		1.2115903e+03		6.6440525e+02		1.2977517e+03		1.0431233e+03		3.4614904e+02		6.9697431e+02
4.0400000e+02		4.0500000e+02		4.0450000e+02		1.1914959e+03		6.5459652e+02		1.2779144e+03		1.0273153e+03		3.3798767e+02		6.8932763e+02
4.0500000e+02		4.0600000e+02		4.0550000e+02		1.1904731e+03		6.5523259e+02		1.2784849e+03		1.0279090e+03		3.3529227e+02		6.9261668e+02
4.0600000e+02		4.0700000e+02		4.0650000e+02		1.1388815e+03		6.2797131e+02		1.2246571e+03		9.8475837e+02		3.1847292e+02		6.6628545e+02
4.0700000e+02		4.0800000e+02		4.0750000e+02		1.1575323e+03		6.3939797e+02		1.2463014e+03		1.0022902e+03		3.2137540e+02		6.8091475e+02
4.0800000e+02		4.0900000e+02		4.0850000e+02		1.2307397e+03		6.8103934e+02		1.3267943e+03		1.0671571e+03		3.3925496e+02		7.2790211e+02
4.0900000e+02		4.1000000e+02		4.0950000e+02		1.2243097e+03		6.7866645e+02		1.3215080e+03		1.0630362e+03		3.3506345e+02		7.2797275e+02
4.1000000e+02		4.1100000e+02		4.1050000e+02		1.1216634e+03		6.2284242e+02		1.2122050e+03		9.7522978e+02		3.0476820e+02		6.7046159e+02
4.1100000e+02		4.1200000e+02		4.1150000e+02		1.3003372e+03		7.2329207e+02		1.4070140e+03		1.1320905e+03		3.5077622e+02		7.8131426e+02
4.1200000e+02		4.1300000e+02		4.1250000e+02		1.2760342e+03		7.1097408e+02		1.3823808e+03		1.1124011e+03		3.4174283e+02		7.7065827e+02
4.1300000e+02		4.1400000e+02		4.1350000e+02		1.2308584e+03		6.8694987e+02		1.3350284e+03		1.0744209e+03		3.2726850e+02		7.4715237e+02
4.1400000e+02		4.1500000e+02		4.1450000e+02		1.2488872e+03		6.9816414e+02		1.3561784e+03		1.0915665e+03		3.2966631e+02		7.6190018e+02
4.1500000e+02		4.1600000e+02		4.1550000e+02		1.2477523e+03		6.9866990e+02		1.3565238e+03		1.0919669e+03		3.2698765e+02		7.6497923e+02
4.1600000e+02		4.1700000e+02		4.1650000e+02		1.2947363e+03		7.2615007e+02		1.4092243e+03		1.1345146e+03		3.3684680e+02		7.9766779e+02
4.1700000e+02		4.1800000e+02		4.1750000e+02		1.1781342e+03		6.6181012e+02		1.2837715e+03		1.0336294e+03		3.0429212e+02		7.2933728e+02
4.1800000e+02		4.1900000e+02		4.1850000e+02		1.2217101e+03		6.8737329e+02		1.3327532e+03		1.0731819e+03		3.1326059e+02		7.5992128e+02
4.1900000e+02		4.2000000e+02		4.1950000e+02		1.2338424e+03		6.9528426e+02		1.3474865e+03		1.0851599e+03		3.1407685e+02		7.7108307e+02
4.2000000e+02		4.2100000e+02		4.2050000e+02		1.2494927e+03		7.0519157e+02		1.3660802e+03		1.1002480e+03		3.1575171e+02		7.8449627e+02
4.2100000e+02		4.2200000e+02		4.2150000e+02		1.2299982e+03		6.9525018e+02		1.3462304e+03		1.0843716e+03		3.0856701e+02		7.7580457e+02
4.2200000e+02		4.2300000e+02		4.2250000e+02		1.1657134e+03		6.5990942e+02		1.2772441e+03		1.0289074e+03		2.9031349e+02		7.3859394e+02
4.2300000e+02		4.2400000e+02		4.2350000e+02		1.2419943e+03		7.0414288e+02		1.3622716e+03		1.0975116e+03		3.0705982e+02		7.9045182e+02
4.2400000e+02		4.2500000e+02		4.2450000e+02		1.2850442e+03		7.2962674e+02		1.4109741e+03		1.1368596e+03		3.1538939e+02		8.2147025e+02
4.2500000e+02		4.2600000e+02		4.2550000e+02		1.2367256e+03		7.0321876e+02		1.3593339e+03		1.0953570e+03		3.0131848e+02		7.9403852e+02
4.2600000e+02		4.2700000e+02		4.2650000e+02		1.2316584e+03		7.0135002e+02		1.3551579e+03		1.0920953e+03		2.9789556e+02		7.9419978e+02
4.2700000e+02		4.2800000e+02		4.2750000e+02		1.1420512e+03		6.5125438e+02		1.2578449e+03		1.0137672e+03		2.7420711e+02		7.3956012e+02
4.2800000e+02		4.2900000e+02		4.2850000e+02		1.1495483e+03		6.5645665e+02		1.2673769e+03		1.0215434e+03		2.7399202e+02		7.4755140e+02
4.2900000e+02		4.3000000e+02		4.2950000e+02		1.0698649e+03		6.1180748e+02		1.1807005e+03		9.5176577e+02		2.5313691e+02		6.9862886e+02
4.3000000e+02		4.3100000e+02		4.3050000e+02		8.6065012e+02		4.9284785e+02		9.5074694e+02		7.6646793e+02		2.0214706e+02		5.6432088e+02
4.3100000e+02		4.3200000e+02		4.3150000e+02		1.0641754e+03		6.1022960e+02		1.1767232e+03		9.4872759e+02		2.4812286e+02		7.0060474e+02
4.3200000e+02		4.3300000e+02		4.3250000e+02		1.1990384e+03		6.8849455e+02		1.3271267e+03		1.0700823e+03		2.7752241e+02		7.9255991e+02
4.3300000e+02		4.3400000e+02		4.3350000e+02		1.3017454e+03		7.4847006e+02		1.4421784e+03		1.1629494e+03		2.9908949e+02		8.6385989e+02
4.3400000e+02		4.3500000e+02		4.3450000e+02		1.1054356e+03		6.3643856e+02		1.2258449e+03		9.8858456e+02		2.5212595e+02		7.3645860e+02
4.3500000e+02		4.3600000e+02		4.3550000e+02		1.2347447e+03		7.1181745e+02		1.3705154e+03		1.1053458e+03		2.7955627e+02		8.2578958e+02
4.3600000e+02		4.3700000e+02		4.3650000e+02		1.3814970e+03		7.9745039e+02		1.5348183e+03		1.2379602e+03		3.1049102e+02		9.2746917e+02
4.3700000e+02		4.3800000e+02		4.3750000e+02		1.2223713e+03		7.0650146e+02		1.3592712e+03		1.0964548e+03		2.7271462e+02		8.2374022e+02
4.3800000e+02		4.3900000e+02		4.3850000e+02		1.1905029e+03		6.8895454e+02		1.3250281e+03		1.0689174e+03		2.6365815e+02		8.0525925e+02
4.3900000e+02		4.4000000e+02		4.3950000e+02		1.3250738e+03		7.6779350e+02		1.4761216e+03		1.1908995e+03		2.9131016e+02		8.9958934e+02
4.4000000e+02		4.4100000e+02		4.4050000e+02		1.2562739e+03		7.2883145e+02		1.4007146e+03		1.1301500e+03		2.7416006e+02		8.5598991e+02
4.4100000e+02		4.4200000e+02		4.4150000e+02		1.3817384e+03		8.0260382e+02		1.5419500e+03		1.2441985e+03		2.9932949e+02		9.4486898e+02
4.4200000e+02		4.4300000e+02		4.4250000e+02		1.4526378e+03		8.4481116e+02		1.6224707e+03		1.3092685e+03		3.1238092e+02		9.9688760e+02
4.4300000e+02		4.4400000e+02		4.4350000e+02		1.4050936e+03		8.1814226e+02		1.5707093e+03		1.2675926e+03		2.9994086e+02		9.6765177e+02
4.4400000e+02		4.4500000e+02		4.4450000e+02		1.4475318e+03		8.4385414e+02		1.6195178e+03		1.3070771e+03		3.0673373e+02		1.0003434e+03
4.4500000e+02		4.4600000e+02		4.4550000e+02		1.3420773e+03		7.8329796e+02		1.5027900e+03		1.2129556e+03		2.8230198e+02		9.3065360e+02
4.4600000e+02		4.4700000e+02		4.4650000e+02		1.3689269e+03		7.9989777e+02		1.5341234e+03		1.2383334e+03		2.8583776e+02		9.5249562e+02
4.4700000e+02		4.4800000e+02		4.4750000e+02		1.4837056e+03		8.6796329e+02		1.6641146e+03		1.3433549e+03		3.0753188e+02		1.0358230e+03
4.4800000e+02		4.4900000e+02		4.4850000e+02		1.4587166e+03		8.5431619e+02		1.6374124e+03		1.3218904e+03		3.0013492e+02		1.0217555e+03
4.4900000e+02		4.5000000e+02		4.4950000e+02		1.4737837e+03		8.6411255e+02		1.6556512e+03		1.3367052e+03		3.0101131e+02		1.0356939e+03
4.5000000e+02		4.5100000e+02		4.5050000e+02		1.5636828e+03		9.1784407e+02		1.7580369e+03		1.4194621e+03		3.1703083e+02		1.1024313e+03
4.5100000e+02		4.5200000e+02		4.5150000e+02		1.5589734e+03		9.1608869e+02		1.7541174e+03		1.4163907e+03		3.1375866e+02		1.1026320e+03
4.5200000e+02		4.5300000e+02		4.5250000e+02		1.4757889e+03		8.6815362e+02		1.6618093e+03		1.3419422e+03		2.9483967e+02		1.0471026e+03
4.5300000e+02		4.5400000e+02		4.5350000e+02		1.4141855e+03		8.3281254e+02		1.5936641e+03		1.2869961e+03		2.8046150e+02		1.0065346e+03
4.5400000e+02		4.5500000e+02		4.5450000e+02		1.5096596e+03		8.8998670e+02		1.7025482e+03		1.3750145e+03		2.9720201e+02		1.0778125e+03
4.5500000e+02		4.5600000e+02		4.5550000e+02		1.4952815e+03		8.8244204e+02		1.6876012e+03		1.3630280e+03		2.9221478e+02		1.0708132e+03
4.5600000e+02		4.5700000e+02		4.5650000e+02		1.5527317e+03		9.1730464e+02		1.7537446e+03		1.4165372e+03		3.0121940e+02		1.1153178e+03
4.5700000e+02		4.5800000e+02		4.5750000e+02		1.5677329e+03		9.2712530e+02		1.7719917e+03		1.4313626e+03		3.0190250e+02		1.1294601e+03
4.5800000e+02		4.5900000e+02		4.5850000e+02		1.4734199e+03		8.7224279e+02		1.6666043e+03		1.3463142e+03		2.8166325e+02		1.0646510e+03
4.5900000e+02		4.6000000e+02		4.5950000e+02		1.5222067e+03		9.0203700e+02		1.7230292e+03		1.3919774e+03		2.8885990e+02		1.1031175e+03
4.6000000e+02		4.6100000e+02		4.6050000e+02		1.5039223e+03		8.9209562e+02		1.7035473e+03		1.3763188e+03		2.8330226e+02		1.0930165e+03
4.6100000e+02		4.6200000e+02		4.6150000e+02		1.5386000e+03		9.1357141e+02		1.7440587e+03		1.4091294e+03		2.8771498e+02		1.1214144e+03
4.6200000e+02		4.6300000e+02		4.6250000e+02		1.5538294e+03		9.2352021e+02		1.7625526e+03		1.4241524e+03		2.8843857e+02		1.1357138e+03
4.6300000e+02		4.6400000e+02		4.6350000e+02		1.5018384e+03		8.9348682e+02		1.7047559e+03		1.3775293e+03		2.7675003e+02		1.1007793e+03
4.6400000e+02		4.6500000e+02		4.6450000e+02		1.5281564e+03		9.1001860e+02		1.7358170e+03		1.4027056e+03		2.7954261e+02		1.1231630e+03
4.6500000e+02		4.6600000e+02		4.6550000e+02		1.4760608e+03		8.7983234e+02		1.6777778e+03		1.3558782e+03		2.6804119e+02		1.0878370e+03
4.6600000e+02		4.6700000e+02		4.6650000e+02		1.4854121e+03		8.8624048e+02		1.6895389e+03		1.3654561e+03		2.6777048e+02		1.0976856e+03
4.6700000e+02		4.6800000e+02		4.6750000e+02		1.4997486e+03		8.9562835e+02		1.7069774e+03		1.3796226e+03		2.6838245e+02		1.1112402e+03
4.6800000e+02		4.6900000e+02		4.6850000e+02		1.4665907e+03		8.7663515e+02		1.6703340e+03		1.3500771e+03		2.6053494e+02		1.0895422e+03
4.6900000e+02		4.7000000e+02		4.6950000e+02		1.5086728e+03		9.0261281e+02		1.7193790e+03		1.3897903e+03		2.6605723e+02		1.1237331e+03
4.7000000e+02		4.7100000e+02		4.7050000e+02		1.4256243e+03		8.5369737e+02		1.6257768e+03		1.3141977e+03		2.4957992e+02		1.0646178e+03
4.7100000e+02		4.7200000e+02		4.7150000e+02		1.4904926e+03		8.9334064e+02		1.7008347e+03		1.3749399e+03		2.5903627e+02		1.1159036e+03
4.7200000e+02		4.7300000e+02		4.7250000e+02		1.5269264e+03		9.1598807e+02		1.7435082e+03		1.4095067e+03		2.6343700e+02		1.1460697e+03
4.7300000e+02		4.7400000e+02		4.7350000e+02		1.4995420e+03		9.0034899e+02		1.7133076e+03		1.3851594e+03		2.5683071e+02		1.1283287e+03
4.7400000e+02		4.7500000e+02		4.7450000e+02		1.5448084e+03		9.2833245e+02		1.7661167e+03		1.4279230e+03		2.6266028e+02		1.1652628e+03
4.7500000e+02		4.7600000e+02		4.7550000e+02		1.5413846e+03		9.2707051e+02		1.7632795e+03		1.4256971e+03		2.6017412e+02		1.1655230e+03
4.7600000e+02		4.7700000e+02		4.7650000e+02		1.4853490e+03		8.9412723e+02		1.7002051e+03		1.3747631e+03		2.4889536e+02		1.1258678e+03
4.7700000e+02		4.7800000e+02		4.7750000e+02		1.5508368e+03		9.3433418e+02		1.7762288e+03		1.4363017e+03		2.5798326e+02		1.1783184e+03
4.7800000e+02		4.7900000e+02		4.7850000e+02		1.5358791e+03		9.2609344e+02		1.7601401e+03		1.4233572e+03		2.5364224e+02		1.1697150e+03
4.7900000e+02		4.8000000e+02		4.7950000e+02		1.5403519e+03		9.2955635e+02		1.7663020e+03		1.4284048e+03		2.5253736e+02		1.1758674e+03
4.8000000e+02		4.8100000e+02		4.8050000e+02		1.5442750e+03		9.3268459e+02		1.7718293e+03		1.4329388e+03		2.5134690e+02		1.1815919e+03
4.8100000e+02		4.8200000e+02		4.8150000e+02		1.5475498e+03		9.3541778e+02		1.7766078e+03		1.4368668e+03		2.5005690e+02		1.1868099e+03
4.8200000e+02		4.8300000e+02		4.8250000e+02		1.5416562e+03		9.3260090e+02		1.7708495e+03		1.4322722e+03		2.4730290e+02		1.1849693e+03
4.8300000e+02		4.8400000e+02		4.8350000e+02		1.5183412e+03		9.1922431e+02		1.7450514e+03		1.4114673e+03		2.4180246e+02		1.1696648e+03
4.8400000e+02		4.8500000e+02		4.8450000e+02		1.4920771e+03		9.0403196e+02		1.7158226e+03		1.3878849e+03		2.3590355e+02		1.1519814e+03
4.8500000e+02		4.8600000e+02		4.8550000e+02		1.4021236e+03		8.5018964e+02		1.6132709e+03		1.3049882e+03		2.2008156e+02		1.0849066e+03
4.8600000e+02		4.8700000e+02		4.8650000e+02		1.2173217e+03		7.3870070e+02		1.4014055e+03		1.1336556e+03		1.8969643e+02		9.4395914e+02
4.8700000e+02		4.8800000e+02		4.8750000e+02		1.3927585e+03		8.4580312e+02		1.6042402e+03		1.2977902e+03		2.1547078e+02		1.0823194e+03
4.8800000e+02		4.8900000e+02		4.8850000e+02		1.4651201e+03		8.9041758e+02		1.6884943e+03		1.3660048e+03		2.2503339e+02		1.1409714e+03
4.8900000e+02		4.9000000e+02		4.8950000e+02		1.4372192e+03		8.7411245e+02		1.6572188e+03		1.3407562e+03		2.1915950e+02		1.1215967e+03
4.9000000e+02		4.9100000e+02		4.9050000e+02		1.5307557e+03		9.3168857e+02		1.7660009e+03		1.4288217e+03		2.3174436e+02		1.1970773e+03
4.9100000e+02		4.9200000e+02		4.9150000e+02		1.4425606e+03		8.7865092e+02		1.6651181e+03		1.3472527e+03		2.1682324e+02		1.1304295e+03
4.9200000e+02		4.9300000e+02		4.9250000e+02		1.3729411e+03		8.3685169e+02		1.5855743e+03		1.2829429e+03		2.0487768e+02		1.0780653e+03
4.9300000e+02		4.9400000e+02		4.9350000e+02		1.4509629e+03		8.8504243e+02		1.6765346e+03		1.3565936e+03		2.1496738e+02		1.1416262e+03
4.9400000e+02		4.9500000e+02		4.9450000e+02		1.4929449e+03		9.1129649e+02		1.7259148e+03		1.3966027e+03		2.1960191e+02		1.1770008e+03
4.9500000e+02		4.9600000e+02		4.9550000e+02		1.4663156e+03		8.9567094e+02		1.6959780e+03		1.3724289e+03		2.1414033e+02		1.1582886e+03
4.9600000e+02		4.9700000e+02		4.9650000e+02		1.4846220e+03		9.0748413e+02		1.7180022e+03		1.3903024e+03		2.1526242e+02		1.1750400e+03
4.9700000e+02		4.9800000e+02		4.9750000e+02		1.5123203e+03		9.2505189e+02		1.7509130e+03		1.4169870e+03		2.1771085e+02		1.1992761e+03
4.9800000e+02		4.9900000e+02		4.9850000e+02		1.3744029e+03		8.4126461e+02		1.5920098e+03		1.2884351e+03		1.9644320e+02		1.0919919e+03
4.9900000e+02		5.0000000e+02		4.9950000e+02		1.4721832e+03		9.0172428e+02		1.7060917e+03		1.3808119e+03		2.0891719e+02		1.1718947e+03
