Left Bin Edge (nm)	Right Bin Edge (nm)	Bin Center (nm)		Top of Atm Intensity (erg/s/nm/cm2)		Total Surface Flux (erg/s/nm/cm2)		Total Intensity at BOA (erg/s/nm/cm2)		Total Surface Intensity (erg/s/nm/cm2)		Total Surface Diffuse Intensity (erg/s/nm/cm2)		Total Surface Direct Intensity (erg/s/nm/cm2)
1.9000000e+02		1.9100000e+02		1.9050000e+02		4.4384288e+00		0.0000000e+00		0.0000000e+00		0.0000000e+00		0.0000000e+00		0.0000000e+00
1.9100000e+02		1.9200000e+02		1.9150000e+02		4.8094361e+00		0.0000000e+00		0.0000000e+00		0.0000000e+00		0.0000000e+00		0.0000000e+00
1.9200000e+02		1.9300000e+02		1.9250000e+02		5.0365493e+00		4.7653537e-284		0.0000000e+00		7.2663767e-284		8.7374246e-285		6.3926342e-284
1.9300000e+02		1.9400000e+02		1.9350000e+02		3.8447944e+00		1.7840294e-194		0.0000000e+00		2.7397385e-194		4.7201458e-195		2.2677239e-194
1.9400000e+02		1.9500000e+02		1.9450000e+02		6.1679797e+00		1.6462046e-150		0.0000000e+00		2.5439729e-150		5.5432533e-151		1.9896476e-150
1.9500000e+02		1.9600000e+02		1.9550000e+02		5.9528271e+00		2.2463478e-96		1.9187078e-88		3.5298207e-96		1.1929770e-96		2.3368437e-96
1.9600000e+02		1.9700000e+02		1.9650000e+02		6.5508102e+00		1.8843353e-74		2.9688967e-68		2.9991749e-74		1.2862680e-74		1.7129069e-74
1.9700000e+02		1.9800000e+02		1.9750000e+02		6.5190955e+00		3.0878874e-54		1.2444986e-49		5.0211761e-54		2.9029285e-54		2.1182476e-54
1.9800000e+02		1.9900000e+02		1.9850000e+02		6.3883794e+00		7.6005651e-35		9.5465826e-32		1.2872040e-34		1.0978281e-34		1.8937587e-35
1.9900000e+02		2.0000000e+02		1.9950000e+02		6.7274707e+00		9.8810478e-23		1.3603426e-20		1.7065044e-22		1.6745028e-22		3.2001607e-24
2.0000000e+02		2.0100000e+02		2.0050000e+02		7.1125146e+00		9.4296221e-15		2.9730921e-13		1.6326654e-14		1.6288263e-14		3.8391223e-17
2.0100000e+02		2.0200000e+02		2.0150000e+02		7.5701275e+00		3.2485454e-05		1.9296942e-04		5.6266093e-05		5.6263733e-05		2.3603467e-09
2.0200000e+02		2.0300000e+02		2.0250000e+02		7.4828608e+00		3.6771136e-04		1.8576689e-03		6.3689226e-04		6.3687610e-04		1.6161957e-08
2.0300000e+02		2.0400000e+02		2.0350000e+02		8.0092047e+00		3.0238353e-02		1.2020291e-01		5.2374323e-02		5.2374055e-02		2.6788805e-07
2.0400000e+02		2.0500000e+02		2.0450000e+02		8.6207445e+00		3.4812862e-01		1.2619212e+00		6.0297630e-01		6.0297532e-01		9.8548861e-07
2.0500000e+02		2.0600000e+02		2.0550000e+02		8.6400754e+00		3.0264247e-01		1.0943544e+00		5.2419193e-01		5.2419061e-01		1.3212742e-06
2.0600000e+02		2.0700000e+02		2.0650000e+02		8.6510225e+00		3.5612164e-01		1.2735574e+00		6.1682048e-01		6.1681856e-01		1.9218231e-06
2.0700000e+02		2.0800000e+02		2.0750000e+02		9.3957826e+00		4.6613711e-01		1.6478284e+00		8.0737270e-01		8.0736967e-01		3.0259907e-06
2.0800000e+02		2.0900000e+02		2.0850000e+02		1.0163489e+01		4.5860376e-01		1.6152809e+00		7.9432435e-01		7.9432002e-01		4.3262450e-06
2.0900000e+02		2.1000000e+02		2.0950000e+02		1.3129215e+01		7.6731568e-01		2.6668385e+00		1.3290285e+00		1.3290203e+00		8.1423364e-06
2.1000000e+02		2.1100000e+02		2.1050000e+02		1.6183343e+01		8.4440536e-01		2.9258098e+00		1.4625510e+00		1.4625380e+00		1.2978327e-05
2.1100000e+02		2.1200000e+02		2.1150000e+02		1.8424170e+01		1.1327366e+00		3.8836815e+00		1.9619541e+00		1.9619335e+00		2.0598421e-05
2.1200000e+02		2.1300000e+02		2.1250000e+02		1.6428561e+01		1.0949313e+00		3.7235702e+00		1.8964728e+00		1.8964480e+00		2.4781549e-05
2.1300000e+02		2.1400000e+02		2.1350000e+02		1.6737981e+01		1.1048853e+00		3.7362115e+00		1.9137125e+00		1.9136796e+00		3.2917083e-05
2.1400000e+02		2.1500000e+02		2.1450000e+02		2.1432541e+01		1.6572769e+00		5.5481727e+00		2.8704790e+00		2.8704216e+00		5.7386695e-05
2.1500000e+02		2.1600000e+02		2.1550000e+02		1.8408135e+01		1.3663084e+00		4.5526389e+00		2.3665059e+00		2.3664431e+00		6.2785941e-05
2.1600000e+02		2.1700000e+02		2.1650000e+02		1.7036901e+01		1.4292227e+00		4.7199955e+00		2.4754744e+00		2.4753972e+00		7.7238346e-05
2.1700000e+02		2.1800000e+02		2.1750000e+02		1.7640866e+01		1.5004786e+00		4.9257267e+00		2.5988893e+00		2.5987871e+00		1.0222445e-04
2.1800000e+02		2.1900000e+02		2.1850000e+02		2.3730294e+01		2.1309500e+00		6.9468456e+00		3.6908864e+00		3.6907095e+00		1.7683126e-04
2.1900000e+02		2.2000000e+02		2.1950000e+02		2.5052511e+01		2.4031001e+00		7.7778929e+00		4.1622545e+00		4.1620150e+00		2.3949705e-04
2.2000000e+02		2.2100000e+02		2.2050000e+02		2.5203754e+01		2.4061734e+00		7.7467409e+00		4.1675681e+00		4.1672674e+00		3.0070988e-04
2.2100000e+02		2.2200000e+02		2.2150000e+02		2.0176768e+01		2.0840153e+00		6.6601044e+00		3.6095730e+00		3.6092664e+00		3.0654040e-04
2.2200000e+02		2.2300000e+02		2.2250000e+02		2.7154039e+01		2.8459185e+00		9.0436780e+00		4.9291964e+00		4.9286842e+00		5.1219027e-04
2.2300000e+02		2.2400000e+02		2.2350000e+02		3.5163062e+01		3.9163840e+00		1.2361200e+01		6.7832476e+00		6.7824166e+00		8.3103512e-04
2.2400000e+02		2.2500000e+02		2.2450000e+02		3.2875934e+01		3.6895478e+00		1.1583264e+01		6.3903372e+00		6.3893847e+00		9.5248576e-04
2.2500000e+02		2.2600000e+02		2.2550000e+02		2.8720078e+01		3.3512561e+00		1.0457560e+01		5.8043874e+00		5.8033622e+00		1.0251802e-03
2.2600000e+02		2.2700000e+02		2.2650000e+02		2.1037217e+01		2.5146863e+00		7.8032611e+00		4.3554229e+00		4.3545064e+00		9.1647342e-04
2.2700000e+02		2.2800000e+02		2.2750000e+02		2.0463841e+01		2.5116196e+00		7.7503119e+00		4.3500853e+00		4.3490016e+00		1.0837105e-03
2.2800000e+02		2.2900000e+02		2.2850000e+02		2.8509984e+01		3.6164174e+00		1.1096114e+01		6.2635358e+00		6.2617049e+00		1.8309417e-03
2.2900000e+02		2.3000000e+02		2.2950000e+02		2.5620938e+01		3.3315307e+00		1.0166816e+01		5.7700743e+00		5.7680931e+00		1.9812670e-03
2.3000000e+02		2.3100000e+02		2.3050000e+02		2.9055844e+01		3.8476561e+00		1.1681150e+01		6.6639207e+00		6.6612324e+00		2.6882808e-03
2.3100000e+02		2.3200000e+02		2.3150000e+02		2.7387429e+01		3.7038792e+00		1.1186272e+01		6.4148401e+00		6.4118179e+00		3.0221749e-03
2.3200000e+02		2.3300000e+02		2.3250000e+02		2.9413108e+01		4.0555508e+00		1.2186105e+01		7.0238249e+00		7.0199717e+00		3.8531468e-03
2.3300000e+02		2.3400000e+02		2.3350000e+02		2.6543685e+01		3.7296784e+00		1.1150787e+01		6.4593574e+00		6.4552464e+00		4.1110439e-03
2.3400000e+02		2.3500000e+02		2.3450000e+02		2.3194371e+01		3.3165442e+00		9.8669336e+00		5.7437699e+00		5.7395412e+00		4.2286854e-03
2.3500000e+02		2.3600000e+02		2.3550000e+02		3.1223226e+01		4.5397730e+00		1.3440976e+01		7.8620863e+00		7.8554109e+00		6.6754138e-03
2.3600000e+02		2.3700000e+02		2.3650000e+02		2.8911473e+01		4.2746893e+00		1.2595895e+01		7.4028631e+00		7.3956393e+00		7.2238514e-03
2.3700000e+02		2.3800000e+02		2.3750000e+02		3.0878004e+01		4.6400623e+00		1.3608433e+01		8.0354361e+00		8.0264530e+00		8.9830604e-03
2.3800000e+02		2.3900000e+02		2.3850000e+02		2.5598090e+01		3.9077838e+00		1.1407883e+01		6.7671455e+00		6.7585059e+00		8.6396465e-03
2.3900000e+02		2.4000000e+02		2.3950000e+02		2.7890834e+01		4.3239031e+00		1.2565209e+01		7.4875387e+00		7.4766556e+00		1.0883126e-02
2.4000000e+02		2.4100000e+02		2.4050000e+02		2.5623038e+01		4.0332950e+00		1.1667930e+01		6.9840924e+00		6.9725722e+00		1.1520146e-02
2.4100000e+02		2.4200000e+02		2.4150000e+02		3.0005079e+01		4.7946955e+00		1.3808784e+01		8.3022631e+00		8.2867704e+00		1.5492706e-02
2.4200000e+02		2.4300000e+02		2.4250000e+02		4.1301739e+01		6.6982976e+00		1.9206387e+01		1.1598021e+01		1.1573607e+01		2.4413584e-02
2.4300000e+02		2.4400000e+02		2.4350000e+02		3.8791639e+01		6.3822206e+00		1.8220832e+01		1.1050288e+01		1.1024121e+01		2.6167410e-02
2.4400000e+02		2.4500000e+02		2.4450000e+02		3.6329084e+01		6.0588589e+00		1.7224015e+01		1.0489945e+01		1.0462069e+01		2.7876811e-02
2.4500000e+02		2.4600000e+02		2.4550000e+02		2.9476122e+01		4.9807494e+00		1.4099960e+01		8.6229483e+00		8.5972945e+00		2.5653781e-02
2.4600000e+02		2.4700000e+02		2.4650000e+02		2.8685918e+01		4.9165428e+00		1.3860357e+01		8.5113376e+00		8.4830836e+00		2.8253996e-02
2.4700000e+02		2.4800000e+02		2.4750000e+02		3.1678139e+01		5.5033767e+00		1.5451286e+01		9.5266898e+00		9.4914832e+00		3.5206663e-02
2.4800000e+02		2.4900000e+02		2.4850000e+02		2.5406301e+01		4.4729042e+00		1.2507464e+01		7.7423890e+00		7.7106137e+00		3.1775376e-02
2.4900000e+02		2.5000000e+02		2.4950000e+02		3.0967514e+01		5.5230707e+00		1.5382581e+01		9.5595245e+00		9.5160557e+00		4.3468804e-02
2.5000000e+02		2.5100000e+02		2.5050000e+02		3.3448743e+01		6.0368457e+00		1.6748029e+01		1.0448012e+01		1.0395500e+01		5.2512177e-02
2.5100000e+02		2.5200000e+02		2.5150000e+02		2.7888154e+01		5.0944427e+00		1.4079087e+01		8.8162914e+00		8.7674647e+00		4.8826711e-02
2.5200000e+02		2.5300000e+02		2.5250000e+02		2.5069906e+01		4.6409840e+00		1.2776595e+01		8.0308727e+00		7.9820116e+00		4.8861039e-02
2.5300000e+02		2.5400000e+02		2.5350000e+02		3.1592540e+01		5.9184780e+00		1.6232278e+01		1.0240547e+01		1.0172200e+01		6.8346903e-02
2.5400000e+02		2.5500000e+02		2.5450000e+02		3.5730773e+01		6.7693994e+00		1.8497414e+01		1.1711723e+01		1.1626135e+01		8.5588376e-02
2.5500000e+02		2.5600000e+02		2.5550000e+02		4.8755658e+01		9.3383270e+00		2.5423872e+01		1.6154523e+01		1.6025474e+01		1.2904879e-01
2.5600000e+02		2.5700000e+02		2.5650000e+02		6.2803876e+01		1.2199814e+01		3.3091030e+01		2.1102335e+01		2.0918724e+01		1.8361107e-01
2.5700000e+02		2.5800000e+02		2.5750000e+02		7.8843355e+01		1.5467640e+01		4.1806025e+01		2.6751564e+01		2.6497959e+01		2.5360449e-01
2.5800000e+02		2.5900000e+02		2.5850000e+02		8.2991293e+01		1.6485105e+01		4.4396294e+01		2.8507709e+01		2.8214256e+01		2.9345368e-01
2.5900000e+02		2.6000000e+02		2.5950000e+02		7.0629481e+01		1.4174937e+01		3.8041820e+01		2.4509427e+01		2.4235682e+01		2.7374464e-01
2.6000000e+02		2.6100000e+02		2.6050000e+02		5.7868388e+01		1.1742434e+01		3.1404268e+01		2.0300572e+01		2.0055085e+01		2.4548661e-01
2.6100000e+02		2.6200000e+02		2.6150000e+02		5.9092703e+01		1.2114224e+01		3.2288030e+01		2.0940157e+01		2.0666349e+01		2.7380751e-01
2.6200000e+02		2.6300000e+02		2.6250000e+02		7.0528613e+01		1.4629681e+01		3.8858897e+01		2.5284273e+01		2.4927711e+01		3.5656251e-01
2.6300000e+02		2.6400000e+02		2.6350000e+02		1.0614195e+02		2.2283891e+01		5.8988453e+01		3.8506537e+01		3.7921986e+01		5.8455139e-01
2.6400000e+02		2.6500000e+02		2.6450000e+02		1.6548208e+02		3.5051629e+01		9.2483182e+01		6.0558343e+01		5.9568761e+01		9.8958276e-01
2.6500000e+02		2.6600000e+02		2.6550000e+02		1.7356948e+02		3.7159409e+01		9.7722127e+01		6.4188036e+01		6.3061927e+01		1.1261089e+00
2.6600000e+02		2.6700000e+02		2.6650000e+02		1.6826276e+02		3.6385170e+01		9.5376885e+01		6.2838373e+01		6.1656316e+01		1.1820578e+00
2.6700000e+02		2.6800000e+02		2.6750000e+02		1.6940220e+02		3.7019246e+01		9.6726848e+01		6.3920430e+01		6.2633534e+01		1.2868963e+00
2.6800000e+02		2.6900000e+02		2.6850000e+02		1.6778062e+02		3.7019758e+01		9.6422757e+01		6.3907622e+01		6.2532058e+01		1.3755639e+00
2.6900000e+02		2.7000000e+02		2.6950000e+02		1.5737310e+02		3.5119252e+01		9.1181515e+01		6.0613375e+01		5.9221801e+01		1.3915737e+00
2.7000000e+02		2.7100000e+02		2.7050000e+02		1.8181465e+02		4.0918466e+01		1.0591239e+02		7.0605786e+01		6.8876781e+01		1.7290043e+00
2.7100000e+02		2.7200000e+02		2.7150000e+02		1.5108640e+02		3.4325707e+01		8.8574494e+01		5.9215397e+01		5.7671571e+01		1.5438260e+00
2.7200000e+02		2.7300000e+02		2.7250000e+02		1.2154404e+02		2.7862294e+01		7.1678184e+01		4.8053113e+01		4.6720825e+01		1.3322877e+00
2.7300000e+02		2.7400000e+02		2.7350000e+02		1.2960124e+02		2.9939213e+01		7.6792904e+01		5.1621312e+01		5.0100440e+01		1.5208713e+00
2.7400000e+02		2.7500000e+02		2.7450000e+02		8.9183780e+01		2.0898817e+01		5.3435656e+01		3.6024373e+01		3.4901546e+01		1.1228263e+00
2.7500000e+02		2.7600000e+02		2.7550000e+02		1.1893609e+02		2.8058918e+01		7.1536660e+01		4.8352629e+01		4.6754611e+01		1.5980177e+00
2.7600000e+02		2.7700000e+02		2.7650000e+02		1.6564211e+02		3.9518446e+01		1.0045087e+02		6.8080685e+01		6.5703030e+01		2.3776552e+00
2.7700000e+02		2.7800000e+02		2.7750000e+02		1.5837296e+02		3.8089960e+01		9.6542069e+01		6.5599683e+01		6.3178062e+01		2.4216208e+00
2.7800000e+02		2.7900000e+02		2.7850000e+02		1.0921797e+02		2.6541907e+01		6.7076129e+01		4.5697122e+01		4.3918059e+01		1.7790639e+00
2.7900000e+02		2.8000000e+02		2.7950000e+02		6.1368404e+01		1.5033976e+01		3.7886437e+01		2.5875516e+01		2.4813192e+01		1.0623236e+00
2.8000000e+02		2.8100000e+02		2.8050000e+02		6.7313201e+01		1.6653843e+01		4.1849033e+01		2.8654081e+01		2.7416148e+01		1.2379327e+00
2.8100000e+02		2.8200000e+02		2.8150000e+02		1.3943196e+02		3.4688830e+01		8.6935500e+01		5.9663546e+01		5.6949265e+01		2.7142809e+00
2.8200000e+02		2.8300000e+02		2.8250000e+02		1.8983287e+02		4.8001446e+01		1.1993724e+02		8.2533765e+01		7.8603000e+01		3.9307650e+00
2.8300000e+02		2.8400000e+02		2.8350000e+02		1.9610227e+02		4.9826109e+01		1.2417213e+02		8.5639118e+01		8.1351927e+01		4.2871911e+00
2.8400000e+02		2.8500000e+02		2.8450000e+02		1.4459284e+02		3.7142394e+01		9.2305117e+01		6.3815731e+01		6.0470169e+01		3.3455620e+00
2.8500000e+02		2.8600000e+02		2.8550000e+02		9.2944992e+01		2.4036572e+01		5.9578270e+01		4.1282177e+01		3.9013836e+01		2.2683411e+00
2.8600000e+02		2.8700000e+02		2.8650000e+02		1.9045522e+02		4.9831417e+01		1.2317318e+02		8.5551841e+01		8.0640113e+01		4.9117275e+00
2.8700000e+02		2.8800000e+02		2.8750000e+02		2.2108403e+02		5.8302085e+01		1.4373385e+02		1.0005441e+02		9.4048217e+01		6.0061913e+00
2.8800000e+02		2.8900000e+02		2.8850000e+02		2.1010240e+02		5.5964974e+01		1.3760400e+02		9.6005096e+01		8.9990376e+01		6.0147198e+00
2.8900000e+02		2.9000000e+02		2.8950000e+02		3.1885068e+02		8.5946963e+01		2.1074988e+02		1.4737846e+02		1.3775807e+02		9.6203958e+00
2.9000000e+02		2.9100000e+02		2.9050000e+02		4.1860542e+02		1.1343487e+02		2.7746727e+02		1.9442866e+02		1.8118124e+02		1.3247416e+01
2.9100000e+02		2.9200000e+02		2.9150000e+02		4.0318642e+02		1.1088617e+02		2.7048456e+02		1.8998356e+02		1.7653793e+02		1.3445628e+01
2.9200000e+02		2.9300000e+02		2.9250000e+02		3.5818014e+02		9.8732096e+01		2.4027864e+02		1.6908075e+02		1.5659753e+02		1.2483214e+01
2.9300000e+02		2.9400000e+02		2.9350000e+02		3.7393440e+02		1.0461378e+02		2.5390011e+02		1.7907847e+02		1.6536747e+02		1.3711003e+01
2.9400000e+02		2.9500000e+02		2.9450000e+02		3.4819581e+02		9.8013494e+01		2.3730804e+02		1.6770193e+02		1.5435017e+02		1.3351764e+01
2.9500000e+02		2.9600000e+02		2.9550000e+02		3.7701055e+02		1.0773294e+02		2.6013815e+02		1.8425248e+02		1.6906200e+02		1.5190476e+01
2.9600000e+02		2.9700000e+02		2.9650000e+02		3.4493460e+02		9.8708664e+01		2.3781804e+02		1.6873263e+02		1.5425847e+02		1.4474158e+01
2.9700000e+02		2.9800000e+02		2.9750000e+02		3.5165811e+02		1.0215499e+02		2.4546682e+02		1.7454578e+02		1.5906134e+02		1.5484442e+01
2.9800000e+02		2.9900000e+02		2.9850000e+02		3.0223333e+02		8.7967159e+01		2.1090993e+02		1.5022532e+02		1.3638251e+02		1.3842811e+01
2.9900000e+02		3.0000000e+02		2.9950000e+02		3.4101318e+02		1.0089871e+02		2.4126884e+02		1.7223131e+02		1.5585005e+02		1.6381254e+01
3.0000000e+02		3.0100000e+02		3.0050000e+02		2.7131061e+02		8.0520781e+01		1.9211599e+02		1.3737321e+02		1.2382428e+02		1.3548929e+01
3.0100000e+02		3.0200000e+02		3.0150000e+02		3.1202593e+02		9.4374678e+01		2.2455538e+02		1.6093575e+02		1.4458295e+02		1.6352799e+01
3.0200000e+02		3.0300000e+02		3.0250000e+02		3.2846528e+02		9.9252870e+01		2.3567956e+02		1.6915690e+02		1.5132723e+02		1.7829671e+01
3.0300000e+02		3.0400000e+02		3.0350000e+02		4.2601061e+02		1.3118630e+02		3.1066721e+02		2.2347737e+02		1.9923958e+02		2.4237783e+01
3.0400000e+02		3.0500000e+02		3.0450000e+02		4.0776836e+02		1.2545748e+02		2.9650270e+02		2.1359183e+02		1.8959395e+02		2.3997881e+01
3.0500000e+02		3.0600000e+02		3.0550000e+02		4.1174793e+02		1.2897437e+02		3.0401536e+02		2.1947459e+02		1.9412585e+02		2.5348739e+01
3.0600000e+02		3.0700000e+02		3.0650000e+02		3.9053943e+02		1.2220501e+02		2.8749381e+02		2.0783013e+02		1.8300201e+02		2.4828121e+01
3.0700000e+02		3.0800000e+02		3.0750000e+02		4.3847484e+02		1.3938528e+02		3.2708878e+02		2.3693017e+02		2.0784838e+02		2.9081790e+01
3.0800000e+02		3.0900000e+02		3.0850000e+02		4.3035211e+02		1.3723086e+02		3.2136765e+02		2.3313117e+02		2.0361278e+02		2.9518392e+01
3.0900000e+02		3.1000000e+02		3.0950000e+02		3.4901328e+02		1.1263015e+02		2.6313897e+02		1.9123710e+02		1.6635148e+02		2.4885625e+01
3.1000000e+02		3.1100000e+02		3.1050000e+02		4.3927411e+02		1.4254503e+02		3.3232551e+02		2.4188959e+02		2.0948393e+02		3.2405657e+01
3.1100000e+02		3.1200000e+02		3.1150000e+02		5.2246540e+02		1.7118578e+02		3.9820565e+02		2.9032943e+02		2.5036627e+02		3.9963160e+01
3.1200000e+02		3.1300000e+02		3.1250000e+02		4.6521908e+02		1.5361081e+02		3.5655386e+02		2.6037275e+02		2.2354328e+02		3.6829469e+01
3.1300000e+02		3.1400000e+02		3.1350000e+02		4.9544367e+02		1.6465321e+02		3.8138415e+02		2.7892561e+02		2.3838578e+02		4.0539835e+01
3.1400000e+02		3.1500000e+02		3.1450000e+02		4.6729179e+02		1.5669542e+02		3.6216677e+02		2.6529269e+02		2.2572629e+02		3.9566399e+01
3.1500000e+02		3.1600000e+02		3.1550000e+02		4.5343123e+02		1.5295936e+02		3.5280918e+02		2.5881203e+02		2.1918345e+02		3.9628572e+01
3.1600000e+02		3.1700000e+02		3.1650000e+02		4.4229406e+02		1.5038950e+02		3.4615650e+02		2.5431414e+02		2.1438275e+02		3.9931384e+01
3.1700000e+02		3.1800000e+02		3.1750000e+02		5.6102832e+02		1.9201966e+02		4.4108125e+02		3.2451675e+02		2.7226609e+02		5.2250667e+01
3.1800000e+02		3.1900000e+02		3.1850000e+02		4.6340678e+02		1.5974306e+02		3.6619428e+02		2.6980647e+02		2.2528833e+02		4.4518135e+01
3.1900000e+02		3.2000000e+02		3.1950000e+02		4.9774832e+02		1.7276391e+02		3.9524831e+02		2.9162183e+02		2.4232984e+02		4.9291989e+01
3.2000000e+02		3.2100000e+02		3.2050000e+02		5.7184857e+02		1.9984603e+02		4.5629511e+02		3.3712992e+02		2.7877776e+02		5.8352159e+01
3.2100000e+02		3.2200000e+02		3.2150000e+02		4.8024660e+02		1.6893699e+02		3.8496209e+02		2.8481217e+02		2.3434685e+02		5.0465322e+01
3.2200000e+02		3.2300000e+02		3.2250000e+02		4.8228681e+02		1.7076220e+02		3.8836071e+02		2.8771082e+02		2.3554479e+02		5.2166026e+01
3.2300000e+02		3.2400000e+02		3.2350000e+02		4.6607071e+02		1.6611866e+02		3.7706581e+02		2.7971319e+02		2.2783983e+02		5.1873358e+01
3.2400000e+02		3.2500000e+02		3.2450000e+02		5.4882129e+02		1.9682208e+02		4.4590390e+02		3.3120404e+02		2.6839616e+02		6.2807873e+01
3.2500000e+02		3.2600000e+02		3.2550000e+02		6.3196128e+02		2.2802932e+02		5.1562544e+02		3.8347650e+02		3.0914484e+02		7.4331660e+01
3.2600000e+02		3.2700000e+02		3.2650000e+02		7.1301257e+02		2.5888901e+02		5.8430322e+02		4.3509863e+02		3.4893003e+02		8.6168591e+01
3.2700000e+02		3.2800000e+02		3.2750000e+02		6.8984049e+02		2.5197661e+02		5.6764460e+02		4.2321250e+02		3.3760400e+02		8.5608503e+01
3.2800000e+02		3.2900000e+02		3.2850000e+02		6.6596082e+02		2.4470899e+02		5.5025566e+02		4.1074437e+02		3.2591111e+02		8.4833265e+01
3.2900000e+02		3.3000000e+02		3.2950000e+02		7.7527139e+02		2.8654455e+02		6.4315146e+02		4.8065800e+02		3.7933144e+02		1.0132656e+02
3.3000000e+02		3.3100000e+02		3.3050000e+02		7.3029799e+02		2.7148725e+02		6.0825160e+02		4.5510873e+02		3.5721803e+02		9.7890694e+01
3.3100000e+02		3.3200000e+02		3.3150000e+02		6.9881652e+02		2.6131359e+02		5.8440310e+02		4.3777352e+02		3.4173496e+02		9.6038559e+01
3.3200000e+02		3.3300000e+02		3.3250000e+02		6.8562051e+02		2.5783938e+02		5.7560639e+02		4.3167544e+02		3.3511531e+02		9.6560132e+01
3.3300000e+02		3.3400000e+02		3.3350000e+02		6.5878216e+02		2.4914695e+02		5.5521950e+02		4.1685383e+02		3.2180927e+02		9.5044552e+01
3.3400000e+02		3.3500000e+02		3.3450000e+02		6.9405546e+02		2.6395094e+02		5.8718167e+02		4.4133765e+02		3.3880007e+02		1.0253758e+02
3.3500000e+02		3.3600000e+02		3.3550000e+02		6.8541663e+02		2.6210242e+02		5.8206155e+02		4.3796359e+02		3.3431027e+02		1.0365331e+02
3.3600000e+02		3.3700000e+02		3.3650000e+02		5.6469084e+02		2.1710970e+02		4.8132047e+02		3.6254760e+02		2.7516747e+02		8.7380128e+01
3.3700000e+02		3.3800000e+02		3.3750000e+02		5.9573781e+02		2.3027879e+02		5.0965127e+02		3.8428930e+02		2.8999634e+02		9.4292968e+01
3.3800000e+02		3.3900000e+02		3.3850000e+02		6.4448401e+02		2.5044906e+02		5.5336219e+02		4.1767851e+02		3.1337233e+02		1.0430619e+02
3.3900000e+02		3.4000000e+02		3.3950000e+02		6.7448220e+02		2.6348497e+02		5.8119771e+02		4.3913366e+02		3.2755270e+02		1.1158095e+02
3.4000000e+02		3.4100000e+02		3.4050000e+02		7.1196374e+02		2.7956865e+02		6.1566114e+02		4.6563686e+02		3.4528681e+02		1.2035004e+02
3.4100000e+02		3.4200000e+02		3.4150000e+02		6.4984945e+02		2.5646933e+02		5.6387372e+02		4.2688613e+02		3.1468313e+02		1.1220300e+02
3.4200000e+02		3.4300000e+02		3.4250000e+02		7.0477558e+02		2.7958250e+02		6.1369689e+02		4.6505576e+02		3.4078844e+02		1.2426732e+02
3.4300000e+02		3.4400000e+02		3.4350000e+02		6.9264465e+02		2.7614132e+02		6.0517542e+02		4.5903354e+02		3.3436534e+02		1.2466820e+02
3.4400000e+02		3.4500000e+02		3.4450000e+02		5.5710877e+02		2.2322047e+02		4.8842207e+02		3.7082201e+02		2.6848902e+02		1.0233300e+02
3.4500000e+02		3.4600000e+02		3.4550000e+02		6.7138909e+02		2.7032815e+02		5.9057098e+02		4.4878831e+02		3.2297741e+02		1.2581090e+02
3.4600000e+02		3.4700000e+02		3.4650000e+02		6.5194093e+02		2.6377054e+02		5.7535237e+02		4.3761885e+02		3.1302924e+02		1.2458961e+02
3.4700000e+02		3.4800000e+02		3.4750000e+02		6.4525828e+02		2.6231539e+02		5.7130086e+02		4.3492384e+02		3.0920375e+02		1.2572009e+02
3.4800000e+02		3.4900000e+02		3.4850000e+02		6.6761091e+02		2.7271731e+02		5.9305101e+02		4.5187961e+02		3.1929150e+02		1.3258810e+02
3.4900000e+02		3.5000000e+02		3.4950000e+02		6.3989005e+02		2.6262312e+02		5.7024074e+02		4.3487413e+02		3.0538167e+02		1.2949246e+02
3.5000000e+02		3.5100000e+02		3.5050000e+02		7.6650484e+02		3.1604454e+02		6.8521377e+02		5.2299776e+02		3.6498820e+02		1.5800956e+02
3.5100000e+02		3.5200000e+02		3.5150000e+02		7.1211510e+02		2.9497228e+02		6.3858274e+02		4.8781406e+02		3.3831449e+02		1.4949958e+02
3.5200000e+02		3.5300000e+02		3.5250000e+02		6.5785102e+02		2.7373538e+02		5.9174070e+02		4.5240365e+02		3.1179258e+02		1.4061107e+02
3.5300000e+02		3.5400000e+02		3.5350000e+02		7.5263834e+02		3.1459553e+02		6.7908384e+02		5.1960163e+02		3.5585385e+02		1.6374778e+02
3.5400000e+02		3.5500000e+02		3.5450000e+02		8.0329241e+02		3.3726208e+02		7.2696803e+02		5.5668398e+02		3.7884094e+02		1.7784303e+02
3.5500000e+02		3.5600000e+02		3.5550000e+02		7.5433512e+02		3.1810399e+02		6.8469869e+02		5.2472773e+02		3.5482506e+02		1.6990267e+02
3.5600000e+02		3.5700000e+02		3.5650000e+02		6.5576441e+02		2.7774001e+02		5.9697654e+02		4.5785440e+02		3.0762664e+02		1.5022776e+02
3.5700000e+02		3.5800000e+02		3.5750000e+02		5.7307986e+02		2.4376424e+02		5.2321871e+02		4.0159076e+02		2.6809214e+02		1.3349862e+02
3.5800000e+02		3.5900000e+02		3.5850000e+02		4.9194729e+02		2.1014945e+02		4.5044477e+02		3.4599326e+02		2.2948854e+02		1.1650472e+02
3.5900000e+02		3.6000000e+02		3.5950000e+02		7.1030971e+02		3.0470499e+02		6.5222761e+02		5.0135490e+02		3.3038349e+02		1.7097141e+02
3.6000000e+02		3.6100000e+02		3.6050000e+02		7.0092701e+02		3.0193651e+02		6.4542868e+02		4.9648876e+02		3.2505780e+02		1.7143097e+02
3.6100000e+02		3.6200000e+02		3.6150000e+02		6.5110481e+02		2.8161484e+02		6.0118646e+02		4.6278454e+02		3.0102509e+02		1.6175945e+02
3.6200000e+02		3.6300000e+02		3.6250000e+02		7.3500056e+02		3.1917675e+02		6.8047441e+02		5.2418544e+02		3.3874324e+02		1.8544221e+02
3.6300000e+02		3.6400000e+02		3.6350000e+02		7.1558904e+02		3.1200815e+02		6.6432062e+02		5.1209608e+02		3.2877096e+02		1.8332512e+02
3.6400000e+02		3.6500000e+02		3.6450000e+02		7.4837927e+02		3.2754998e+02		6.9651312e+02		5.3727288e+02		3.4266743e+02		1.9460544e+02
3.6500000e+02		3.6600000e+02		3.6550000e+02		8.5179486e+02		3.7430862e+02		7.9491931e+02		6.1359373e+02		3.8877181e+02		2.2482192e+02
3.6600000e+02		3.6700000e+02		3.6650000e+02		9.1042532e+02		4.0156714e+02		8.5172931e+02		6.5787381e+02		4.1406376e+02		2.4381005e+02
3.6700000e+02		3.6800000e+02		3.6750000e+02		8.7909512e+02		3.8925143e+02		8.2456815e+02		6.3730888e+02		3.9846103e+02		2.3884785e+02
3.6800000e+02		3.6900000e+02		3.6850000e+02		8.1047729e+02		3.6011079e+02		7.6189744e+02		5.8923757e+02		3.6593838e+02		2.2329919e+02
3.6900000e+02		3.7000000e+02		3.6950000e+02		8.9967825e+02		4.0130834e+02		8.4800913e+02		6.5625192e+02		4.0484398e+02		2.5140794e+02
3.7000000e+02		3.7100000e+02		3.7050000e+02		8.4427990e+02		3.7823778e+02		7.9826481e+02		6.1815703e+02		3.7881945e+02		2.3933758e+02
3.7100000e+02		3.7200000e+02		3.7150000e+02		8.7164560e+02		3.9194484e+02		8.2619230e+02		6.4017444e+02		3.8967649e+02		2.5049795e+02
3.7200000e+02		3.7300000e+02		3.7250000e+02		7.2411383e+02		3.2679735e+02		6.8804075e+02		5.3344851e+02		3.2252403e+02		2.1092449e+02
3.7300000e+02		3.7400000e+02		3.7350000e+02		6.3155746e+02		2.8605766e+02		6.0155298e+02		4.6666943e+02		2.8024274e+02		1.8642669e+02
3.7400000e+02		3.7500000e+02		3.7450000e+02		6.4642322e+02		2.9383898e+02		6.1719093e+02		4.7908014e+02		2.8574630e+02		1.9333384e+02
3.7500000e+02		3.7600000e+02		3.7550000e+02		7.4036161e+02		3.3772951e+02		7.0855705e+02		5.5031644e+02		3.2600972e+02		2.2430672e+02
3.7600000e+02		3.7700000e+02		3.7650000e+02		7.6758018e+02		3.5137118e+02		7.3633145e+02		5.7221092e+02		3.3668130e+02		2.3552962e+02
3.7700000e+02		3.7800000e+02		3.7750000e+02		9.0048278e+02		4.1363550e+02		8.6582768e+02		6.7321782e+02		3.9341975e+02		2.7979807e+02
3.7800000e+02		3.7900000e+02		3.7850000e+02		9.3786543e+02		4.3228083e+02		9.0383903e+02		7.0315789e+02		4.0811658e+02		2.9504131e+02
3.7900000e+02		3.8000000e+02		3.7950000e+02		7.6051322e+02		3.5172256e+02		7.3458436e+02		5.7179123e+02		3.2960460e+02		2.4218663e+02
3.8000000e+02		3.8100000e+02		3.8050000e+02		8.2814537e+02		3.8428726e+02		8.0170911e+02		6.2437233e+02		3.5743877e+02		2.6693356e+02
3.8100000e+02		3.8200000e+02		3.8150000e+02		7.4366886e+02		3.4623676e+02		7.2153327e+02		5.6222640e+02		3.1963092e+02		2.4259548e+02
3.8200000e+02		3.8300000e+02		3.8250000e+02		5.3336093e+02		2.4913989e+02		5.1862513e+02		4.0432725e+02		2.2826695e+02		1.7606030e+02
3.8300000e+02		3.8400000e+02		3.8350000e+02		4.7073026e+02		2.2060055e+02		4.5872109e+02		3.5780739e+02		2.0059718e+02		1.5721022e+02
3.8400000e+02		3.8500000e+02		3.8450000e+02		6.2969557e+02		2.9604961e+02		6.1495455e+02		4.7991192e+02		2.6717519e+02		2.1273674e+02
3.8500000e+02		3.8600000e+02		3.8550000e+02		6.6694888e+02		3.1456416e+02		6.5272410e+02		5.0963891e+02		2.8174589e+02		2.2789302e+02
3.8600000e+02		3.8700000e+02		3.8650000e+02		6.6977732e+02		3.1689315e+02		6.5687175e+02		5.1312650e+02		2.8169663e+02		2.3142987e+02
3.8700000e+02		3.8800000e+02		3.8750000e+02		6.6902499e+02		3.1752343e+02		6.5749941e+02		5.1386258e+02		2.8013066e+02		2.3373192e+02
3.8800000e+02		3.8900000e+02		3.8850000e+02		6.7841027e+02		3.2296990e+02		6.6809467e+02		5.2238929e+02		2.8278653e+02		2.3960276e+02
3.8900000e+02		3.9000000e+02		3.8950000e+02		8.1451188e+02		3.8894562e+02		8.0375866e+02		6.2875794e+02		3.3798178e+02		2.9077616e+02
3.9000000e+02		3.9100000e+02		3.9050000e+02		8.5560997e+02		4.0980431e+02		8.4601595e+02		6.6211736e+02		3.5341596e+02		3.0870140e+02
3.9100000e+02		3.9200000e+02		3.9150000e+02		9.2006232e+02		4.4199006e+02		9.1155794e+02		7.1373384e+02		3.7828989e+02		3.3544395e+02
3.9200000e+02		3.9300000e+02		3.9250000e+02		7.0614281e+02		3.4022668e+02		7.0099387e+02		5.4910942e+02		2.8898789e+02		2.6012153e+02
3.9300000e+02		3.9400000e+02		3.9350000e+02		4.3291589e+02		2.0919262e+02		4.3059655e+02		3.3744658e+02		1.7634101e+02		1.6110557e+02
3.9400000e+02		3.9500000e+02		3.9450000e+02		7.1565803e+02		3.4681830e+02		7.1319573e+02		5.5915244e+02		2.9013586e+02		2.6901658e+02
3.9500000e+02		3.9600000e+02		3.9550000e+02		8.7888136e+02		4.2713694e+02		8.7752722e+02		6.8828188e+02		3.5461431e+02		3.3366757e+02
3.9600000e+02		3.9700000e+02		3.9650000e+02		6.0712893e+02		2.9590013e+02		6.0733669e+02		4.7655913e+02		2.4379312e+02		2.3276601e+02
3.9700000e+02		3.9800000e+02		3.9750000e+02		6.8053003e+02		3.3260286e+02		6.8203291e+02		5.3539151e+02		2.7194848e+02		2.6344302e+02
3.9800000e+02		3.9900000e+02		3.9850000e+02		1.0480559e+03		5.1364723e+02		1.0523091e+03		8.2639129e+02		4.1678046e+02		4.0961083e+02
3.9900000e+02		4.0000000e+02		3.9950000e+02		1.1577145e+03		5.6894611e+02		1.1645350e+03		9.1488946e+02		4.5813421e+02		4.5675525e+02
4.0000000e+02		4.0100000e+02		4.0050000e+02		1.1939713e+03		5.8835412e+02		1.2031726e+03		9.4561633e+02		4.7015962e+02		4.7545671e+02
