Left Bin Edge (nm)	Right Bin Edge (nm)	Bin Center (nm)		Top of Atm Intensity (erg/s/nm/cm2)		Total Surface Flux (erg/s/nm/cm2)		Total Intensity at BOA (erg/s/nm/cm2)		Total Surface Intensity (erg/s/nm/cm2)		Total Surface Diffuse Intensity (erg/s/nm/cm2)		Total Surface Direct Intensity (erg/s/nm/cm2)
1.0000000e+02		1.0100000e+02		1.0050000e+02		4.4569042e-02		0.0000000e+00		0.0000000e+00		0.0000000e+00		0.0000000e+00		0.0000000e+00
1.0100000e+02		1.0200000e+02		1.0150000e+02		1.7387199e-01		0.0000000e+00		0.0000000e+00		0.0000000e+00		0.0000000e+00		0.0000000e+00
1.0200000e+02		1.0300000e+02		1.0250000e+02		9.2286085e-01		0.0000000e+00		0.0000000e+00		0.0000000e+00		0.0000000e+00		0.0000000e+00
1.0300000e+02		1.0400000e+02		1.0350000e+02		7.0094286e-01		0.0000000e+00		0.0000000e+00		0.0000000e+00		0.0000000e+00		0.0000000e+00
1.0400000e+02		1.0500000e+02		1.0450000e+02		1.4124828e-01		0.0000000e+00		0.0000000e+00		0.0000000e+00		0.0000000e+00		0.0000000e+00
1.0500000e+02		1.0600000e+02		1.0550000e+02		4.8389941e-02		0.0000000e+00		0.0000000e+00		0.0000000e+00		0.0000000e+00		0.0000000e+00
1.0600000e+02		1.0700000e+02		1.0650000e+02		4.5487167e-02		0.0000000e+00		0.0000000e+00		0.0000000e+00		0.0000000e+00		0.0000000e+00
1.0700000e+02		1.0800000e+02		1.0750000e+02		5.0757295e-02		0.0000000e+00		0.0000000e+00		0.0000000e+00		0.0000000e+00		0.0000000e+00
1.0800000e+02		1.0900000e+02		1.0850000e+02		7.1152114e-02		0.0000000e+00		0.0000000e+00		0.0000000e+00		0.0000000e+00		0.0000000e+00
1.0900000e+02		1.1000000e+02		1.0950000e+02		5.5817450e-02		0.0000000e+00		0.0000000e+00		0.0000000e+00		0.0000000e+00		0.0000000e+00
1.1000000e+02		1.1100000e+02		1.1050000e+02		5.4043772e-02		0.0000000e+00		0.0000000e+00		0.0000000e+00		0.0000000e+00		0.0000000e+00
1.1100000e+02		1.1200000e+02		1.1150000e+02		5.0797691e-02		0.0000000e+00		0.0000000e+00		0.0000000e+00		0.0000000e+00		0.0000000e+00
1.1200000e+02		1.1300000e+02		1.1250000e+02		5.1969037e-02		0.0000000e+00		0.0000000e+00		0.0000000e+00		0.0000000e+00		0.0000000e+00
1.1300000e+02		1.1400000e+02		1.1350000e+02		4.1221387e-02		0.0000000e+00		0.0000000e+00		0.0000000e+00		0.0000000e+00		0.0000000e+00
1.1400000e+02		1.1500000e+02		1.1450000e+02		3.1562600e-02		0.0000000e+00		0.0000000e+00		0.0000000e+00		0.0000000e+00		0.0000000e+00
1.1500000e+02		1.1600000e+02		1.1550000e+02		4.3552050e-02		0.0000000e+00		0.0000000e+00		0.0000000e+00		0.0000000e+00		0.0000000e+00
1.1600000e+02		1.1700000e+02		1.1650000e+02		1.0143732e-01		0.0000000e+00		0.0000000e+00		0.0000000e+00		0.0000000e+00		0.0000000e+00
1.1700000e+02		1.1800000e+02		1.1750000e+02		3.6108525e-01		0.0000000e+00		0.0000000e+00		0.0000000e+00		0.0000000e+00		0.0000000e+00
1.1800000e+02		1.1900000e+02		1.1850000e+02		1.2283927e-01		0.0000000e+00		0.0000000e+00		0.0000000e+00		0.0000000e+00		0.0000000e+00
1.1900000e+02		1.2000000e+02		1.1950000e+02		1.7115732e-01		0.0000000e+00		0.0000000e+00		0.0000000e+00		0.0000000e+00		0.0000000e+00
1.2000000e+02		1.2100000e+02		1.2050000e+02		9.3056497e-01		0.0000000e+00		0.0000000e+00		0.0000000e+00		0.0000000e+00		0.0000000e+00
1.2100000e+02		1.2200000e+02		1.2150000e+02		3.6941242e+01		0.0000000e+00		0.0000000e+00		0.0000000e+00		0.0000000e+00		0.0000000e+00
1.2200000e+02		1.2300000e+02		1.2250000e+02		2.4773856e-01		0.0000000e+00		0.0000000e+00		0.0000000e+00		0.0000000e+00		0.0000000e+00
1.2300000e+02		1.2400000e+02		1.2350000e+02		1.3344721e-01		0.0000000e+00		0.0000000e+00		0.0000000e+00		0.0000000e+00		0.0000000e+00
1.2400000e+02		1.2500000e+02		1.2450000e+02		1.0726631e-01		0.0000000e+00		0.0000000e+00		0.0000000e+00		0.0000000e+00		0.0000000e+00
1.2500000e+02		1.2600000e+02		1.2550000e+02		1.0471361e-01		0.0000000e+00		0.0000000e+00		0.0000000e+00		0.0000000e+00		0.0000000e+00
1.2600000e+02		1.2700000e+02		1.2650000e+02		1.4644878e-01		0.0000000e+00		0.0000000e+00		0.0000000e+00		0.0000000e+00		0.0000000e+00
1.2700000e+02		1.2800000e+02		1.2750000e+02		7.6659940e-02		0.0000000e+00		0.0000000e+00		0.0000000e+00		0.0000000e+00		0.0000000e+00
1.2800000e+02		1.2900000e+02		1.2850000e+02		6.1165494e-02		0.0000000e+00		0.0000000e+00		0.0000000e+00		0.0000000e+00		0.0000000e+00
1.2900000e+02		1.3000000e+02		1.2950000e+02		8.1594975e-02		0.0000000e+00		0.0000000e+00		0.0000000e+00		0.0000000e+00		0.0000000e+00
1.3000000e+02		1.3100000e+02		1.3050000e+02		6.7007791e-01		0.0000000e+00		0.0000000e+00		0.0000000e+00		0.0000000e+00		0.0000000e+00
1.3100000e+02		1.3200000e+02		1.3150000e+02		9.0731094e-02		0.0000000e+00		0.0000000e+00		0.0000000e+00		0.0000000e+00		0.0000000e+00
1.3200000e+02		1.3300000e+02		1.3250000e+02		7.0547730e-02		0.0000000e+00		0.0000000e+00		0.0000000e+00		0.0000000e+00		0.0000000e+00
1.3300000e+02		1.3400000e+02		1.3350000e+02		9.5357088e-01		0.0000000e+00		0.0000000e+00		0.0000000e+00		0.0000000e+00		0.0000000e+00
1.3400000e+02		1.3500000e+02		1.3450000e+02		6.5246966e-02		0.0000000e+00		0.0000000e+00		0.0000000e+00		0.0000000e+00		0.0000000e+00
1.3500000e+02		1.3600000e+02		1.3550000e+02		1.3692679e-01		0.0000000e+00		0.0000000e+00		0.0000000e+00		0.0000000e+00		0.0000000e+00
1.3600000e+02		1.3700000e+02		1.3650000e+02		8.9861989e-02		0.0000000e+00		0.0000000e+00		0.0000000e+00		0.0000000e+00		0.0000000e+00
1.3700000e+02		1.3800000e+02		1.3750000e+02		9.2282630e-02		0.0000000e+00		0.0000000e+00		0.0000000e+00		0.0000000e+00		0.0000000e+00
1.3800000e+02		1.3900000e+02		1.3850000e+02		9.4180145e-02		0.0000000e+00		0.0000000e+00		0.0000000e+00		0.0000000e+00		0.0000000e+00
1.3900000e+02		1.4000000e+02		1.3950000e+02		3.1801144e-01		0.0000000e+00		0.0000000e+00		0.0000000e+00		0.0000000e+00		0.0000000e+00
1.4000000e+02		1.4100000e+02		1.4050000e+02		2.7729440e-01		0.0000000e+00		0.0000000e+00		0.0000000e+00		0.0000000e+00		0.0000000e+00
1.4100000e+02		1.4200000e+02		1.4150000e+02		1.3359910e-01		0.0000000e+00		0.0000000e+00		0.0000000e+00		0.0000000e+00		0.0000000e+00
1.4200000e+02		1.4300000e+02		1.4250000e+02		1.4479671e-01		0.0000000e+00		0.0000000e+00		0.0000000e+00		0.0000000e+00		0.0000000e+00
1.4300000e+02		1.4400000e+02		1.4350000e+02		1.6064305e-01		0.0000000e+00		0.0000000e+00		0.0000000e+00		0.0000000e+00		0.0000000e+00
1.4400000e+02		1.4500000e+02		1.4450000e+02		1.5363637e-01		0.0000000e+00		0.0000000e+00		0.0000000e+00		0.0000000e+00		0.0000000e+00
1.4500000e+02		1.4600000e+02		1.4550000e+02		1.6382583e-01		0.0000000e+00		0.0000000e+00		0.0000000e+00		0.0000000e+00		0.0000000e+00
1.4600000e+02		1.4700000e+02		1.4650000e+02		1.9977093e-01		0.0000000e+00		0.0000000e+00		0.0000000e+00		0.0000000e+00		0.0000000e+00
1.4700000e+02		1.4800000e+02		1.4750000e+02		2.4643334e-01		0.0000000e+00		0.0000000e+00		0.0000000e+00		0.0000000e+00		0.0000000e+00
1.4800000e+02		1.4900000e+02		1.4850000e+02		2.4167300e-01		0.0000000e+00		0.0000000e+00		0.0000000e+00		0.0000000e+00		0.0000000e+00
1.4900000e+02		1.5000000e+02		1.4950000e+02		2.1832777e-01		0.0000000e+00		0.0000000e+00		0.0000000e+00		0.0000000e+00		0.0000000e+00
1.5000000e+02		1.5100000e+02		1.5050000e+02		2.4023073e-01		0.0000000e+00		0.0000000e+00		0.0000000e+00		0.0000000e+00		0.0000000e+00
1.5100000e+02		1.5200000e+02		1.5150000e+02		2.5258505e-01		0.0000000e+00		0.0000000e+00		0.0000000e+00		0.0000000e+00		0.0000000e+00
1.5200000e+02		1.5300000e+02		1.5250000e+02		3.2229547e-01		0.0000000e+00		0.0000000e+00		0.0000000e+00		0.0000000e+00		0.0000000e+00
1.5300000e+02		1.5400000e+02		1.5350000e+02		3.5701286e-01		0.0000000e+00		0.0000000e+00		0.0000000e+00		0.0000000e+00		0.0000000e+00
1.5400000e+02		1.5500000e+02		1.5450000e+02		9.5486931e-01		0.0000000e+00		0.0000000e+00		0.0000000e+00		0.0000000e+00		0.0000000e+00
1.5500000e+02		1.5600000e+02		1.5550000e+02		7.8587524e-01		0.0000000e+00		0.0000000e+00		0.0000000e+00		0.0000000e+00		0.0000000e+00
1.5600000e+02		1.5700000e+02		1.5650000e+02		4.6648084e-01		0.0000000e+00		0.0000000e+00		0.0000000e+00		0.0000000e+00		0.0000000e+00
1.5700000e+02		1.5800000e+02		1.5750000e+02		4.2309893e-01		0.0000000e+00		0.0000000e+00		0.0000000e+00		0.0000000e+00		0.0000000e+00
1.5800000e+02		1.5900000e+02		1.5850000e+02		3.9008072e-01		0.0000000e+00		0.0000000e+00		0.0000000e+00		0.0000000e+00		0.0000000e+00
1.5900000e+02		1.6000000e+02		1.5950000e+02		3.8042347e-01		0.0000000e+00		0.0000000e+00		0.0000000e+00		0.0000000e+00		0.0000000e+00
1.6000000e+02		1.6100000e+02		1.6050000e+02		4.1635449e-01		0.0000000e+00		0.0000000e+00		0.0000000e+00		0.0000000e+00		0.0000000e+00
1.6100000e+02		1.6200000e+02		1.6150000e+02		4.7164413e-01		0.0000000e+00		0.0000000e+00		0.0000000e+00		0.0000000e+00		0.0000000e+00
1.6200000e+02		1.6300000e+02		1.6250000e+02		5.2241459e-01		0.0000000e+00		0.0000000e+00		0.0000000e+00		0.0000000e+00		0.0000000e+00
1.6300000e+02		1.6400000e+02		1.6350000e+02		1.1072121e+00		0.0000000e+00		0.0000000e+00		0.0000000e+00		0.0000000e+00		0.0000000e+00
1.6400000e+02		1.6500000e+02		1.6450000e+02		1.1323318e+00		0.0000000e+00		0.0000000e+00		0.0000000e+00		0.0000000e+00		0.0000000e+00
1.6500000e+02		1.6600000e+02		1.6550000e+02		1.3255566e+00		0.0000000e+00		0.0000000e+00		0.0000000e+00		0.0000000e+00		0.0000000e+00
1.6600000e+02		1.6700000e+02		1.6650000e+02		6.2522883e-01		0.0000000e+00		0.0000000e+00		0.0000000e+00		0.0000000e+00		0.0000000e+00
1.6700000e+02		1.6800000e+02		1.6750000e+02		6.6723830e-01		0.0000000e+00		0.0000000e+00		0.0000000e+00		0.0000000e+00		0.0000000e+00
1.6800000e+02		1.6900000e+02		1.6850000e+02		7.1904320e-01		0.0000000e+00		0.0000000e+00		0.0000000e+00		0.0000000e+00		0.0000000e+00
1.6900000e+02		1.7000000e+02		1.6950000e+02		9.0554889e-01		0.0000000e+00		0.0000000e+00		0.0000000e+00		0.0000000e+00		0.0000000e+00
1.7000000e+02		1.7100000e+02		1.7050000e+02		1.0161854e+00		0.0000000e+00		0.0000000e+00		0.0000000e+00		0.0000000e+00		0.0000000e+00
1.7100000e+02		1.7200000e+02		1.7150000e+02		1.0130704e+00		0.0000000e+00		0.0000000e+00		0.0000000e+00		0.0000000e+00		0.0000000e+00
1.7200000e+02		1.7300000e+02		1.7250000e+02		1.0571150e+00		0.0000000e+00		0.0000000e+00		0.0000000e+00		0.0000000e+00		0.0000000e+00
1.7300000e+02		1.7400000e+02		1.7350000e+02		1.0479596e+00		0.0000000e+00		0.0000000e+00		0.0000000e+00		0.0000000e+00		0.0000000e+00
1.7400000e+02		1.7500000e+02		1.7450000e+02		1.2530722e+00		0.0000000e+00		0.0000000e+00		0.0000000e+00		0.0000000e+00		0.0000000e+00
1.7500000e+02		1.7600000e+02		1.7550000e+02		1.4954862e+00		0.0000000e+00		0.0000000e+00		0.0000000e+00		0.0000000e+00		0.0000000e+00
1.7600000e+02		1.7700000e+02		1.7650000e+02		1.6135596e+00		0.0000000e+00		0.0000000e+00		0.0000000e+00		0.0000000e+00		0.0000000e+00
1.7700000e+02		1.7800000e+02		1.7750000e+02		1.9010195e+00		0.0000000e+00		0.0000000e+00		0.0000000e+00		0.0000000e+00		0.0000000e+00
1.7800000e+02		1.7900000e+02		1.7850000e+02		2.0776624e+00		0.0000000e+00		0.0000000e+00		0.0000000e+00		0.0000000e+00		0.0000000e+00
1.7900000e+02		1.8000000e+02		1.7950000e+02		2.0198657e+00		0.0000000e+00		0.0000000e+00		0.0000000e+00		0.0000000e+00		0.0000000e+00
1.8000000e+02		1.8100000e+02		1.8050000e+02		2.4976225e+00		0.0000000e+00		0.0000000e+00		0.0000000e+00		0.0000000e+00		0.0000000e+00
1.8100000e+02		1.8200000e+02		1.8150000e+02		3.0410490e+00		0.0000000e+00		0.0000000e+00		0.0000000e+00		0.0000000e+00		0.0000000e+00
1.8200000e+02		1.8300000e+02		1.8250000e+02		2.8073836e+00		0.0000000e+00		0.0000000e+00		0.0000000e+00		0.0000000e+00		0.0000000e+00
1.8300000e+02		1.8400000e+02		1.8350000e+02		2.9562417e+00		0.0000000e+00		0.0000000e+00		0.0000000e+00		0.0000000e+00		0.0000000e+00
1.8400000e+02		1.8500000e+02		1.8450000e+02		2.5409769e+00		0.0000000e+00		0.0000000e+00		0.0000000e+00		0.0000000e+00		0.0000000e+00
1.8500000e+02		1.8600000e+02		1.8550000e+02		2.8735562e+00		0.0000000e+00		0.0000000e+00		0.0000000e+00		0.0000000e+00		0.0000000e+00
1.8600000e+02		1.8700000e+02		1.8650000e+02		3.2604304e+00		0.0000000e+00		0.0000000e+00		0.0000000e+00		0.0000000e+00		0.0000000e+00
1.8700000e+02		1.8800000e+02		1.8750000e+02		3.6946466e+00		0.0000000e+00		0.0000000e+00		0.0000000e+00		0.0000000e+00		0.0000000e+00
1.8800000e+02		1.8900000e+02		1.8850000e+02		3.8870616e+00		0.0000000e+00		0.0000000e+00		0.0000000e+00		0.0000000e+00		0.0000000e+00
1.8900000e+02		1.9000000e+02		1.8950000e+02		4.3106081e+00		0.0000000e+00		0.0000000e+00		0.0000000e+00		0.0000000e+00		0.0000000e+00
1.9000000e+02		1.9100000e+02		1.9050000e+02		4.4384288e+00		0.0000000e+00		0.0000000e+00		0.0000000e+00		0.0000000e+00		0.0000000e+00
1.9100000e+02		1.9200000e+02		1.9150000e+02		4.8094361e+00		0.0000000e+00		0.0000000e+00		0.0000000e+00		0.0000000e+00		0.0000000e+00
1.9200000e+02		1.9300000e+02		1.9250000e+02		5.0365493e+00		1.3942684e-284		0.0000000e+00		2.1260289e-284		2.5564451e-285		1.8703844e-284
1.9300000e+02		1.9400000e+02		1.9350000e+02		3.8447944e+00		4.9812359e-195		0.0000000e+00		7.6493060e-195		1.3150038e-195		6.3343023e-195
1.9400000e+02		1.9500000e+02		1.9450000e+02		6.1679797e+00		4.0128348e-151		0.0000000e+00		6.2004331e-151		1.3450584e-151		4.8553748e-151
1.9500000e+02		1.9600000e+02		1.9550000e+02		5.9528271e+00		5.1810975e-97		4.9673827e-89		8.1344780e-97		2.7000479e-97		5.4344301e-97
1.9600000e+02		1.9700000e+02		1.9650000e+02		6.5508102e+00		4.3890675e-75		7.7497690e-69		6.9773511e-75		2.9329123e-75		4.0444389e-75
1.9700000e+02		1.9800000e+02		1.9750000e+02		6.5190955e+00		6.8596068e-55		3.1036441e-50		1.1132517e-54		6.2857558e-55		4.8467616e-55
1.9800000e+02		1.9900000e+02		1.9850000e+02		6.3883794e+00		1.8330119e-35		2.5645647e-32		3.0957972e-35		2.5838955e-35		5.1190174e-36
1.9900000e+02		2.0000000e+02		1.9950000e+02		6.7274707e+00		1.9982667e-23		3.1303732e-21		3.4481659e-23		3.3644359e-23		8.3730009e-25
2.0000000e+02		2.0100000e+02		2.0050000e+02		7.1125146e+00		1.6318823e-15		5.9216122e-14		2.8250419e-15		2.8155828e-15		9.4590590e-18
2.0100000e+02		2.0200000e+02		2.0150000e+02		7.5701275e+00		4.7384578e-06		3.2134070e-05		8.2071455e-06		8.2064712e-06		6.7434527e-10
2.0200000e+02		2.0300000e+02		2.0250000e+02		7.4828608e+00		4.5539569e-05		2.6317803e-04		7.8876148e-05		7.8871617e-05		4.5308312e-09
2.0300000e+02		2.0400000e+02		2.0350000e+02		8.0092047e+00		2.6233249e-03		1.1785377e-02		4.5437188e-03		4.5436336e-03		8.5184663e-08
2.0400000e+02		2.0500000e+02		2.0450000e+02		8.6207445e+00		2.3521523e-02		9.4263406e-02		4.0740413e-02		4.0740023e-02		3.8988848e-07
2.0500000e+02		2.0600000e+02		2.0550000e+02		8.6400754e+00		1.9676598e-02		7.9098703e-02		3.4080793e-02		3.4080304e-02		4.8854659e-07
2.0600000e+02		2.0700000e+02		2.0650000e+02		8.6510225e+00		3.0028419e-02		1.1772214e-01		5.2010622e-02		5.2009806e-02		8.1581128e-07
2.0700000e+02		2.0800000e+02		2.0750000e+02		9.3957826e+00		5.2032602e-02		1.9869490e-01		9.0122880e-02		9.0121391e-02		1.4892065e-06
2.0800000e+02		2.0900000e+02		2.0850000e+02		1.0163489e+01		4.9165306e-02		1.8785003e-01		8.5156496e-02		8.5154476e-02		2.0199407e-06
2.0900000e+02		2.1000000e+02		2.0950000e+02		1.3129215e+01		1.1742628e-01		4.3462853e-01		2.0338756e-01		2.0338296e-01		4.6035920e-06
2.1000000e+02		2.1100000e+02		2.1050000e+02		1.6183343e+01		1.1958504e-01		4.4378523e-01		2.0712630e-01		2.0711944e-01		6.8563003e-06
2.1100000e+02		2.1200000e+02		2.1150000e+02		1.8424170e+01		2.0572600e-01		7.4646295e-01		3.5632597e-01		3.5631364e-01		1.2330499e-05
2.1200000e+02		2.1300000e+02		2.1250000e+02		1.6428561e+01		2.3065094e-01		8.2487280e-01		3.9949671e-01		3.9948088e-01		1.5825992e-05
2.1300000e+02		2.1400000e+02		2.1350000e+02		1.6737981e+01		2.3910245e-01		8.4998802e-01		4.1413434e-01		4.1411334e-01		2.1002449e-05
2.1400000e+02		2.1500000e+02		2.1450000e+02		2.1432541e+01		4.5900976e-01		1.5982064e+00		7.9502188e-01		7.9498077e-01		4.1110040e-05
2.1500000e+02		2.1600000e+02		2.1550000e+02		1.8408135e+01		3.7085865e-01		1.2874116e+00		6.4233923e-01		6.4229527e-01		4.3961515e-05
2.1600000e+02		2.1700000e+02		2.1650000e+02		1.7036901e+01		4.7655582e-01		1.6260174e+00		8.2540975e-01		8.2535049e-01		5.9258604e-05
2.1700000e+02		2.1800000e+02		2.1750000e+02		1.7640866e+01		5.2627839e-01		1.7822367e+00		9.1152861e-01		9.1144904e-01		7.9570693e-05
2.1800000e+02		2.1900000e+02		2.1850000e+02		2.3730294e+01		8.3139112e-01		2.7852620e+00		1.4399895e+00		1.4398460e+00		1.4346839e-04
2.1900000e+02		2.2000000e+02		2.1950000e+02		2.5052511e+01		1.0607677e+00		3.5127990e+00		1.8372720e+00		1.8370680e+00		2.0398052e-04
2.2000000e+02		2.2100000e+02		2.2050000e+02		2.5203754e+01		1.0716243e+00		3.5301750e+00		1.8560683e+00		1.8558128e+00		2.5545390e-04
2.2100000e+02		2.2200000e+02		2.2150000e+02		2.0176768e+01		1.0716743e+00		3.4869211e+00		1.8561517e+00		1.8558761e+00		2.7569241e-04
2.2200000e+02		2.2300000e+02		2.2250000e+02		2.7154039e+01		1.5165239e+00		4.9016699e+00		2.6266246e+00		2.6261593e+00		4.6536764e-04
2.2300000e+02		2.2400000e+02		2.2350000e+02		3.5163062e+01		2.3394617e+00		7.4826653e+00		4.0519447e+00		4.0511564e+00		7.8827598e-04
2.2400000e+02		2.2500000e+02		2.2450000e+02		3.2875934e+01		2.2422923e+00		7.1310076e+00		3.8836241e+00		3.8827176e+00		9.0656151e-04
2.2500000e+02		2.2600000e+02		2.2550000e+02		2.8720078e+01		2.1912636e+00		6.9109680e+00		3.7952253e+00		3.7942237e+00		1.0015353e-03
2.2600000e+02		2.2700000e+02		2.2650000e+02		2.1037217e+01		1.7180065e+00		5.3811521e+00		2.9755343e+00		2.9746260e+00		9.0831178e-04
2.2700000e+02		2.2800000e+02		2.2750000e+02		2.0463841e+01		1.7992998e+00		5.5964938e+00		3.1163100e+00		3.1152187e+00		1.0913206e-03
2.2800000e+02		2.2900000e+02		2.2850000e+02		2.8509984e+01		2.7458467e+00		8.4774503e+00		4.7556555e+00		4.7537741e+00		1.8813585e-03
2.2900000e+02		2.3000000e+02		2.2950000e+02		2.5620938e+01		2.6354624e+00		8.0830873e+00		4.5644360e+00		4.5623721e+00		2.0638960e-03
2.3000000e+02		2.3100000e+02		2.3050000e+02		2.9055844e+01		3.1258834e+00		9.5305142e+00		5.4137526e+00		5.4109289e+00		2.8237496e-03
2.3100000e+02		2.3200000e+02		2.3150000e+02		2.7387429e+01		3.1026141e+00		9.4023544e+00		5.3733901e+00		5.3701842e+00		3.2059471e-03
2.3200000e+02		2.3300000e+02		2.3250000e+02		2.9413108e+01		3.4824132e+00		1.0492405e+01		6.0310803e+00		6.0269607e+00		4.1196085e-03
2.3300000e+02		2.3400000e+02		2.3350000e+02		2.6543685e+01		3.2750444e+00		9.8120432e+00		5.6718596e+00		5.6674330e+00		4.4265683e-03
2.3400000e+02		2.3500000e+02		2.3450000e+02		2.3194371e+01		2.9654903e+00		8.8365297e+00		5.1356726e+00		5.1310938e+00		4.5788728e-03
2.3500000e+02		2.3600000e+02		2.3550000e+02		3.1223226e+01		4.1221886e+00		1.2218681e+01		7.1387185e+00		7.1314577e+00		7.2607873e-03
2.3600000e+02		2.3700000e+02		2.3650000e+02		2.8911473e+01		3.9390515e+00		1.1615328e+01		6.8214186e+00		6.8135287e+00		7.8898952e-03
2.3700000e+02		2.3800000e+02		2.3750000e+02		3.0878004e+01		4.3297325e+00		1.2702875e+01		7.4977960e+00		7.4879511e+00		9.8448645e-03
2.3800000e+02		2.3900000e+02		2.3850000e+02		2.5598090e+01		3.6857541e+00		1.0760199e+01		6.3824467e+00		6.3729515e+00		9.4951382e-03
2.3900000e+02		2.4000000e+02		2.3950000e+02		2.7890834e+01		4.1157205e+00		1.1957499e+01		7.1267853e+00		7.1147972e+00		1.1988100e-02
2.4000000e+02		2.4100000e+02		2.4050000e+02		2.5623038e+01		3.8701057e+00		1.1190692e+01		6.7012556e+00		6.6885406e+00		1.2715081e-02
2.4100000e+02		2.4200000e+02		2.4150000e+02		3.0005079e+01		4.6326159e+00		1.3333346e+01		8.0212803e+00		8.0041519e+00		1.7128442e-02
2.4200000e+02		2.4300000e+02		2.4250000e+02		4.1301739e+01		6.5109750e+00		1.8654096e+01		1.1273164e+01		1.1246136e+01		2.7028595e-02
2.4300000e+02		2.4400000e+02		2.4350000e+02		3.8791639e+01		6.2325480e+00		1.7776829e+01		1.0790611e+01		1.0761615e+01		2.8995800e-02
2.4400000e+02		2.4500000e+02		2.4450000e+02		3.6329084e+01		5.9321153e+00		1.6846749e+01		1.0269953e+01		1.0239060e+01		3.0893010e-02
2.4500000e+02		2.4600000e+02		2.4550000e+02		2.9476122e+01		4.8836993e+00		1.3810695e+01		8.4544258e+00		8.4260086e+00		2.8417225e-02
2.4600000e+02		2.4700000e+02		2.4650000e+02		2.8685918e+01		4.8397762e+00		1.3627850e+01		8.3779013e+00		8.3465879e+00		3.1313401e-02
2.4700000e+02		2.4800000e+02		2.4750000e+02		3.1678139e+01		5.4303725e+00		1.5227062e+01		9.3996545e+00		9.3606397e+00		3.9014803e-02
2.4800000e+02		2.4900000e+02		2.4850000e+02		2.5406301e+01		4.4216969e+00		1.2347814e+01		7.6531662e+00		7.6179648e+00		3.5201385e-02
2.4900000e+02		2.5000000e+02		2.4950000e+02		3.0967514e+01		5.4654135e+00		1.5201056e+01		9.4589402e+00		9.4108155e+00		4.8124684e-02
2.5000000e+02		2.5100000e+02		2.5050000e+02		3.3448743e+01		5.9655621e+00		1.6527867e+01		1.0323686e+01		1.0265613e+01		5.8073100e-02
2.5100000e+02		2.5200000e+02		2.5150000e+02		2.7888154e+01		5.0303021e+00		1.3882996e+01		8.7044004e+00		8.6504185e+00		5.3981926e-02
2.5200000e+02		2.5300000e+02		2.5250000e+02		2.5069906e+01		4.5924144e+00		1.2624604e+01		7.9459425e+00		7.8918691e+00		5.4073429e-02
2.5300000e+02		2.5400000e+02		2.5350000e+02		3.1592540e+01		5.8510181e+00		1.6024091e+01		1.0122581e+01		1.0046970e+01		7.5611136e-02
2.5400000e+02		2.5500000e+02		2.5450000e+02		3.5730773e+01		6.6769517e+00		1.8219243e+01		1.1550208e+01		1.1455614e+01		9.4593800e-02
2.5500000e+02		2.5600000e+02		2.5550000e+02		4.8755658e+01		9.1838624e+00		2.4970008e+01		1.5884919e+01		1.5742514e+01		1.4240538e-01
2.5600000e+02		2.5700000e+02		2.5650000e+02		6.2803876e+01		1.2052409e+01		3.2642437e+01		2.0844039e+01		2.0641113e+01		2.0292632e-01
2.5700000e+02		2.5800000e+02		2.5750000e+02		7.8843355e+01		1.5205643e+01		4.1042121e+01		2.6293772e+01		2.6014265e+01		2.7950705e-01
2.5800000e+02		2.5900000e+02		2.5850000e+02		8.2991293e+01		1.6224230e+01		4.3632034e+01		2.8051231e+01		2.7727805e+01		3.2342624e-01
2.5900000e+02		2.6000000e+02		2.5950000e+02		7.0629481e+01		1.3892303e+01		3.7234845e+01		2.4015687e+01		2.3714733e+01		3.0095425e-01
2.6000000e+02		2.6100000e+02		2.6050000e+02		5.7868388e+01		1.1482047e+01		3.0669663e+01		1.9845873e+01		1.9576457e+01		2.6941543e-01
2.6100000e+02		2.6200000e+02		2.6150000e+02		5.9092703e+01		1.1806782e+01		3.1432264e+01		2.0403639e+01		2.0103856e+01		2.9978272e-01
2.6200000e+02		2.6300000e+02		2.6250000e+02		7.0528613e+01		1.4265324e+01		3.7846191e+01		2.4647999e+01		2.4257838e+01		3.9016164e-01
2.6300000e+02		2.6400000e+02		2.6350000e+02		1.0614195e+02		2.1755703e+01		5.7518828e+01		3.7583201e+01		3.6943701e+01		6.3949962e-01
2.6400000e+02		2.6500000e+02		2.6450000e+02		1.6548208e+02		3.4034629e+01		8.9702840e+01		5.8783064e+01		5.7704249e+01		1.0788143e+00
2.6500000e+02		2.6600000e+02		2.6550000e+02		1.7356948e+02		3.6034909e+01		9.4664622e+01		6.2224933e+01		6.0999045e+01		1.2258879e+00
2.6600000e+02		2.6700000e+02		2.6650000e+02		1.6826276e+02		3.5193141e+01		9.2160124e+01		6.0757949e+01		5.9473812e+01		1.2841373e+00
2.6700000e+02		2.6800000e+02		2.6750000e+02		1.6940220e+02		3.5771457e+01		9.3373961e+01		6.1742305e+01		6.0346055e+01		1.3962501e+00
2.6800000e+02		2.6900000e+02		2.6850000e+02		1.6778062e+02		3.5671892e+01		9.2826321e+01		6.1555504e+01		6.0066363e+01		1.4891411e+00
2.6900000e+02		2.7000000e+02		2.6950000e+02		1.5737310e+02		3.3879034e+01		8.7874831e+01		5.8447553e+01		5.6941382e+01		1.5061712e+00
2.7000000e+02		2.7100000e+02		2.7050000e+02		1.8181465e+02		3.9271195e+01		1.0156384e+02		6.7731651e+01		6.5866834e+01		1.8648171e+00
2.7100000e+02		2.7200000e+02		2.7150000e+02		1.5108640e+02		3.2849564e+01		8.4701723e+01		5.6640527e+01		5.4979431e+01		1.6610962e+00
2.7200000e+02		2.7300000e+02		2.7250000e+02		1.2154404e+02		2.6570537e+01		6.8310793e+01		4.5800705e+01		4.4371192e+01		1.4295128e+00
2.7300000e+02		2.7400000e+02		2.7350000e+02		1.2960124e+02		2.8373920e+01		7.2745180e+01		4.8894077e+01		4.7269185e+01		1.6248925e+00
2.7400000e+02		2.7500000e+02		2.7450000e+02		8.9183780e+01		1.9981597e+01		5.1051561e+01		3.4423120e+01		3.3218846e+01		1.2042733e+00
2.7500000e+02		2.7600000e+02		2.7550000e+02		1.1893609e+02		2.6610928e+01		6.7810846e+01		4.5828129e+01		4.4123251e+01		1.7048788e+00
2.7600000e+02		2.7700000e+02		2.7650000e+02		1.6564211e+02		3.7569347e+01		9.5439066e+01		6.4679991e+01		6.2142084e+01		2.5379069e+00
2.7700000e+02		2.7800000e+02		2.7750000e+02		1.5837296e+02		3.6051487e+01		9.1332571e+01		6.2045047e+01		5.9468719e+01		2.5763284e+00
2.7800000e+02		2.7900000e+02		2.7850000e+02		1.0921797e+02		2.5145028e+01		6.3513046e+01		4.3260193e+01		4.1368067e+01		1.8921261e+00
2.7900000e+02		2.8000000e+02		2.7950000e+02		6.1368404e+01		1.4183221e+01		3.5728442e+01		2.4392097e+01		2.3265887e+01		1.1262097e+00
2.8000000e+02		2.8100000e+02		2.8050000e+02		6.7313201e+01		1.5714980e+01		3.9472989e+01		2.7016537e+01		2.5704891e+01		1.3116461e+00
2.8100000e+02		2.8200000e+02		2.8150000e+02		1.3943196e+02		3.2438721e+01		8.1284475e+01		5.5743823e+01		5.2884404e+01		2.8594188e+00
2.8200000e+02		2.8300000e+02		2.8250000e+02		1.8983287e+02		4.5573375e+01		1.1379080e+02		7.8290456e+01		7.4115200e+01		4.1752559e+00
2.8300000e+02		2.8400000e+02		2.8350000e+02		1.9610227e+02		4.6819810e+01		1.1663602e+02		8.0395444e+01		7.5871242e+01		4.5242019e+00
2.8400000e+02		2.8500000e+02		2.8450000e+02		1.4459284e+02		3.5029715e+01		8.7007961e+01		6.0127006e+01		5.6590742e+01		3.5362640e+00
2.8500000e+02		2.8600000e+02		2.8550000e+02		9.2944992e+01		2.2542412e+01		5.5853667e+01		3.8675669e+01		3.6287253e+01		2.3884160e+00
2.8600000e+02		2.8700000e+02		2.8650000e+02		1.9045522e+02		4.7001238e+01		1.1610674e+02		8.0607366e+01		7.5420749e+01		5.1866169e+00
2.8700000e+02		2.8800000e+02		2.8750000e+02		2.2108403e+02		5.4844607e+01		1.3513530e+02		9.4016027e+01		8.7687093e+01		6.3289341e+00
2.8800000e+02		2.8900000e+02		2.8850000e+02		2.1010240e+02		5.2774686e+01		1.2967260e+02		9.0428496e+01		8.4084524e+01		6.3439717e+00
2.8900000e+02		2.9000000e+02		2.8950000e+02		3.1885068e+02		8.1596293e+01		1.9989330e+02		1.3975590e+02		1.2957237e+02		1.0183527e+01
2.9000000e+02		2.9100000e+02		2.9050000e+02		4.1860542e+02		1.0685321e+02		2.6118248e+02		1.8292031e+02		1.6896998e+02		1.3950330e+01
2.9100000e+02		2.9200000e+02		2.9150000e+02		4.0318642e+02		1.0591308e+02		2.5803531e+02		1.8124169e+02		1.6696600e+02		1.4275692e+01
2.9200000e+02		2.9300000e+02		2.9250000e+02		3.5818014e+02		9.2983222e+01		2.2610937e+02		1.5902273e+02		1.4588777e+02		1.3134961e+01
2.9300000e+02		2.9400000e+02		2.9350000e+02		3.7393440e+02		9.9951243e+01		2.4226136e+02		1.7087283e+02		1.5632094e+02		1.4551885e+01
2.9400000e+02		2.9500000e+02		2.9450000e+02		3.4819581e+02		9.3158861e+01		2.2528449e+02		1.5917469e+02		1.4505404e+02		1.4120648e+01
2.9500000e+02		2.9600000e+02		2.9550000e+02		3.7701055e+02		1.0398078e+02		2.5063558e+02		1.7759552e+02		1.6138200e+02		1.6213514e+01
2.9600000e+02		2.9700000e+02		2.9650000e+02		3.4493460e+02		9.3821650e+01		2.2575657e+02		1.6014169e+02		1.4484938e+02		1.5292313e+01
2.9700000e+02		2.9800000e+02		2.9750000e+02		3.5165811e+02		9.8606845e+01		2.3650610e+02		1.6824162e+02		1.5173049e+02		1.6511135e+01
2.9800000e+02		2.9900000e+02		2.9850000e+02		3.0223333e+02		8.3735822e+01		2.0048549e+02		1.4277601e+02		1.2815369e+02		1.4622330e+01
2.9900000e+02		3.0000000e+02		2.9950000e+02		3.4101318e+02		9.7894291e+01		2.3359762e+02		1.6685369e+02		1.4934716e+02		1.7506530e+01
3.0000000e+02		3.0100000e+02		3.0050000e+02		2.7131061e+02		7.7265148e+01		1.8402917e+02		1.3160786e+02		1.1724045e+02		1.4367401e+01
3.0100000e+02		3.0200000e+02		3.0150000e+02		3.1202593e+02		9.2859685e+01		2.2037479e+02		1.5811790e+02		1.4051040e+02		1.7607499e+01
3.0200000e+02		3.0300000e+02		3.0250000e+02		3.2846528e+02		9.5733706e+01		2.2687988e+02		1.6289056e+02		1.4395405e+02		1.8936508e+01
3.0300000e+02		3.0400000e+02		3.0350000e+02		4.2601061e+02		1.2978925e+02		3.0648855e+02		2.2076257e+02		1.9461471e+02		2.6147862e+01
3.0400000e+02		3.0500000e+02		3.0450000e+02		4.0776836e+02		1.2173853e+02		2.8708184e+02		2.0691164e+02		1.8136799e+02		2.5543649e+01
3.0500000e+02		3.0600000e+02		3.0550000e+02		4.1174793e+02		1.2815796e+02		3.0117786e+02		2.1774592e+02		1.9036050e+02		2.7385424e+01
3.0600000e+02		3.0700000e+02		3.0650000e+02		3.9053943e+02		1.1910318e+02		2.7952414e+02		2.0220377e+02		1.7573236e+02		2.6471407e+01
3.0700000e+02		3.0800000e+02		3.0750000e+02		4.3847484e+02		1.3846478e+02		3.2392968e+02		2.3498019e+02		2.0359612e+02		3.1384073e+01
3.0800000e+02		3.0900000e+02		3.0850000e+02		4.3035211e+02		1.3503101e+02		3.1533566e+02		2.2899319e+02		1.9735319e+02		3.1640005e+01
3.0900000e+02		3.1000000e+02		3.0950000e+02		3.4901328e+02		1.1203597e+02		2.6091852e+02		1.8990374e+02		1.6304863e+02		2.6855104e+01
3.1000000e+02		3.1100000e+02		3.1050000e+02		4.3927411e+02		1.4126255e+02		3.2832005e+02		2.3928804e+02		2.0442077e+02		3.4867264e+01
3.1100000e+02		3.1200000e+02		3.1150000e+02		5.2246540e+02		1.7066041e+02		3.9566840e+02		2.8892691e+02		2.4577493e+02		4.3151977e+01
3.1200000e+02		3.1300000e+02		3.1250000e+02		4.6521908e+02		1.5338185e+02		3.5481375e+02		2.5951833e+02		2.1972478e+02		3.9793547e+01
3.1300000e+02		3.1400000e+02		3.1350000e+02		4.9544367e+02		1.6425837e+02		3.7917852e+02		2.7774479e+02		2.3398777e+02		4.3757017e+01
3.1400000e+02		3.1500000e+02		3.1450000e+02		4.6729179e+02		1.5707117e+02		3.6173483e+02		2.6543977e+02		2.2261229e+02		4.2827472e+01
3.1500000e+02		3.1600000e+02		3.1550000e+02		4.5343123e+02		1.5304019e+02		3.5174241e+02		2.5845850e+02		2.1563492e+02		4.2823586e+01
3.1600000e+02		3.1700000e+02		3.1650000e+02		4.4229406e+02		1.5089354e+02		3.4603969e+02		2.5467945e+02		2.1146128e+02		4.3218172e+01
3.1700000e+02		3.1800000e+02		3.1750000e+02		5.6102832e+02		1.9265868e+02		4.4090810e+02		3.2496252e+02		2.6843242e+02		5.6530095e+01
3.1800000e+02		3.1900000e+02		3.1850000e+02		4.6340678e+02		1.6049311e+02		3.6652103e+02		2.7053807e+02		2.2234589e+02		4.8192185e+01
3.1900000e+02		3.2000000e+02		3.1950000e+02		4.9774832e+02		1.7373070e+02		3.9593124e+02		2.9266579e+02		2.3929163e+02		5.3374164e+01
3.2000000e+02		3.2100000e+02		3.2050000e+02		5.7184857e+02		2.0117777e+02		4.5753984e+02		3.3868676e+02		2.7548047e+02		6.3206290e+01
3.2100000e+02		3.2200000e+02		3.2150000e+02		4.8024660e+02		1.7009065e+02		3.8606404e+02		2.8616461e+02		2.3151876e+02		5.4645849e+01
3.2200000e+02		3.2300000e+02		3.2250000e+02		4.8228681e+02		1.7206210e+02		3.8975596e+02		2.8929382e+02		2.3280014e+02		5.6493679e+01
3.2300000e+02		3.2400000e+02		3.2350000e+02		4.6607071e+02		1.6752625e+02		3.7872420e+02		2.8148499e+02		2.2529868e+02		5.6186306e+01
3.2400000e+02		3.2500000e+02		3.2450000e+02		5.4882129e+02		1.9849002e+02		4.4785516e+02		3.3329083e+02		2.6528998e+02		6.8000849e+01
3.2500000e+02		3.2600000e+02		3.2550000e+02		6.3196128e+02		2.2985880e+02		5.1764590e+02		3.8570510e+02		3.0528705e+02		8.0418049e+01
3.2600000e+02		3.2700000e+02		3.2650000e+02		7.1301257e+02		2.6125009e+02		5.8719624e+02		4.3809310e+02		3.4483539e+02		9.3257710e+01
3.2700000e+02		3.2800000e+02		3.2750000e+02		6.8984049e+02		2.5427403e+02		5.7044093e+02		4.2610975e+02		3.3349648e+02		9.2613270e+01
3.2800000e+02		3.2900000e+02		3.2850000e+02		6.6596082e+02		2.4696870e+02		5.5301588e+02		4.1359073e+02		3.2184621e+02		9.1744525e+01
3.2900000e+02		3.3000000e+02		3.2950000e+02		7.7527139e+02		2.8916593e+02		6.4631046e+02		4.8393120e+02		3.7440133e+02		1.0952988e+02
3.3000000e+02		3.3100000e+02		3.3050000e+02		7.3029799e+02		2.7389828e+02		6.1107130e+02		4.5807020e+02		3.5231671e+02		1.0575349e+02
3.3100000e+02		3.3200000e+02		3.3150000e+02		6.9881652e+02		2.6383860e+02		5.8754284e+02		4.4095258e+02		3.3718174e+02		1.0377084e+02
3.3200000e+02		3.3300000e+02		3.3250000e+02		6.8562051e+02		2.6030680e+02		5.7863850e+02		4.3475553e+02		3.3046812e+02		1.0428741e+02
3.3300000e+02		3.3400000e+02		3.3350000e+02		6.5878216e+02		2.5152030e+02		5.5811265e+02		4.1979627e+02		3.1718826e+02		1.0260802e+02
3.3400000e+02		3.3500000e+02		3.3450000e+02		6.9405546e+02		2.6643926e+02		5.9017720e+02		4.4439488e+02		3.3374779e+02		1.1064710e+02
3.3500000e+02		3.3600000e+02		3.3550000e+02		6.8541663e+02		2.6457649e+02		5.8502794e+02		4.4098884e+02		3.2917881e+02		1.1181003e+02
3.3600000e+02		3.3700000e+02		3.3650000e+02		5.6469084e+02		2.1915956e+02		4.8376523e+02		3.6504127e+02		2.7081967e+02		9.4221597e+01
3.3700000e+02		3.3800000e+02		3.3750000e+02		5.9573781e+02		2.3246757e+02		5.1226143e+02		3.8694506e+02		2.8530215e+02		1.0164290e+02
3.3800000e+02		3.3900000e+02		3.3850000e+02		6.4448401e+02		2.5285672e+02		5.5624385e+02		4.2059782e+02		3.0819360e+02		1.1240422e+02
3.3900000e+02		3.4000000e+02		3.3950000e+02		6.7448220e+02		2.6600688e+02		5.8419050e+02		4.4217099e+02		3.2197511e+02		1.2019589e+02
3.4000000e+02		3.4100000e+02		3.4050000e+02		7.1196374e+02		2.8220982e+02		6.1874711e+02		4.6878531e+02		3.3920234e+02		1.2958297e+02
3.4100000e+02		3.4200000e+02		3.4150000e+02		6.4984945e+02		2.5872699e+02		5.6634075e+02		4.2948253e+02		3.0877310e+02		1.2070943e+02
3.4200000e+02		3.4300000e+02		3.4250000e+02		7.0477558e+02		2.8221827e+02		6.1674031e+02		4.6816361e+02		3.3446105e+02		1.3370256e+02
3.4300000e+02		3.4400000e+02		3.4350000e+02		6.9264465e+02		2.7865739e+02		6.0798275e+02		4.6194169e+02		3.2788773e+02		1.3405396e+02
3.4400000e+02		3.4500000e+02		3.4450000e+02		5.5710877e+02		2.2532875e+02		4.9083665e+02		3.7328545e+02		2.6326014e+02		1.1002531e+02
3.4500000e+02		3.4600000e+02		3.4550000e+02		6.7138909e+02		2.7284735e+02		5.9340910e+02		4.5169987e+02		3.1649001e+02		1.3520986e+02
3.4600000e+02		3.4700000e+02		3.4650000e+02		6.5194093e+02		2.6621324e+02		5.7807466e+02		4.4041937e+02		3.0656983e+02		1.3384954e+02
3.4700000e+02		3.4800000e+02		3.4750000e+02		6.4525828e+02		2.6470207e+02		5.7390483e+02		4.3762344e+02		3.0261823e+02		1.3500521e+02
3.4800000e+02		3.4900000e+02		3.4850000e+02		6.6761091e+02		2.7539990e+02		5.9616478e+02		4.5500788e+02		3.1259186e+02		1.4241602e+02
3.4900000e+02		3.5000000e+02		3.4950000e+02		6.3989005e+02		2.6521605e+02		5.7324537e+02		4.3788863e+02		2.9883694e+02		1.3905169e+02
3.5000000e+02		3.5100000e+02		3.5050000e+02		7.6650484e+02		3.1910897e+02		6.8869672e+02		5.2651540e+02		3.5691695e+02		1.6959845e+02
3.5100000e+02		3.5200000e+02		3.5150000e+02		7.1211510e+02		2.9784735e+02		6.4185019e+02		4.9110682e+02		3.3068586e+02		1.6042096e+02
3.5200000e+02		3.5300000e+02		3.5250000e+02		6.5785102e+02		2.7639816e+02		5.9474888e+02		4.5543657e+02		3.0460224e+02		1.5083433e+02
3.5300000e+02		3.5400000e+02		3.5350000e+02		7.5263834e+02		3.1772405e+02		6.8266811e+02		5.2318519e+02		3.4755665e+02		1.7562854e+02
3.5400000e+02		3.5500000e+02		3.5450000e+02		8.0329241e+02		3.4059760e+02		7.3075701e+02		5.6047839e+02		3.6979855e+02		1.9067984e+02
3.5500000e+02		3.5600000e+02		3.5550000e+02		7.5433512e+02		3.2125083e+02		6.8826053e+02		5.2829281e+02		3.4618428e+02		1.8210853e+02
3.5600000e+02		3.5700000e+02		3.5650000e+02		6.5576441e+02		2.8046417e+02		6.0002710e+02		4.6091559e+02		2.9995932e+02		1.6095627e+02
3.5700000e+02		3.5800000e+02		3.5750000e+02		5.7307986e+02		2.4613048e+02		5.2583591e+02		4.0422561e+02		2.6125184e+02		1.4297377e+02
3.5800000e+02		3.5900000e+02		3.5850000e+02		4.9194729e+02		2.1221181e+02		4.5273955e+02		3.4829284e+02		2.2354995e+02		1.2474289e+02
3.5900000e+02		3.6000000e+02		3.5950000e+02		7.1030971e+02		3.0765364e+02		6.5545842e+02		5.0460702e+02		3.2162608e+02		1.8298095e+02
3.6000000e+02		3.6100000e+02		3.6050000e+02		7.0092701e+02		3.0488167e+02		6.4866602e+02		4.9973642e+02		3.1630618e+02		1.8343024e+02
3.6100000e+02		3.6200000e+02		3.6150000e+02		6.5110481e+02		2.8424311e+02		6.0395002e+02		4.6560361e+02		2.9262354e+02		1.7298007e+02
3.6200000e+02		3.6300000e+02		3.6250000e+02		7.3500056e+02		3.2200576e+02		6.8328628e+02		5.2711765e+02		3.2893638e+02		1.9818127e+02
3.6300000e+02		3.6400000e+02		3.6350000e+02		7.1558904e+02		3.1485279e+02		6.6721894e+02		5.1507949e+02		3.1917143e+02		1.9590806e+02
3.6400000e+02		3.6500000e+02		3.6450000e+02		7.4837927e+02		3.3009521e+02		6.9864189e+02		5.3966070e+02		3.3197399e+02		2.0768671e+02
3.6500000e+02		3.6600000e+02		3.6550000e+02		8.5179486e+02		3.7741962e+02		7.9775275e+02		6.1664169e+02		3.7666817e+02		2.3997352e+02
3.6600000e+02		3.6700000e+02		3.6650000e+02		9.1042532e+02		4.0436771e+02		8.5366270e+02		6.6024066e+02		4.0035033e+02		2.5989033e+02
3.6700000e+02		3.6800000e+02		3.6750000e+02		8.7909512e+02		3.9201357e+02		8.2652856e+02		6.3966689e+02		3.8511250e+02		2.5455439e+02
3.6800000e+02		3.6900000e+02		3.6850000e+02		8.1047729e+02		3.6164583e+02		7.6162860e+02		5.8972232e+02		3.5234884e+02		2.3737348e+02
3.6900000e+02		3.7000000e+02		3.6950000e+02		8.9967825e+02		4.0345178e+02		8.4858097e+02		6.5749248e+02		3.9008127e+02		2.6741120e+02
3.7000000e+02		3.7100000e+02		3.7050000e+02		8.4427990e+02		3.8212385e+02		8.0257839e+02		6.2238883e+02		3.6687264e+02		2.5551619e+02
3.7100000e+02		3.7200000e+02		3.7150000e+02		8.7164560e+02		3.9598357e+02		8.3067483e+02		6.4456482e+02		3.7720324e+02		2.6736158e+02
3.7200000e+02		3.7300000e+02		3.7250000e+02		7.2411383e+02		3.3016557e+02		6.9177073e+02		5.3709884e+02		3.1203817e+02		2.2506067e+02
3.7300000e+02		3.7400000e+02		3.7350000e+02		6.3155746e+02		2.8900565e+02		6.0480965e+02		4.6985423e+02		2.7098966e+02		1.9886457e+02
3.7400000e+02		3.7500000e+02		3.7450000e+02		6.4642322e+02		2.9686601e+02		6.2052634e+02		4.8233976e+02		2.7616610e+02		2.0617366e+02
3.7500000e+02		3.7600000e+02		3.7550000e+02		7.4036161e+02		3.4120695e+02		7.1237778e+02		5.5404831e+02		3.1490850e+02		2.3913981e+02
3.7600000e+02		3.7700000e+02		3.7650000e+02		7.6758018e+02		3.5499353e+02		7.4030487e+02		5.7608812e+02		3.2504144e+02		2.5104668e+02
3.7700000e+02		3.7800000e+02		3.7750000e+02		9.0048278e+02		4.1790272e+02		8.7049914e+02		6.7777233e+02		3.7961103e+02		2.9816131e+02
3.7800000e+02		3.7900000e+02		3.7850000e+02		9.3786543e+02		4.3674146e+02		9.0871099e+02		7.0790447e+02		3.9357472e+02		3.1432975e+02
3.7900000e+02		3.8000000e+02		3.7950000e+02		7.6051322e+02		3.5535432e+02		7.3854364e+02		5.7564529e+02		3.1768631e+02		2.5795899e+02
3.8000000e+02		3.8100000e+02		3.8050000e+02		8.2814537e+02		3.8825353e+02		8.0602453e+02		6.2856963e+02		3.4433486e+02		2.8423477e+02
3.8100000e+02		3.8200000e+02		3.8150000e+02		7.4366886e+02		3.4980488e+02		7.2540747e+02		5.6599159e+02		3.0776197e+02		2.5822962e+02
3.8200000e+02		3.8300000e+02		3.8250000e+02		5.3336093e+02		2.5170288e+02		5.2140194e+02		4.0702392e+02		2.1968264e+02		1.8734128e+02
3.8300000e+02		3.8400000e+02		3.8350000e+02		4.7073026e+02		2.2286473e+02		4.6116795e+02		3.6018220e+02		1.9295776e+02		1.6722444e+02
3.8400000e+02		3.8500000e+02		3.8450000e+02		6.2969557e+02		2.9908415e+02		6.1822860e+02		4.8308668e+02		2.5687645e+02		2.2621023e+02
3.8500000e+02		3.8600000e+02		3.8550000e+02		6.6694888e+02		3.1778550e+02		6.5619436e+02		5.1300084e+02		2.7075147e+02		2.4224937e+02
3.8600000e+02		3.8700000e+02		3.8650000e+02		6.6977732e+02		3.2013540e+02		6.6035835e+02		5.1650147e+02		2.7056519e+02		2.4593628e+02
3.8700000e+02		3.8800000e+02		3.8750000e+02		6.6902499e+02		3.2076868e+02		6.6098290e+02		5.1723184e+02		2.6892288e+02		2.4830896e+02
3.8800000e+02		3.8900000e+02		3.8850000e+02		6.7841027e+02		3.2626633e+02		6.7162604e+02		5.2580237e+02		2.7133245e+02		2.5446992e+02
3.8900000e+02		3.9000000e+02		3.8950000e+02		8.1451188e+02		3.9290942e+02		8.0799628e+02		6.3285075e+02		3.2412467e+02		3.0872608e+02
3.9000000e+02		3.9100000e+02		3.9050000e+02		8.5560997e+02		4.1397798e+02		8.5047234e+02		6.6641740e+02		3.3875424e+02		3.2766315e+02
3.9100000e+02		3.9200000e+02		3.9150000e+02		9.2006232e+02		4.4648741e+02		9.1635293e+02		7.1835661e+02		3.6241087e+02		3.5594573e+02
3.9200000e+02		3.9300000e+02		3.9250000e+02		7.0614281e+02		3.4368465e+02		7.0467495e+02		5.5265539e+02		2.7671558e+02		2.7593980e+02
3.9300000e+02		3.9400000e+02		3.9350000e+02		4.3291589e+02		2.1131624e+02		4.3285370e+02		3.3961912e+02		1.6876606e+02		1.7085306e+02
3.9400000e+02		3.9500000e+02		3.9450000e+02		7.1565803e+02		3.5033457e+02		7.1692745e+02		5.6274136e+02		2.7753096e+02		2.8521040e+02
3.9500000e+02		3.9600000e+02		3.9550000e+02		8.7888136e+02		4.3146175e+02		8.8211016e+02		6.9268591e+02		3.3903507e+02		3.5365084e+02
3.9600000e+02		3.9700000e+02		3.9650000e+02		6.0712893e+02		2.9889195e+02		6.1050236e+02		4.7959879e+02		2.3296367e+02		2.4663512e+02
3.9700000e+02		3.9800000e+02		3.9750000e+02		6.8053003e+02		3.3596093e+02		6.8558099e+02		5.3879562e+02		2.5973616e+02		2.7905946e+02
3.9800000e+02		3.9900000e+02		3.9850000e+02		1.0480559e+03		5.1882576e+02		1.0577732e+03		8.3162942e+02		3.9786253e+02		4.3376689e+02
3.9900000e+02		4.0000000e+02		3.9950000e+02		1.1577145e+03		5.7467349e+02		1.1705701e+03		9.2067030e+02		4.3711813e+02		4.8355217e+02
4.0000000e+02		4.0100000e+02		4.0050000e+02		1.1939713e+03		5.9426962e+02		1.2093977e+03		9.5157443e+02		4.4835888e+02		5.0321555e+02
4.0100000e+02		4.0200000e+02		4.0150000e+02		1.2509583e+03		6.2429510e+02		1.2693722e+03		9.9914158e+02		4.6719197e+02		5.3194961e+02
4.0200000e+02		4.0300000e+02		4.0250000e+02		1.2664199e+03		6.3367987e+02		1.2873198e+03		1.0136465e+03		4.7036750e+02		5.4327896e+02
4.0300000e+02		4.0400000e+02		4.0350000e+02		1.2115903e+03		6.0782823e+02		1.2337264e+03		9.7180374e+02		4.4751657e+02		5.2428717e+02
4.0400000e+02		4.0500000e+02		4.0450000e+02		1.1914959e+03		5.9929192e+02		1.2153513e+03		9.5767649e+02		4.3764962e+02		5.2002687e+02
4.0500000e+02		4.0600000e+02		4.0550000e+02		1.1904731e+03		6.0030826e+02		1.2163738e+03		9.5882431e+02		4.3483202e+02		5.2399229e+02
4.0600000e+02		4.0700000e+02		4.0650000e+02		1.1388815e+03		5.7574515e+02		1.1656179e+03		9.1913844e+02		4.1365269e+02		5.0548574e+02
4.0700000e+02		4.0800000e+02		4.0750000e+02		1.1575323e+03		5.8663812e+02		1.1866789e+03		9.3607023e+02		4.1805523e+02		5.1801500e+02
4.0800000e+02		4.0900000e+02		4.0850000e+02		1.2307397e+03		6.2528388e+02		1.2638077e+03		9.9725105e+02		4.4197530e+02		5.5527575e+02
4.0900000e+02		4.1000000e+02		4.0950000e+02		1.2243097e+03		6.2354066e+02		1.2592533e+03		9.9399171e+02		4.3716223e+02		5.5682948e+02
4.1000000e+02		4.1100000e+02		4.1050000e+02		1.1216634e+03		5.7264733e+02		1.1555369e+03		9.1242574e+02		3.9821903e+02		5.1420671e+02
4.1100000e+02		4.1200000e+02		4.1150000e+02		1.3003372e+03		6.6545817e+02		1.3417428e+03		1.0598025e+03		4.5899969e+02		6.0080281e+02
4.1200000e+02		4.1300000e+02		4.1250000e+02		1.2760342e+03		6.5457012e+02		1.3187433e+03		1.0419715e+03		4.4782128e+02		5.9415017e+02
4.1300000e+02		4.1400000e+02		4.1350000e+02		1.2308584e+03		6.3287825e+02		1.2740410e+03		1.0069708e+03		4.2946307e+02		5.7750769e+02
4.1400000e+02		4.1500000e+02		4.1450000e+02		1.2488872e+03		6.4363961e+02		1.2946987e+03		1.0236184e+03		4.3321733e+02		5.9040105e+02
4.1500000e+02		4.1600000e+02		4.1550000e+02		1.2477523e+03		6.4453245e+02		1.2954986e+03		1.0245668e+03		4.3029436e+02		5.9427245e+02
4.1600000e+02		4.1700000e+02		4.1650000e+02		1.2947363e+03		6.7032296e+02		1.3463127e+03		1.0650778e+03		4.4387765e+02		6.2120016e+02
4.1700000e+02		4.1800000e+02		4.1750000e+02		1.1781342e+03		6.1132692e+02		1.2268981e+03		9.7089903e+02		4.0152414e+02		5.6937489e+02
4.1800000e+02		4.1900000e+02		4.1850000e+02		1.2217101e+03		6.3534945e+02		1.2741606e+03		1.0085979e+03		4.1391434e+02		5.9468355e+02
4.1900000e+02		4.2000000e+02		4.1950000e+02		1.2338424e+03		6.4307228e+02		1.2886981e+03		1.0204027e+03		4.1554504e+02		6.0485761e+02
4.2000000e+02		4.2100000e+02		4.2050000e+02		1.2494927e+03		6.5264860e+02		1.3069351e+03		1.0351401e+03		4.1831088e+02		6.1682922e+02
4.2100000e+02		4.2200000e+02		4.2150000e+02		1.2299982e+03		6.4385170e+02		1.2883888e+03		1.0207398e+03		4.0932480e+02		6.1141496e+02
4.2200000e+02		4.2300000e+02		4.2250000e+02		1.1657134e+03		6.1150367e+02		1.2227845e+03		9.6903447e+02		3.8560695e+02		5.8342753e+02
4.2300000e+02		4.2400000e+02		4.2350000e+02		1.2419943e+03		6.5289465e+02		1.3046287e+03		1.0341791e+03		4.0836987e+02		6.2580926e+02
4.2400000e+02		4.2500000e+02		4.2450000e+02		1.2850442e+03		6.7693699e+02		1.3517246e+03		1.0718029e+03		4.1997644e+02		6.5182642e+02
4.2500000e+02		4.2600000e+02		4.2550000e+02		1.2367256e+03		6.5283097e+02		1.3026869e+03		1.0331965e+03		4.0173987e+02		6.3145664e+02
4.2600000e+02		4.2700000e+02		4.2650000e+02		1.2316584e+03		6.5148671e+02		1.2991140e+03		1.0306346e+03		3.9766624e+02		6.3296840e+02
4.2700000e+02		4.2800000e+02		4.2750000e+02		1.1420512e+03		6.0531232e+02		1.2062205e+03		9.5718785e+02		3.6649093e+02		5.9069693e+02
4.2800000e+02		4.2900000e+02		4.2850000e+02		1.1495483e+03		6.1050706e+02		1.2157560e+03		9.6500224e+02		3.6664571e+02		5.9835654e+02
4.2900000e+02		4.3000000e+02		4.2950000e+02		1.0698649e+03		5.6931538e+02		1.1329747e+03		8.9952240e+02		3.3914292e+02		5.6037948e+02
4.3000000e+02		4.3100000e+02		4.3050000e+02		8.6065012e+02		4.5888324e+02		9.1260745e+02		7.2474323e+02		2.7114887e+02		4.5359436e+02
4.3100000e+02		4.3200000e+02		4.3150000e+02		1.0641754e+03		5.6850143e+02		1.1298762e+03		8.9750708e+02		3.3320752e+02		5.6429956e+02
4.3200000e+02		4.3300000e+02		4.3250000e+02		1.1990384e+03		6.4177901e+02		1.2746918e+03		1.0127859e+03		3.7311984e+02		6.3966602e+02
4.3300000e+02		4.3400000e+02		4.3350000e+02		1.3017454e+03		6.9807797e+02		1.3856287e+03		1.1011926e+03		4.0257649e+02		6.9861612e+02
4.3400000e+02		4.3500000e+02		4.3450000e+02		1.1054356e+03		5.9392045e+02		1.1781412e+03		9.3651836e+02		3.3974768e+02		5.9677068e+02
4.3500000e+02		4.3600000e+02		4.3550000e+02		1.2347447e+03		6.6463092e+02		1.3175846e+03		1.0476076e+03		3.7713314e+02		6.7047447e+02
4.3600000e+02		4.3700000e+02		4.3650000e+02		1.3814970e+03		7.4499532e+02		1.4759894e+03		1.1738244e+03		4.1932995e+02		7.5449446e+02
4.3700000e+02		4.3800000e+02		4.3750000e+02		1.2223713e+03		6.6038735e+02		1.3075639e+03		1.0401147e+03		3.6871567e+02		6.7139904e+02
4.3800000e+02		4.3900000e+02		4.3850000e+02		1.1905029e+03		6.4433235e+02		1.2750033e+03		1.0144408e+03		3.5685820e+02		6.5758263e+02
4.3900000e+02		4.4000000e+02		4.3950000e+02		1.3250738e+03		7.1844809e+02		1.4208121e+03		1.1307012e+03		3.9470850e+02		7.3599270e+02
4.4000000e+02		4.4100000e+02		4.4050000e+02		1.2562739e+03		6.8235060e+02		1.3486256e+03		1.0734877e+03		3.7186603e+02		7.0162170e+02
4.4100000e+02		4.4200000e+02		4.4150000e+02		1.3817384e+03		7.5181178e+02		1.4850399e+03		1.1823255e+03		4.0643256e+02		7.7589294e+02
4.4200000e+02		4.4300000e+02		4.4250000e+02		1.4526378e+03		7.9175888e+02		1.5630387e+03		1.2446884e+03		4.2459548e+02		8.2009293e+02
4.4300000e+02		4.4400000e+02		4.4350000e+02		1.4050936e+03		7.6715919e+02		1.5136054e+03		1.2055752e+03		4.0810664e+02		7.9746859e+02
4.4400000e+02		4.4500000e+02		4.4450000e+02		1.4475318e+03		7.9167222e+02		1.5610812e+03		1.2436458e+03		4.1777464e+02		8.2587112e+02
4.4500000e+02		4.4600000e+02		4.4550000e+02		1.3420773e+03		7.3523196e+02		1.4489717e+03		1.1545679e+03		3.8488621e+02		7.6968164e+02
4.4600000e+02		4.4700000e+02		4.4650000e+02		1.3689269e+03		7.5118906e+02		1.4795945e+03		1.1792054e+03		3.9009590e+02		7.8910948e+02
4.4700000e+02		4.4800000e+02		4.4750000e+02		1.4837056e+03		8.1551427e+02		1.6054079e+03		1.2797295e+03		4.2011750e+02		8.5961201e+02
4.4800000e+02		4.4900000e+02		4.4850000e+02		1.4587166e+03		8.0308652e+02		1.5800797e+03		1.2597857e+03		4.1041344e+02		8.4937229e+02
4.4900000e+02		4.5000000e+02		4.4950000e+02		1.4737837e+03		8.1269127e+02		1.5981130e+03		1.2744094e+03		4.1201012e+02		8.6239927e+02
4.5000000e+02		4.5100000e+02		4.5050000e+02		1.5636828e+03		8.6364220e+02		1.6973967e+03		1.3538406e+03		4.3435243e+02		9.1948816e+02
4.5100000e+02		4.5200000e+02		4.5150000e+02		1.5589734e+03		8.6240301e+02		1.6940637e+03		1.3514361e+03		4.3027675e+02		9.2115935e+02
4.5200000e+02		4.5300000e+02		4.5250000e+02		1.4757889e+03		8.1766469e+02		1.6053399e+03		1.2808944e+03		4.0471121e+02		8.7618321e+02
4.5300000e+02		4.5400000e+02		4.5350000e+02		1.4141855e+03		7.8474759e+02		1.5399136e+03		1.2289160e+03		3.8533242e+02		8.4358353e+02
4.5400000e+02		4.5500000e+02		4.5450000e+02		1.5096596e+03		8.3901262e+02		1.6455525e+03		1.3134575e+03		4.0870776e+02		9.0474975e+02
4.5500000e+02		4.5600000e+02		4.5550000e+02		1.4952815e+03		8.3228409e+02		1.6315259e+03		1.3024939e+03		4.0221483e+02		9.0027909e+02
4.5600000e+02		4.5700000e+02		4.5650000e+02		1.5527317e+03		8.6556086e+02		1.6959043e+03		1.3541274e+03		4.1498228e+02		9.3914515e+02
4.5700000e+02		4.5800000e+02		4.5750000e+02		1.5677329e+03		8.7522416e+02		1.7139833e+03		1.3688008e+03		4.1629390e+02		9.5250688e+02
4.5800000e+02		4.5900000e+02		4.5850000e+02		1.4734199e+03		8.2378396e+02		1.6124504e+03		1.2879367e+03		3.8872842e+02		8.9920826e+02
4.5900000e+02		4.6000000e+02		4.5950000e+02		1.5222067e+03		8.5230222e+02		1.6674566e+03		1.3320982e+03		3.9900861e+02		9.3308957e+02
4.6000000e+02		4.6100000e+02		4.6050000e+02		1.5039223e+03		8.4328092e+02		1.6490097e+03		1.3175816e+03		3.9166979e+02		9.2591177e+02
4.6100000e+02		4.6200000e+02		4.6150000e+02		1.5386000e+03		8.6395922e+02		1.6886370e+03		1.3494670e+03		3.9811059e+02		9.5135644e+02
4.6200000e+02		4.6300000e+02		4.6250000e+02		1.5538294e+03		8.7374624e+02		1.7069570e+03		1.3643297e+03		3.9944966e+02		9.6488003e+02
4.6300000e+02		4.6400000e+02		4.6350000e+02		1.5018384e+03		8.4569461e+02		1.6513802e+03		1.3201209e+03		3.8358369e+02		9.3653721e+02
4.6400000e+02		4.6500000e+02		4.6450000e+02		1.5281564e+03		8.6170875e+02		1.6818695e+03		1.3447078e+03		3.8777566e+02		9.5693218e+02
4.6500000e+02		4.6600000e+02		4.6550000e+02		1.4760608e+03		8.3347643e+02		1.6260183e+03		1.3002570e+03		3.7212641e+02		9.2813055e+02
4.6600000e+02		4.6700000e+02		4.6650000e+02		1.4854121e+03		8.3989794e+02		1.6378002e+03		1.3098813e+03		3.7205275e+02		9.3782856e+02
4.6700000e+02		4.6800000e+02		4.6750000e+02		1.4997486e+03		8.4914661e+02		1.6550890e+03		1.3239110e+03		3.7320309e+02		9.5070793e+02
4.6800000e+02		4.6900000e+02		4.6850000e+02		1.4665907e+03		8.3148043e+02		1.6199325e+03		1.2959849e+03		3.6257920e+02		9.3340574e+02
4.6900000e+02		4.7000000e+02		4.6950000e+02		1.5086728e+03		8.5646843e+02		1.6678784e+03		1.3345418e+03		3.7055638e+02		9.6398545e+02
4.7000000e+02		4.7100000e+02		4.7050000e+02		1.4256243e+03		8.1038043e+02		1.5774369e+03		1.2623616e+03		3.4787866e+02		9.1448297e+02
4.7100000e+02		4.7200000e+02		4.7150000e+02		1.4904926e+03		8.4835117e+02		1.6506334e+03		1.3211301e+03		3.6133851e+02		9.5979163e+02
4.7200000e+02		4.7300000e+02		4.7250000e+02		1.5269264e+03		8.7020268e+02		1.6924240e+03		1.3547730e+03		3.6775841e+02		9.8701458e+02
4.7300000e+02		4.7400000e+02		4.7350000e+02		1.4995420e+03		8.5568117e+02		1.6634753e+03		1.3317887e+03		3.5880763e+02		9.7298109e+02
4.7400000e+02		4.7500000e+02		4.7450000e+02		1.5448084e+03		8.8261967e+02		1.7151236e+03		1.3733311e+03		3.6722710e+02		1.0061040e+03
4.7500000e+02		4.7600000e+02		4.7550000e+02		1.5413846e+03		8.8175983e+02		1.7127397e+03		1.3716122e+03		3.6402130e+02		1.0075909e+03
4.7600000e+02		4.7700000e+02		4.7650000e+02		1.4853490e+03		8.5075175e+02		1.6518284e+03		1.3230135e+03		3.4849669e+02		9.7451680e+02
4.7700000e+02		4.7800000e+02		4.7750000e+02		1.5508368e+03		8.8934502e+02		1.7260570e+03		1.3826528e+03		3.6148428e+02		1.0211685e+03
4.7800000e+02		4.7900000e+02		4.7850000e+02		1.5358791e+03		8.8183209e+02		1.7107844e+03		1.3706015e+03		3.5565783e+02		1.0149437e+03
4.7900000e+02		4.8000000e+02		4.7950000e+02		1.5403519e+03		8.8545891e+02		1.7171334e+03		1.3758694e+03		3.5436127e+02		1.0215081e+03
4.8000000e+02		4.8100000e+02		4.8050000e+02		1.5442750e+03		8.8876647e+02		1.7228649e+03		1.3806416e+03		3.5294004e+02		1.0277015e+03
4.8100000e+02		4.8200000e+02		4.8150000e+02		1.5475498e+03		8.9169684e+02		1.7278674e+03		1.3848285e+03		3.5137431e+02		1.0334542e+03
4.8200000e+02		4.8300000e+02		4.8250000e+02		1.5416562e+03		8.8933377e+02		1.7226191e+03		1.3807976e+03		3.4774521e+02		1.0330524e+03
4.8300000e+02		4.8400000e+02		4.8350000e+02		1.5183412e+03		8.7689260e+02		1.6978675e+03		1.3611285e+03		3.4024401e+02		1.0208844e+03
4.8400000e+02		4.8500000e+02		4.8450000e+02		1.4920771e+03		8.6270687e+02		1.6697645e+03		1.3387651e+03		3.3216907e+02		1.0065961e+03
4.8500000e+02		4.8600000e+02		4.8550000e+02		1.4021236e+03		8.1161206e+02		1.5702783e+03		1.2591545e+03		3.1009904e+02		9.4905548e+02
4.8600000e+02		4.8700000e+02		4.8650000e+02		1.2173217e+03		7.0542857e+02		1.3643285e+03		1.0941426e+03		2.6746388e+02		8.2667874e+02
4.8700000e+02		4.8800000e+02		4.8750000e+02		1.3927585e+03		8.0798691e+02		1.5621026e+03		1.2529003e+03		3.0400503e+02		9.4889530e+02
4.8800000e+02		4.8900000e+02		4.8850000e+02		1.4651201e+03		8.5089889e+02		1.6444629e+03		1.3191142e+03		3.1770420e+02		1.0014100e+03
4.8900000e+02		4.9000000e+02		4.8950000e+02		1.4372192e+03		8.3560187e+02		1.6143138e+03		1.2950813e+03		3.0961156e+02		9.8546970e+02
4.9000000e+02		4.9100000e+02		4.9050000e+02		1.5307557e+03		8.9094201e+02		1.7206080e+03		1.3805151e+03		3.2760023e+02		1.0529148e+03
4.9100000e+02		4.9200000e+02		4.9150000e+02		1.4425606e+03		8.4050503e+02		1.6226255e+03		1.3020482e+03		3.0670180e+02		9.9534635e+02
4.9200000e+02		4.9300000e+02		4.9250000e+02		1.3729411e+03		8.0078595e+02		1.5454017e+03		1.2402210e+03		2.8998662e+02		9.5023443e+02
4.9300000e+02		4.9400000e+02		4.9350000e+02		1.4509629e+03		8.4717821e+02		1.6343615e+03		1.3117596e+03		3.0445708e+02		1.0073025e+03
4.9400000e+02		4.9500000e+02		4.9450000e+02		1.4929449e+03		8.7259329e+02		1.6828101e+03		1.3507938e+03		3.1121264e+02		1.0395811e+03
4.9500000e+02		4.9600000e+02		4.9550000e+02		1.4663156e+03		8.5790835e+02		1.6539236e+03		1.3277511e+03		3.0365792e+02		1.0240932e+03
4.9600000e+02		4.9700000e+02		4.9650000e+02		1.4846220e+03		8.6950176e+02		1.6757058e+03		1.3453823e+03		3.0543364e+02		1.0399487e+03
4.9700000e+02		4.9800000e+02		4.9750000e+02		1.5123203e+03		8.8661549e+02		1.7081137e+03		1.3715477e+03		3.0909267e+02		1.0624550e+03
4.9800000e+02		4.9900000e+02		4.9850000e+02		1.3744029e+03		8.0656325e+02		1.5533719e+03		1.2474272e+03		2.7906357e+02		9.6836366e+02
4.9900000e+02		5.0000000e+02		4.9950000e+02		1.4721832e+03		8.6479860e+02		1.6649796e+03		1.3371921e+03		2.9695823e+02		1.0402339e+03
