Left Bin Edge (nm)	Right Bin Edge (nm)	Bin Center (nm)		Top of Atm Intensity (erg/s/nm/cm2)		Total Surface Flux (erg/s/nm/cm2)		Total Intensity at BOA (erg/s/nm/cm2)		Total Surface Intensity (erg/s/nm/cm2)		Total Surface Diffuse Intensity (erg/s/nm/cm2)		Total Surface Direct Intensity (erg/s/nm/cm2)
1.0000000e+02		1.0100000e+02		1.0050000e+02		4.4569042e-02		0.0000000e+00		0.0000000e+00		0.0000000e+00		0.0000000e+00		0.0000000e+00
1.0100000e+02		1.0200000e+02		1.0150000e+02		1.7387199e-01		0.0000000e+00		0.0000000e+00		0.0000000e+00		0.0000000e+00		0.0000000e+00
1.0200000e+02		1.0300000e+02		1.0250000e+02		9.2286085e-01		0.0000000e+00		0.0000000e+00		0.0000000e+00		0.0000000e+00		0.0000000e+00
1.0300000e+02		1.0400000e+02		1.0350000e+02		7.0094286e-01		0.0000000e+00		0.0000000e+00		0.0000000e+00		0.0000000e+00		0.0000000e+00
1.0400000e+02		1.0500000e+02		1.0450000e+02		1.4124828e-01		0.0000000e+00		0.0000000e+00		0.0000000e+00		0.0000000e+00		0.0000000e+00
1.0500000e+02		1.0600000e+02		1.0550000e+02		4.8389941e-02		0.0000000e+00		0.0000000e+00		0.0000000e+00		0.0000000e+00		0.0000000e+00
1.0600000e+02		1.0700000e+02		1.0650000e+02		4.5487167e-02		0.0000000e+00		0.0000000e+00		0.0000000e+00		0.0000000e+00		0.0000000e+00
1.0700000e+02		1.0800000e+02		1.0750000e+02		5.0757295e-02		0.0000000e+00		0.0000000e+00		0.0000000e+00		0.0000000e+00		0.0000000e+00
1.0800000e+02		1.0900000e+02		1.0850000e+02		7.1152114e-02		0.0000000e+00		0.0000000e+00		0.0000000e+00		0.0000000e+00		0.0000000e+00
1.0900000e+02		1.1000000e+02		1.0950000e+02		5.5817450e-02		0.0000000e+00		0.0000000e+00		0.0000000e+00		0.0000000e+00		0.0000000e+00
1.1000000e+02		1.1100000e+02		1.1050000e+02		5.4043772e-02		0.0000000e+00		0.0000000e+00		0.0000000e+00		0.0000000e+00		0.0000000e+00
1.1100000e+02		1.1200000e+02		1.1150000e+02		5.0797691e-02		0.0000000e+00		0.0000000e+00		0.0000000e+00		0.0000000e+00		0.0000000e+00
1.1200000e+02		1.1300000e+02		1.1250000e+02		5.1969037e-02		0.0000000e+00		0.0000000e+00		0.0000000e+00		0.0000000e+00		0.0000000e+00
1.1300000e+02		1.1400000e+02		1.1350000e+02		4.1221387e-02		0.0000000e+00		0.0000000e+00		0.0000000e+00		0.0000000e+00		0.0000000e+00
1.1400000e+02		1.1500000e+02		1.1450000e+02		3.1562600e-02		0.0000000e+00		0.0000000e+00		0.0000000e+00		0.0000000e+00		0.0000000e+00
1.1500000e+02		1.1600000e+02		1.1550000e+02		4.3552050e-02		0.0000000e+00		0.0000000e+00		0.0000000e+00		0.0000000e+00		0.0000000e+00
1.1600000e+02		1.1700000e+02		1.1650000e+02		1.0143732e-01		0.0000000e+00		0.0000000e+00		0.0000000e+00		0.0000000e+00		0.0000000e+00
1.1700000e+02		1.1800000e+02		1.1750000e+02		3.6108525e-01		0.0000000e+00		0.0000000e+00		0.0000000e+00		0.0000000e+00		0.0000000e+00
1.1800000e+02		1.1900000e+02		1.1850000e+02		1.2283927e-01		0.0000000e+00		0.0000000e+00		0.0000000e+00		0.0000000e+00		0.0000000e+00
1.1900000e+02		1.2000000e+02		1.1950000e+02		1.7115732e-01		0.0000000e+00		0.0000000e+00		0.0000000e+00		0.0000000e+00		0.0000000e+00
1.2000000e+02		1.2100000e+02		1.2050000e+02		9.3056497e-01		0.0000000e+00		0.0000000e+00		0.0000000e+00		0.0000000e+00		0.0000000e+00
1.2100000e+02		1.2200000e+02		1.2150000e+02		3.6941242e+01		0.0000000e+00		0.0000000e+00		0.0000000e+00		0.0000000e+00		0.0000000e+00
1.2200000e+02		1.2300000e+02		1.2250000e+02		2.4773856e-01		0.0000000e+00		0.0000000e+00		0.0000000e+00		0.0000000e+00		0.0000000e+00
1.2300000e+02		1.2400000e+02		1.2350000e+02		1.3344721e-01		0.0000000e+00		0.0000000e+00		0.0000000e+00		0.0000000e+00		0.0000000e+00
1.2400000e+02		1.2500000e+02		1.2450000e+02		1.0726631e-01		0.0000000e+00		0.0000000e+00		0.0000000e+00		0.0000000e+00		0.0000000e+00
1.2500000e+02		1.2600000e+02		1.2550000e+02		1.0471361e-01		0.0000000e+00		0.0000000e+00		0.0000000e+00		0.0000000e+00		0.0000000e+00
1.2600000e+02		1.2700000e+02		1.2650000e+02		1.4644878e-01		0.0000000e+00		0.0000000e+00		0.0000000e+00		0.0000000e+00		0.0000000e+00
1.2700000e+02		1.2800000e+02		1.2750000e+02		7.6659940e-02		0.0000000e+00		0.0000000e+00		0.0000000e+00		0.0000000e+00		0.0000000e+00
1.2800000e+02		1.2900000e+02		1.2850000e+02		6.1165494e-02		0.0000000e+00		0.0000000e+00		0.0000000e+00		0.0000000e+00		0.0000000e+00
1.2900000e+02		1.3000000e+02		1.2950000e+02		8.1594975e-02		0.0000000e+00		0.0000000e+00		0.0000000e+00		0.0000000e+00		0.0000000e+00
1.3000000e+02		1.3100000e+02		1.3050000e+02		6.7007791e-01		0.0000000e+00		0.0000000e+00		0.0000000e+00		0.0000000e+00		0.0000000e+00
1.3100000e+02		1.3200000e+02		1.3150000e+02		9.0731094e-02		0.0000000e+00		0.0000000e+00		0.0000000e+00		0.0000000e+00		0.0000000e+00
1.3200000e+02		1.3300000e+02		1.3250000e+02		7.0547730e-02		0.0000000e+00		0.0000000e+00		0.0000000e+00		0.0000000e+00		0.0000000e+00
1.3300000e+02		1.3400000e+02		1.3350000e+02		9.5357088e-01		0.0000000e+00		0.0000000e+00		0.0000000e+00		0.0000000e+00		0.0000000e+00
1.3400000e+02		1.3500000e+02		1.3450000e+02		6.5246966e-02		0.0000000e+00		0.0000000e+00		0.0000000e+00		0.0000000e+00		0.0000000e+00
1.3500000e+02		1.3600000e+02		1.3550000e+02		1.3692679e-01		0.0000000e+00		0.0000000e+00		0.0000000e+00		0.0000000e+00		0.0000000e+00
1.3600000e+02		1.3700000e+02		1.3650000e+02		8.9861989e-02		0.0000000e+00		0.0000000e+00		0.0000000e+00		0.0000000e+00		0.0000000e+00
1.3700000e+02		1.3800000e+02		1.3750000e+02		9.2282630e-02		0.0000000e+00		0.0000000e+00		0.0000000e+00		0.0000000e+00		0.0000000e+00
1.3800000e+02		1.3900000e+02		1.3850000e+02		9.4180145e-02		0.0000000e+00		0.0000000e+00		0.0000000e+00		0.0000000e+00		0.0000000e+00
1.3900000e+02		1.4000000e+02		1.3950000e+02		3.1801144e-01		0.0000000e+00		0.0000000e+00		0.0000000e+00		0.0000000e+00		0.0000000e+00
1.4000000e+02		1.4100000e+02		1.4050000e+02		2.7729440e-01		0.0000000e+00		0.0000000e+00		0.0000000e+00		0.0000000e+00		0.0000000e+00
1.4100000e+02		1.4200000e+02		1.4150000e+02		1.3359910e-01		0.0000000e+00		0.0000000e+00		0.0000000e+00		0.0000000e+00		0.0000000e+00
1.4200000e+02		1.4300000e+02		1.4250000e+02		1.4479671e-01		0.0000000e+00		0.0000000e+00		0.0000000e+00		0.0000000e+00		0.0000000e+00
1.4300000e+02		1.4400000e+02		1.4350000e+02		1.6064305e-01		0.0000000e+00		0.0000000e+00		0.0000000e+00		0.0000000e+00		0.0000000e+00
1.4400000e+02		1.4500000e+02		1.4450000e+02		1.5363637e-01		0.0000000e+00		0.0000000e+00		0.0000000e+00		0.0000000e+00		0.0000000e+00
1.4500000e+02		1.4600000e+02		1.4550000e+02		1.6382583e-01		0.0000000e+00		0.0000000e+00		0.0000000e+00		0.0000000e+00		0.0000000e+00
1.4600000e+02		1.4700000e+02		1.4650000e+02		1.9977093e-01		0.0000000e+00		0.0000000e+00		0.0000000e+00		0.0000000e+00		0.0000000e+00
1.4700000e+02		1.4800000e+02		1.4750000e+02		2.4643334e-01		0.0000000e+00		0.0000000e+00		0.0000000e+00		0.0000000e+00		0.0000000e+00
1.4800000e+02		1.4900000e+02		1.4850000e+02		2.4167300e-01		0.0000000e+00		0.0000000e+00		0.0000000e+00		0.0000000e+00		0.0000000e+00
1.4900000e+02		1.5000000e+02		1.4950000e+02		2.1832777e-01		0.0000000e+00		0.0000000e+00		0.0000000e+00		0.0000000e+00		0.0000000e+00
1.5000000e+02		1.5100000e+02		1.5050000e+02		2.4023073e-01		0.0000000e+00		0.0000000e+00		0.0000000e+00		0.0000000e+00		0.0000000e+00
1.5100000e+02		1.5200000e+02		1.5150000e+02		2.5258505e-01		0.0000000e+00		0.0000000e+00		0.0000000e+00		0.0000000e+00		0.0000000e+00
1.5200000e+02		1.5300000e+02		1.5250000e+02		3.2229547e-01		0.0000000e+00		0.0000000e+00		0.0000000e+00		0.0000000e+00		0.0000000e+00
1.5300000e+02		1.5400000e+02		1.5350000e+02		3.5701286e-01		0.0000000e+00		0.0000000e+00		0.0000000e+00		0.0000000e+00		0.0000000e+00
1.5400000e+02		1.5500000e+02		1.5450000e+02		9.5486931e-01		0.0000000e+00		0.0000000e+00		0.0000000e+00		0.0000000e+00		0.0000000e+00
1.5500000e+02		1.5600000e+02		1.5550000e+02		7.8587524e-01		0.0000000e+00		0.0000000e+00		0.0000000e+00		0.0000000e+00		0.0000000e+00
1.5600000e+02		1.5700000e+02		1.5650000e+02		4.6648084e-01		0.0000000e+00		0.0000000e+00		0.0000000e+00		0.0000000e+00		0.0000000e+00
1.5700000e+02		1.5800000e+02		1.5750000e+02		4.2309893e-01		0.0000000e+00		0.0000000e+00		0.0000000e+00		0.0000000e+00		0.0000000e+00
1.5800000e+02		1.5900000e+02		1.5850000e+02		3.9008072e-01		0.0000000e+00		0.0000000e+00		0.0000000e+00		0.0000000e+00		0.0000000e+00
1.5900000e+02		1.6000000e+02		1.5950000e+02		3.8042347e-01		0.0000000e+00		0.0000000e+00		0.0000000e+00		0.0000000e+00		0.0000000e+00
1.6000000e+02		1.6100000e+02		1.6050000e+02		4.1635449e-01		0.0000000e+00		0.0000000e+00		0.0000000e+00		0.0000000e+00		0.0000000e+00
1.6100000e+02		1.6200000e+02		1.6150000e+02		4.7164413e-01		0.0000000e+00		0.0000000e+00		0.0000000e+00		0.0000000e+00		0.0000000e+00
1.6200000e+02		1.6300000e+02		1.6250000e+02		5.2241459e-01		0.0000000e+00		0.0000000e+00		0.0000000e+00		0.0000000e+00		0.0000000e+00
1.6300000e+02		1.6400000e+02		1.6350000e+02		1.1072121e+00		0.0000000e+00		0.0000000e+00		0.0000000e+00		0.0000000e+00		0.0000000e+00
1.6400000e+02		1.6500000e+02		1.6450000e+02		1.1323318e+00		0.0000000e+00		0.0000000e+00		0.0000000e+00		0.0000000e+00		0.0000000e+00
1.6500000e+02		1.6600000e+02		1.6550000e+02		1.3255566e+00		0.0000000e+00		0.0000000e+00		0.0000000e+00		0.0000000e+00		0.0000000e+00
1.6600000e+02		1.6700000e+02		1.6650000e+02		6.2522883e-01		0.0000000e+00		0.0000000e+00		0.0000000e+00		0.0000000e+00		0.0000000e+00
1.6700000e+02		1.6800000e+02		1.6750000e+02		6.6723830e-01		0.0000000e+00		0.0000000e+00		0.0000000e+00		0.0000000e+00		0.0000000e+00
1.6800000e+02		1.6900000e+02		1.6850000e+02		7.1904320e-01		0.0000000e+00		0.0000000e+00		0.0000000e+00		0.0000000e+00		0.0000000e+00
1.6900000e+02		1.7000000e+02		1.6950000e+02		9.0554889e-01		0.0000000e+00		0.0000000e+00		0.0000000e+00		0.0000000e+00		0.0000000e+00
1.7000000e+02		1.7100000e+02		1.7050000e+02		1.0161854e+00		0.0000000e+00		0.0000000e+00		0.0000000e+00		0.0000000e+00		0.0000000e+00
1.7100000e+02		1.7200000e+02		1.7150000e+02		1.0130704e+00		0.0000000e+00		0.0000000e+00		0.0000000e+00		0.0000000e+00		0.0000000e+00
1.7200000e+02		1.7300000e+02		1.7250000e+02		1.0571150e+00		0.0000000e+00		0.0000000e+00		0.0000000e+00		0.0000000e+00		0.0000000e+00
1.7300000e+02		1.7400000e+02		1.7350000e+02		1.0479596e+00		0.0000000e+00		0.0000000e+00		0.0000000e+00		0.0000000e+00		0.0000000e+00
1.7400000e+02		1.7500000e+02		1.7450000e+02		1.2530722e+00		0.0000000e+00		0.0000000e+00		0.0000000e+00		0.0000000e+00		0.0000000e+00
1.7500000e+02		1.7600000e+02		1.7550000e+02		1.4954862e+00		0.0000000e+00		0.0000000e+00		0.0000000e+00		0.0000000e+00		0.0000000e+00
1.7600000e+02		1.7700000e+02		1.7650000e+02		1.6135596e+00		0.0000000e+00		0.0000000e+00		0.0000000e+00		0.0000000e+00		0.0000000e+00
1.7700000e+02		1.7800000e+02		1.7750000e+02		1.9010195e+00		0.0000000e+00		0.0000000e+00		0.0000000e+00		0.0000000e+00		0.0000000e+00
1.7800000e+02		1.7900000e+02		1.7850000e+02		2.0776624e+00		0.0000000e+00		0.0000000e+00		0.0000000e+00		0.0000000e+00		0.0000000e+00
1.7900000e+02		1.8000000e+02		1.7950000e+02		2.0198657e+00		0.0000000e+00		0.0000000e+00		0.0000000e+00		0.0000000e+00		0.0000000e+00
1.8000000e+02		1.8100000e+02		1.8050000e+02		2.4976225e+00		0.0000000e+00		0.0000000e+00		0.0000000e+00		0.0000000e+00		0.0000000e+00
1.8100000e+02		1.8200000e+02		1.8150000e+02		3.0410490e+00		0.0000000e+00		0.0000000e+00		0.0000000e+00		0.0000000e+00		0.0000000e+00
1.8200000e+02		1.8300000e+02		1.8250000e+02		2.8073836e+00		0.0000000e+00		0.0000000e+00		0.0000000e+00		0.0000000e+00		0.0000000e+00
1.8300000e+02		1.8400000e+02		1.8350000e+02		2.9562417e+00		0.0000000e+00		0.0000000e+00		0.0000000e+00		0.0000000e+00		0.0000000e+00
1.8400000e+02		1.8500000e+02		1.8450000e+02		2.5409769e+00		0.0000000e+00		0.0000000e+00		0.0000000e+00		0.0000000e+00		0.0000000e+00
1.8500000e+02		1.8600000e+02		1.8550000e+02		2.8735562e+00		0.0000000e+00		0.0000000e+00		0.0000000e+00		0.0000000e+00		0.0000000e+00
1.8600000e+02		1.8700000e+02		1.8650000e+02		3.2604304e+00		0.0000000e+00		0.0000000e+00		0.0000000e+00		0.0000000e+00		0.0000000e+00
1.8700000e+02		1.8800000e+02		1.8750000e+02		3.6946466e+00		0.0000000e+00		0.0000000e+00		0.0000000e+00		0.0000000e+00		0.0000000e+00
1.8800000e+02		1.8900000e+02		1.8850000e+02		3.8870616e+00		0.0000000e+00		0.0000000e+00		0.0000000e+00		0.0000000e+00		0.0000000e+00
1.8900000e+02		1.9000000e+02		1.8950000e+02		4.3106081e+00		0.0000000e+00		0.0000000e+00		0.0000000e+00		0.0000000e+00		0.0000000e+00
1.9000000e+02		1.9100000e+02		1.9050000e+02		4.4384288e+00		0.0000000e+00		0.0000000e+00		0.0000000e+00		0.0000000e+00		0.0000000e+00
1.9100000e+02		1.9200000e+02		1.9150000e+02		4.8094361e+00		0.0000000e+00		0.0000000e+00		0.0000000e+00		0.0000000e+00		0.0000000e+00
1.9200000e+02		1.9300000e+02		1.9250000e+02		5.0365493e+00		0.0000000e+00		0.0000000e+00		0.0000000e+00		0.0000000e+00		0.0000000e+00
1.9300000e+02		1.9400000e+02		1.9350000e+02		3.8447944e+00		2.4912580e-237		0.0000000e+00		3.8086119e-237		5.3043671e-238		3.2781752e-237
1.9400000e+02		1.9500000e+02		1.9450000e+02		6.1679797e+00		1.4100635e-196		0.0000000e+00		2.1647473e-196		3.6790874e-197		1.7968386e-196
1.9500000e+02		1.9600000e+02		1.9550000e+02		5.9528271e+00		1.6355831e-145		0.0000000e+00		2.5283338e-145		5.5653992e-146		1.9717939e-145
1.9600000e+02		1.9700000e+02		1.9650000e+02		6.5508102e+00		1.0635206e-123		0.0000000e+00		1.6515736e-123		4.1832182e-124		1.2332518e-123
1.9700000e+02		1.9800000e+02		1.9750000e+02		6.5190955e+00		5.8279786e-102		0.0000000e+00		9.1105267e-102		2.7413913e-102		6.3691355e-102
1.9800000e+02		1.9900000e+02		1.9850000e+02		6.3883794e+00		1.3373597e-80		6.4041435e-74		2.1118939e-80		7.8811886e-81		1.3237750e-80
1.9900000e+02		2.0000000e+02		1.9950000e+02		6.7274707e+00		9.7680557e-70		6.4781327e-64		1.5532558e-69		6.5584709e-70		8.9740876e-70
2.0000000e+02		2.0100000e+02		2.0050000e+02		7.1125146e+00		2.2668948e-63		4.7362949e-58		3.6212658e-63		1.6460284e-63		1.9752374e-63
2.0100000e+02		2.0200000e+02		2.0150000e+02		7.5701275e+00		2.6841845e-53		9.0694634e-49		4.3340305e-53		2.2940398e-53		2.0399906e-53
2.0200000e+02		2.0300000e+02		2.0250000e+02		7.4828608e+00		9.4362369e-50		1.6746095e-45		1.5292249e-49		8.4831200e-50		6.8091286e-50
2.0300000e+02		2.0400000e+02		2.0350000e+02		8.0092047e+00		1.2901152e-44		9.1132152e-41		2.1059822e-44		1.2736883e-44		8.3229389e-45
2.0400000e+02		2.0500000e+02		2.0450000e+02		8.6207445e+00		7.3868618e-40		2.2323095e-36		1.2157311e-39		8.0327792e-40		4.1245320e-40
2.0500000e+02		2.0600000e+02		2.0550000e+02		8.6400754e+00		1.2449293e-37		2.5183302e-34		2.0556972e-37		1.4045358e-37		6.5116139e-38
2.0600000e+02		2.0700000e+02		2.0650000e+02		8.6510225e+00		1.8259027e-34		2.0934962e-31		3.0340377e-34		2.2020315e-34		8.3200623e-35
2.0700000e+02		2.0800000e+02		2.0750000e+02		9.3957826e+00		1.6901813e-31		1.1457344e-28		2.8262602e-31		2.1709817e-31		6.5527850e-32
2.0800000e+02		2.0900000e+02		2.0850000e+02		1.0163489e+01		4.5960146e-30		2.4169888e-27		7.7009537e-30		6.0204953e-30		1.6804583e-30
2.0900000e+02		2.1000000e+02		2.0950000e+02		1.3129215e+01		4.0903744e-27		1.2913618e-24		6.8990385e-27		5.6968630e-27		1.2021756e-27
2.1000000e+02		2.1100000e+02		2.1050000e+02		1.6183343e+01		6.3351753e-26		1.6363565e-23		1.0699565e-25		8.9303910e-26		1.7691737e-26
2.1100000e+02		2.1200000e+02		2.1150000e+02		1.8424170e+01		1.3162168e-23		2.2573981e-21		2.2337878e-23		1.9362079e-23		2.9757990e-24
2.1200000e+02		2.1300000e+02		2.1250000e+02		1.6428561e+01		7.0917011e-22		8.7917605e-20		1.2075146e-21		1.0728326e-21		1.3468201e-22
2.1300000e+02		2.1400000e+02		2.1350000e+02		1.6737981e+01		1.1537550e-20		1.1470720e-18		1.9677286e-20		1.7694112e-20		1.9831732e-21
2.1400000e+02		2.1500000e+02		2.1450000e+02		2.1432541e+01		1.2411566e-18		8.6750448e-17		2.1238054e-18		1.9558685e-18		1.6793683e-19
2.1500000e+02		2.1600000e+02		2.1550000e+02		1.8408135e+01		1.0501216e-17		6.1107109e-16		1.7987068e-17		1.6682121e-17		1.3049471e-18
2.1600000e+02		2.1700000e+02		2.1650000e+02		1.7036901e+01		5.0682575e-16		2.1502665e-14		8.7020300e-16		8.2071089e-16		4.9492102e-17
2.1700000e+02		2.1800000e+02		2.1750000e+02		1.7640866e+01		7.3841507e-15		2.5343644e-13		1.2692785e-14		1.2065220e-14		6.2756537e-16
2.1800000e+02		2.1900000e+02		2.1850000e+02		2.3730294e+01		1.7149553e-13		4.6845419e-12		2.9514052e-13		2.8285026e-13		1.2290262e-14
2.1900000e+02		2.2000000e+02		2.1950000e+02		2.5052511e+01		2.8852731e-12		6.3136660e-11		4.9706510e-12		4.7972256e-12		1.7342538e-13
2.2000000e+02		2.2100000e+02		2.2050000e+02		2.5203754e+01		1.8152473e-11		3.4291993e-10		3.1286233e-11		3.0284268e-11		1.0019655e-12
2.2100000e+02		2.2200000e+02		2.2150000e+02		2.0176768e+01		2.1354073e-10		3.2549348e-09		3.6835900e-10		3.5861981e-10		9.7391868e-12
2.2200000e+02		2.2300000e+02		2.2250000e+02		2.7154039e+01		1.7944242e-09		2.3633771e-08		3.0966202e-09		3.0227302e-09		7.3890007e-11
2.2300000e+02		2.2400000e+02		2.2350000e+02		3.5163062e+01		2.1576255e-08		2.3811512e-07		3.7254379e-08		3.6498295e-08		7.5608306e-10
2.2400000e+02		2.2500000e+02		2.2450000e+02		3.2875934e+01		8.7491991e-08		8.5961559e-07		1.5110074e-07		1.4825332e-07		2.8474139e-09
2.2500000e+02		2.2600000e+02		2.2550000e+02		2.8720078e+01		4.4310635e-07		3.7916009e-06		7.6551027e-07		7.5274094e-07		1.2769327e-08
2.2600000e+02		2.2700000e+02		2.2650000e+02		2.1037217e+01		1.4026604e-06		1.0704342e-05		2.4237786e-06		2.3868753e-06		3.6903302e-08
2.2700000e+02		2.2800000e+02		2.2750000e+02		2.0463841e+01		5.7658901e-06		3.9349889e-05		9.9655679e-06		9.8280205e-06		1.3754743e-07
2.2800000e+02		2.2900000e+02		2.2850000e+02		2.8509984e+01		3.2130205e-05		1.9715418e-04		5.5544127e-05		5.4851288e-05		6.9283835e-07
2.2900000e+02		2.3000000e+02		2.2950000e+02		2.5620938e+01		9.7799381e-05		5.4706556e-04		1.6909454e-04		1.6715912e-04		1.9354125e-06
2.3000000e+02		2.3100000e+02		2.3050000e+02		2.9055844e+01		3.3040698e-04		1.7031363e-03		5.7134473e-04		5.6527909e-04		6.0656422e-06
2.3100000e+02		2.3200000e+02		2.3150000e+02		2.7387429e+01		8.8286965e-04		4.2146359e-03		1.5268588e-03		1.5118639e-03		1.4994916e-05
2.3200000e+02		2.3300000e+02		2.3250000e+02		2.9413108e+01		2.3385663e-03		1.0456439e-02		4.0447522e-03		4.0074410e-03		3.7311181e-05
2.3300000e+02		2.3400000e+02		2.3350000e+02		2.6543685e+01		4.8125276e-03		2.0291880e-02		8.3243452e-03		8.2518578e-03		7.2487413e-05
2.3400000e+02		2.3500000e+02		2.3450000e+02		2.3194371e+01		8.8195690e-03		3.5312976e-02		1.5256426e-02		1.5130087e-02		1.2633888e-04
2.3500000e+02		2.3600000e+02		2.3550000e+02		3.1223226e+01		2.3293050e-02		8.9062590e-02		4.0295489e-02		3.9976604e-02		3.1888442e-04
2.3600000e+02		2.3700000e+02		2.3650000e+02		2.8911473e+01		4.0531118e-02		1.4858194e-01		7.0120051e-02		6.9589808e-02		5.3024292e-04
2.3700000e+02		2.3800000e+02		2.3750000e+02		3.0878004e+01		7.6460351e-02		2.7008239e-01		1.3228472e-01		1.3132337e-01		9.6134226e-04
2.3800000e+02		2.3900000e+02		2.3850000e+02		2.5598090e+01		1.0586123e-01		3.6190921e-01		1.8315832e-01		1.8187194e-01		1.2863822e-03
2.3900000e+02		2.4000000e+02		2.3950000e+02		2.7890834e+01		1.8255899e-01		6.0649976e-01		3.1586809e-01		3.1370996e-01		2.1581308e-03
2.4000000e+02		2.4100000e+02		2.4050000e+02		2.5623038e+01		2.5465551e-01		8.2474836e-01		4.4062198e-01		4.3768091e-01		2.9410738e-03
2.4100000e+02		2.4200000e+02		2.4150000e+02		3.0005079e+01		4.3254464e-01		1.3700274e+00		7.4843003e-01		7.4351468e-01		4.9153524e-03
2.4200000e+02		2.4300000e+02		2.4250000e+02		4.1301739e+01		8.3630049e-01		2.5965562e+00		1.4470651e+00		1.4376792e+00		9.3859002e-03
2.4300000e+02		2.4400000e+02		2.4350000e+02		3.8791639e+01		1.0564168e+00		3.2238772e+00		1.8279417e+00		1.8161217e+00		1.1820045e-02
2.4400000e+02		2.4500000e+02		2.4450000e+02		3.6329084e+01		1.2693525e+00		3.8175398e+00		2.1963677e+00		2.1820259e+00		1.4341779e-02
2.4500000e+02		2.4600000e+02		2.4550000e+02		2.9476122e+01		1.2814741e+00		3.8046817e+00		2.2173023e+00		2.2025687e+00		1.4733601e-02
2.4600000e+02		2.4700000e+02		2.4650000e+02		2.8685918e+01		1.5522977e+00		4.5512216e+00		2.6858670e+00		2.6677961e+00		1.8070968e-02
2.4700000e+02		2.4800000e+02		2.4750000e+02		3.1678139e+01		2.0635965e+00		5.9848133e+00		3.5704573e+00		3.5458790e+00		2.4578354e-02
2.4800000e+02		2.4900000e+02		2.4850000e+02		2.5406301e+01		1.9462867e+00		5.5899691e+00		3.3673785e+00		3.3434971e+00		2.3881392e-02
2.4900000e+02		2.5000000e+02		2.4950000e+02		3.0967514e+01		2.7111637e+00		7.7212724e+00		4.6905250e+00		4.6559015e+00		3.4623562e-02
2.5000000e+02		2.5100000e+02		2.5050000e+02		3.3448743e+01		3.1927517e+00		9.0332143e+00		5.5233200e+00		5.4800223e+00		4.3297697e-02
2.5100000e+02		2.5200000e+02		2.5150000e+02		2.7888154e+01		2.8700532e+00		8.0708365e+00		4.9646735e+00		4.9232121e+00		4.1461317e-02
2.5200000e+02		2.5300000e+02		2.5250000e+02		2.5069906e+01		2.8483907e+00		7.9549397e+00		4.9268804e+00		4.8836553e+00		4.3225146e-02
2.5300000e+02		2.5400000e+02		2.5350000e+02		3.1592540e+01		3.7740294e+00		1.0486658e+01		6.5273101e+00		6.4658054e+00		6.1504747e-02
2.5400000e+02		2.5500000e+02		2.5450000e+02		3.5730773e+01		4.3710196e+00		1.2095736e+01		7.5588798e+00		7.4815295e+00		7.7350321e-02
2.5500000e+02		2.5600000e+02		2.5550000e+02		4.8755658e+01		6.0124362e+00		1.6579703e+01		1.0395897e+01		1.0279707e+01		1.1619052e-01
2.5600000e+02		2.5700000e+02		2.5650000e+02		6.2803876e+01		8.5358502e+00		2.3382697e+01		1.4757948e+01		1.4585888e+01		1.7206023e-01
2.5700000e+02		2.5800000e+02		2.5750000e+02		7.8843355e+01		1.0409132e+01		2.8453331e+01		1.7993237e+01		1.7760780e+01		2.3245721e-01
2.5800000e+02		2.5900000e+02		2.5850000e+02		8.2991293e+01		1.1458210e+01		3.1173874e+01		1.9804047e+01		1.9531149e+01		2.7289809e-01
2.5900000e+02		2.6000000e+02		2.5950000e+02		7.0629481e+01		8.9223564e+00		2.4277458e+01		1.5416731e+01		1.5175622e+01		2.4110878e-01
2.6000000e+02		2.6100000e+02		2.6050000e+02		5.7868388e+01		6.9059038e+00		1.8773579e+01		1.1929273e+01		1.1721440e+01		2.0783288e-01
2.6100000e+02		2.6200000e+02		2.6150000e+02		5.9092703e+01		6.9122928e+00		1.8749309e+01		1.1937344e+01		1.1710121e+01		2.2722237e-01
2.6200000e+02		2.6300000e+02		2.6250000e+02		7.0528613e+01		8.5013024e+00		2.2965664e+01		1.4678662e+01		1.4380696e+01		2.9796529e-01
2.6300000e+02		2.6400000e+02		2.6350000e+02		1.0614195e+02		1.3111012e+01		3.5282870e+01		2.2633192e+01		2.2142813e+01		4.9037885e-01
2.6400000e+02		2.6500000e+02		2.6450000e+02		1.6548208e+02		1.9812103e+01		5.3226433e+01		3.4190640e+01		3.3381871e+01		8.0876882e-01
2.6500000e+02		2.6600000e+02		2.6550000e+02		1.7356948e+02		2.0748852e+01		5.5588398e+01		3.5797361e+01		3.4886456e+01		9.1090492e-01
2.6600000e+02		2.6700000e+02		2.6650000e+02		1.6826276e+02		1.9691570e+01		5.2651746e+01		3.3962260e+01		3.3026530e+01		9.3573043e-01
2.6700000e+02		2.6800000e+02		2.6750000e+02		1.6940220e+02		2.0061694e+01		5.3468149e+01		3.4590925e+01		3.3574871e+01		1.0160535e+00
2.6800000e+02		2.6900000e+02		2.6850000e+02		1.6778062e+02		1.9599192e+01		5.2120826e+01		3.3781930e+01		3.2714613e+01		1.0673164e+00
2.6900000e+02		2.7000000e+02		2.6950000e+02		1.5737310e+02		1.8760802e+01		4.9716221e+01		3.2327539e+01		3.1245617e+01		1.0819227e+00
2.7000000e+02		2.7100000e+02		2.7050000e+02		1.8181465e+02		2.0634979e+01		5.4644010e+01		3.5541092e+01		3.4248004e+01		1.2930877e+00
2.7100000e+02		2.7200000e+02		2.7150000e+02		1.5108640e+02		1.6633264e+01		4.3985281e+01		2.8636341e+01		2.7514321e+01		1.1220206e+00
2.7200000e+02		2.7300000e+02		2.7250000e+02		1.2154404e+02		1.3141085e+01		3.4685830e+01		2.2614578e+01		2.1666496e+01		9.4808221e-01
2.7300000e+02		2.7400000e+02		2.7350000e+02		1.2960124e+02		1.3158962e+01		3.4734873e+01		2.2632884e+01		2.1602852e+01		1.0300321e+00
2.7400000e+02		2.7500000e+02		2.7450000e+02		8.9183780e+01		1.0193221e+01		2.6705696e+01		1.7530055e+01		1.6720042e+01		8.1001296e-01
2.7500000e+02		2.7600000e+02		2.7550000e+02		1.1893609e+02		1.2338360e+01		3.2375041e+01		2.1204831e+01		2.0131237e+01		1.0735933e+00
2.7600000e+02		2.7700000e+02		2.7650000e+02		1.6564211e+02		1.7930327e+01		4.6846342e+01		3.0805371e+01		2.9181307e+01		1.6240648e+00
2.7700000e+02		2.7800000e+02		2.7750000e+02		1.5837296e+02		1.6558553e+01		4.3219043e+01		2.8432911e+01		2.6831646e+01		1.6012646e+00
2.7800000e+02		2.7900000e+02		2.7850000e+02		1.0921797e+02		1.1679744e+01		3.0381184e+01		2.0047455e+01		1.8866271e+01		1.1811843e+00
2.7900000e+02		2.8000000e+02		2.7950000e+02		6.1368404e+01		6.2693931e+00		1.6300402e+01		1.0754280e+01		1.0076943e+01		6.7733764e-01
2.8000000e+02		2.8100000e+02		2.8050000e+02		6.7313201e+01		6.9257449e+00		1.7958288e+01		1.1874540e+01		1.1089896e+01		7.8464402e-01
2.8100000e+02		2.8200000e+02		2.8150000e+02		1.3943196e+02		1.3044262e+01		3.3885066e+01		2.2346536e+01		2.0748875e+01		1.5976610e+00
2.8200000e+02		2.8300000e+02		2.8250000e+02		1.8983287e+02		2.1547000e+01		5.5371746e+01		3.6917975e+01		3.4312100e+01		2.6058748e+00
2.8300000e+02		2.8400000e+02		2.8350000e+02		1.9610227e+02		1.9847714e+01		5.1139822e+01		3.3974678e+01		3.1368499e+01		2.6061796e+00
2.8400000e+02		2.8500000e+02		2.8450000e+02		1.4459284e+02		1.5487790e+01		3.9714969e+01		2.6502490e+01		2.4410473e+01		2.0920166e+00
2.8500000e+02		2.8600000e+02		2.8550000e+02		9.2944992e+01		9.3684543e+00		2.4032722e+01		1.6018571e+01		1.4671578e+01		1.3469931e+00
2.8600000e+02		2.8700000e+02		2.8650000e+02		1.9045522e+02		2.0783739e+01		5.3009085e+01		3.5527527e+01		3.2478585e+01		3.0489422e+00
2.8700000e+02		2.8800000e+02		2.8750000e+02		2.2108403e+02		2.3489667e+01		5.9846224e+01		4.0125532e+01		3.6501712e+01		3.6238206e+00
2.8800000e+02		2.8900000e+02		2.8850000e+02		2.1010240e+02		2.3159384e+01		5.8777606e+01		3.9543941e+01		3.5858468e+01		3.6854734e+00
2.8900000e+02		2.9000000e+02		2.8950000e+02		3.1885068e+02		3.8290421e+01		9.6601916e+01		6.5364414e+01		5.9171927e+01		6.1924868e+00
2.9000000e+02		2.9100000e+02		2.9050000e+02		4.1860542e+02		4.5858612e+01		1.1590696e+02		7.8205481e+01		7.0281740e+01		7.9237407e+00
2.9100000e+02		2.9200000e+02		2.9150000e+02		4.0318642e+02		5.2792120e+01		1.3211018e+02		9.0045713e+01		8.1028177e+01		9.0175357e+00
2.9200000e+02		2.9300000e+02		2.9250000e+02		3.5818014e+02		3.9931054e+01		1.0041089e+02		6.8017002e+01		6.0600511e+01		7.4164920e+00
2.9300000e+02		2.9400000e+02		2.9350000e+02		3.7393440e+02		5.0481521e+01		1.2561632e+02		8.6010696e+01		7.6779900e+01		9.2307955e+00
2.9400000e+02		2.9500000e+02		2.9450000e+02		3.4819581e+02		4.3737383e+01		1.0893940e+02		7.4447042e+01		6.5977150e+01		8.4698920e+00
2.9500000e+02		2.9600000e+02		2.9550000e+02		3.7701055e+02		5.8493000e+01		1.4408514e+02		9.9603720e+01		8.8539121e+01		1.1064599e+01
2.9600000e+02		2.9700000e+02		2.9650000e+02		3.4493460e+02		4.4853886e+01		1.1108273e+02		7.6261301e+01		6.7017269e+01		9.2440315e+00
2.9700000e+02		2.9800000e+02		2.9750000e+02		3.5165811e+02		5.5608176e+01		1.3629246e+02		9.4579876e+01		8.3339305e+01		1.1240572e+01
2.9800000e+02		2.9900000e+02		2.9850000e+02		3.0223333e+02		4.0294034e+01		9.9269129e+01		6.8426294e+01		5.9589387e+01		8.8369069e+00
2.9900000e+02		3.0000000e+02		2.9950000e+02		3.4101318e+02		5.8092666e+01		1.4135614e+02		9.8716834e+01		8.6399632e+01		1.2317202e+01
3.0000000e+02		3.0100000e+02		3.0050000e+02		2.7131061e+02		4.0666246e+01		9.9276340e+01		6.9008897e+01		5.9770049e+01		9.2388476e+00
3.0100000e+02		3.0200000e+02		3.0150000e+02		3.1202593e+02		6.5023793e+01		1.5631496e+02		1.1047888e+02		9.6588386e+01		1.3890489e+01
3.0200000e+02		3.0300000e+02		3.0250000e+02		3.2846528e+02		5.3462081e+01		1.2953740e+02		9.0641894e+01		7.7971660e+01		1.2670234e+01
3.0300000e+02		3.0400000e+02		3.0350000e+02		4.2601061e+02		9.6522137e+01		2.3035176e+02		1.6386572e+02		1.4240160e+02		2.1464123e+01
3.0400000e+02		3.0500000e+02		3.0450000e+02		4.0776836e+02		7.2959688e+01		1.7538814e+02		1.2359896e+02		1.0566044e+02		1.7938515e+01
3.0500000e+02		3.0600000e+02		3.0550000e+02		4.1174793e+02		1.0187128e+02		2.4134417e+02		1.7281674e+02		1.4931998e+02		2.3496758e+01
3.0600000e+02		3.0700000e+02		3.0650000e+02		3.9053943e+02		7.5488153e+01		1.8018757e+02		1.2776711e+02		1.0846083e+02		1.9306284e+01
3.0700000e+02		3.0800000e+02		3.0750000e+02		4.3847484e+02		1.0887863e+02		2.5688542e+02		1.8446147e+02		1.5777731e+02		2.6684163e+01
3.0800000e+02		3.0900000e+02		3.0850000e+02		4.3035211e+02		9.4952865e+01		2.2459276e+02		1.6062875e+02		1.3580528e+02		2.4823472e+01
3.0900000e+02		3.1000000e+02		3.0950000e+02		3.4901328e+02		9.0302951e+01		2.1190466e+02		1.5282631e+02		1.2963065e+02		2.3195656e+01
3.1000000e+02		3.1100000e+02		3.1050000e+02		4.3927411e+02		1.0820184e+02		2.5387872e+02		1.8292724e+02		1.5389954e+02		2.9027692e+01
3.1100000e+02		3.1200000e+02		3.1150000e+02		5.2246540e+02		1.4098609e+02		3.2905980e+02		2.3834518e+02		2.0047396e+02		3.7871221e+01
3.1200000e+02		3.1300000e+02		3.1250000e+02		4.6521908e+02		1.2807459e+02		2.9813972e+02		2.1639948e+02		1.8123223e+02		3.5167252e+01
3.1300000e+02		3.1400000e+02		3.1350000e+02		4.9544367e+02		1.3727350e+02		3.1887676e+02		2.3179154e+02		1.9312245e+02		3.8669090e+01
3.1400000e+02		3.1500000e+02		3.1450000e+02		4.6729179e+02		1.3843923e+02		3.2021456e+02		2.3371761e+02		1.9444624e+02		3.9271369e+01
3.1500000e+02		3.1600000e+02		3.1550000e+02		4.5343123e+02		1.3094719e+02		3.0259727e+02		2.2086932e+02		1.8242862e+02		3.8440701e+01
3.1600000e+02		3.1700000e+02		3.1650000e+02		4.4229406e+02		1.3293135e+02		3.0618132e+02		2.2412908e+02		1.8454317e+02		3.9585914e+01
3.1700000e+02		3.1800000e+02		3.1750000e+02		5.6102832e+02		1.7049786e+02		3.9183720e+02		2.8729024e+02		2.3536550e+02		5.1924736e+01
3.1800000e+02		3.1900000e+02		3.1850000e+02		4.6340678e+02		1.4413227e+02		3.3037401e+02		2.4273774e+02		1.9802506e+02		4.4712679e+01
3.1900000e+02		3.2000000e+02		3.1950000e+02		4.9774832e+02		1.5713805e+02		3.5935024e+02		2.6448534e+02		2.1472920e+02		4.9756142e+01
3.2000000e+02		3.2100000e+02		3.2050000e+02		5.7184857e+02		1.8578545e+02		4.2368125e+02		3.1255585e+02		2.5277660e+02		5.9779257e+01
3.2100000e+02		3.2200000e+02		3.2150000e+02		4.8024660e+02		1.5307324e+02		3.4869727e+02		2.5729452e+02		2.0656486e+02		5.0729660e+01
3.2200000e+02		3.2300000e+02		3.2250000e+02		4.8228681e+02		1.6105153e+02		3.6563614e+02		2.7062048e+02		2.1670031e+02		5.3920173e+01
3.2300000e+02		3.2400000e+02		3.2350000e+02		4.6607071e+02		1.5727802e+02		3.5631973e+02		2.6411363e+02		2.1038157e+02		5.3732064e+01
3.2400000e+02		3.2500000e+02		3.2450000e+02		5.4882129e+02		1.8635905e+02		4.2138652e+02		3.1273961e+02		2.4771829e+02		6.5021327e+01
3.2500000e+02		3.2600000e+02		3.2550000e+02		6.3196128e+02		2.0384059e+02		4.6095698e+02		3.4166686e+02		2.6789506e+02		7.3771801e+01
3.2600000e+02		3.2700000e+02		3.2650000e+02		7.1301257e+02		2.4864183e+02		5.5979593e+02		4.1675552e+02		3.2673848e+02		9.0017034e+01
3.2700000e+02		3.2800000e+02		3.2750000e+02		6.8984049e+02		2.4110725e+02		5.4188036e+02		4.0384020e+02		3.1469677e+02		8.9143426e+01
3.2800000e+02		3.2900000e+02		3.2850000e+02		6.6596082e+02		2.3366021e+02		5.2420188e+02		3.9109472e+02		3.0294294e+02		8.8151779e+01
3.2900000e+02		3.3000000e+02		3.2950000e+02		7.7527139e+02		2.7041991e+02		6.0579539e+02		4.5226454e+02		3.4792927e+02		1.0433527e+02
3.3000000e+02		3.3100000e+02		3.3050000e+02		7.3029799e+02		2.4940723e+02		5.5822507e+02		4.1672997e+02		3.1796504e+02		9.8764927e+01
3.3100000e+02		3.3200000e+02		3.3150000e+02		6.9881652e+02		2.5596517e+02		5.7059468e+02		4.2766477e+02		3.2615570e+02		1.0150907e+02
3.3200000e+02		3.3300000e+02		3.3250000e+02		6.8562051e+02		2.5109005e+02		5.5883382e+02		4.1921038e+02		3.1763375e+02		1.0157663e+02
3.3300000e+02		3.3400000e+02		3.3350000e+02		6.5878216e+02		2.4154531e+02		5.3671652e+02		4.0298271e+02		3.0337616e+02		9.9606550e+01
3.3400000e+02		3.3500000e+02		3.3450000e+02		6.9405546e+02		2.5412502e+02		5.6380905e+02		4.2365170e+02		3.1679628e+02		1.0685541e+02
3.3500000e+02		3.3600000e+02		3.3550000e+02		6.8541663e+02		2.5261412e+02		5.5945888e+02		4.2085030e+02		3.1280081e+02		1.0804949e+02
3.3600000e+02		3.3700000e+02		3.3650000e+02		5.6469084e+02		2.0910497e+02		4.6231156e+02		3.4812472e+02		2.5713043e+02		9.0994291e+01
3.3700000e+02		3.3800000e+02		3.3750000e+02		5.9573781e+02		2.2278707e+02		4.9164272e+02		3.7066723e+02		2.7219199e+02		9.8475239e+01
3.3800000e+02		3.3900000e+02		3.3850000e+02		6.4448401e+02		2.4424247e+02		5.3792911e+02		4.0612088e+02		2.9658699e+02		1.0953390e+02
3.3900000e+02		3.4000000e+02		3.3950000e+02		6.7448220e+02		2.5534048e+02		5.6155021e+02		4.2425697e+02		3.0769105e+02		1.1656591e+02
3.4000000e+02		3.4100000e+02		3.4050000e+02		7.1196374e+02		2.6779227e+02		5.8819344e+02		4.4458814e+02		3.2002083e+02		1.2456732e+02
3.4100000e+02		3.4200000e+02		3.4150000e+02		6.4984945e+02		2.3227979e+02		5.1036027e+02		3.8514110e+02		2.7392535e+02		1.1121575e+02
3.4200000e+02		3.4300000e+02		3.4250000e+02		7.0477558e+02		2.6685561e+02		5.8429148e+02		4.4241262e+02		3.1426419e+02		1.2814843e+02
3.4300000e+02		3.4400000e+02		3.4350000e+02		6.9264465e+02		2.5634765e+02		5.6092664e+02		4.2457683e+02		2.9878822e+02		1.2578861e+02
3.4400000e+02		3.4500000e+02		3.4450000e+02		5.5710877e+02		2.1309386e+02		4.6507906e+02		3.5280261e+02		2.4736474e+02		1.0543787e+02
3.4500000e+02		3.4600000e+02		3.4550000e+02		6.7138909e+02		2.5501969e+02		5.5593418e+02		4.2187521e+02		2.9348724e+02		1.2838797e+02
3.4600000e+02		3.4700000e+02		3.4650000e+02		6.5194093e+02		2.4725318e+02		5.3828110e+02		4.0872160e+02		2.8226524e+02		1.2645637e+02
3.4700000e+02		3.4800000e+02		3.4750000e+02		6.4525828e+02		2.4224915e+02		5.2684917e+02		4.0011398e+02		2.7404355e+02		1.2607043e+02
3.4800000e+02		3.4900000e+02		3.4850000e+02		6.6761091e+02		2.6791086e+02		5.8050280e+02		4.4249862e+02		3.0307435e+02		1.3942426e+02
3.4900000e+02		3.5000000e+02		3.4950000e+02		6.3989005e+02		2.5851796e+02		5.5925961e+02		4.2670730e+02		2.9037539e+02		1.3633191e+02
3.5000000e+02		3.5100000e+02		3.5050000e+02		7.6650484e+02		3.0611970e+02		6.6161302e+02		5.0484838e+02		3.4063004e+02		1.6421835e+02
3.5100000e+02		3.5200000e+02		3.5150000e+02		7.1211510e+02		2.8672577e+02		6.1869703e+02		4.7256632e+02		3.1682357e+02		1.5574275e+02
3.5200000e+02		3.5300000e+02		3.5250000e+02		6.5785102e+02		2.6542152e+02		5.7193164e+02		4.3714951e+02		2.9100897e+02		1.4614053e+02
3.5300000e+02		3.5400000e+02		3.5350000e+02		7.5263834e+02		3.1071816e+02		6.6812915e+02		5.1151894e+02		3.3892215e+02		1.7259680e+02
3.5400000e+02		3.5500000e+02		3.5450000e+02		8.0329241e+02		3.3136319e+02		7.1162100e+02		5.4511149e+02		3.5849435e+02		1.8661714e+02
3.5500000e+02		3.5600000e+02		3.5550000e+02		7.5433512e+02		3.1240608e+02		6.6995897e+02		5.1358358e+02		3.3542631e+02		1.7815727e+02
3.5600000e+02		3.5700000e+02		3.5650000e+02		6.5576441e+02		2.7072386e+02		5.7990063e+02		4.4472817e+02		2.8819550e+02		1.5653267e+02
3.5700000e+02		3.5800000e+02		3.5750000e+02		5.7307986e+02		2.3552783e+02		5.0395767e+02		3.8661741e+02		2.4853876e+02		1.3807865e+02
3.5800000e+02		3.5900000e+02		3.5850000e+02		4.9194729e+02		2.0496819e+02		4.3781524e+02		3.3626968e+02		2.1491367e+02		1.2135601e+02
3.5900000e+02		3.6000000e+02		3.5950000e+02		7.1030971e+02		2.9373666e+02		6.2682264e+02		4.8152400e+02		3.0515868e+02		1.7636532e+02
3.6000000e+02		3.6100000e+02		3.6050000e+02		7.0092701e+02		2.9283415e+02		6.2391312e+02		4.7976561e+02		3.0213657e+02		1.7762903e+02
3.6100000e+02		3.6200000e+02		3.6150000e+02		6.5110481e+02		2.6306515e+02		5.6048419e+02		4.3053073e+02		2.6796340e+02		1.6256733e+02
3.6200000e+02		3.6300000e+02		3.6250000e+02		7.3500056e+02		2.8621175e+02		6.0989731e+02		4.6789656e+02		2.8768637e+02		1.8021020e+02
3.6300000e+02		3.6400000e+02		3.6350000e+02		7.1558904e+02		2.8570944e+02		6.0755891e+02		4.6688366e+02		2.8574846e+02		1.8113520e+02
3.6400000e+02		3.6500000e+02		3.6450000e+02		7.4837927e+02		2.6740399e+02		5.7034436e+02		4.3614698e+02		2.6128684e+02		1.7486014e+02
3.6500000e+02		3.6600000e+02		3.6550000e+02		8.5179486e+02		3.1948765e+02		6.7940344e+02		5.2101229e+02		3.1154154e+02		2.0947075e+02
3.6600000e+02		3.6700000e+02		3.6650000e+02		9.1042532e+02		3.0628349e+02		6.5333882e+02		4.9857518e+02		2.9190864e+02		2.0666654e+02
3.6700000e+02		3.6800000e+02		3.6750000e+02		8.7909512e+02		2.9972617e+02		6.3830936e+02		4.8764030e+02		2.8371046e+02		2.0392984e+02
3.6800000e+02		3.6900000e+02		3.6850000e+02		8.1047729e+02		2.1951268e+02		4.7144165e+02		3.5611432e+02		2.0014169e+02		1.5597263e+02
3.6900000e+02		3.7000000e+02		3.6950000e+02		8.9967825e+02		2.6716271e+02		5.7093729e+02		4.3349862e+02		2.4419888e+02		1.8929974e+02
3.7000000e+02		3.7100000e+02		3.7050000e+02		8.4427990e+02		3.8143524e+02		8.0118296e+02		6.2125405e+02		3.6611289e+02		2.5514115e+02
3.7100000e+02		3.7200000e+02		3.7150000e+02		8.7164560e+02		3.9595469e+02		8.3061651e+02		6.4451732e+02		3.7717199e+02		2.6734533e+02
3.7200000e+02		3.7300000e+02		3.7250000e+02		7.2411383e+02		3.3015196e+02		6.9174331e+02		5.3707649e+02		3.1202370e+02		2.2505279e+02
3.7300000e+02		3.7400000e+02		3.7350000e+02		6.3155746e+02		2.8899159e+02		6.0478135e+02		4.6983115e+02		2.7097476e+02		1.9885639e+02
3.7400000e+02		3.7500000e+02		3.7450000e+02		6.4642322e+02		2.9684103e+02		6.2047606e+02		4.8229874e+02		2.7613958e+02		2.0615915e+02
3.7500000e+02		3.7600000e+02		3.7550000e+02		7.4036161e+02		3.4114699e+02		7.1225711e+02		5.5394983e+02		3.1484489e+02		2.3910494e+02
3.7600000e+02		3.7700000e+02		3.7650000e+02		7.6758018e+02		3.5496457e+02		7.4024671e+02		5.7604062e+02		3.2501113e+02		2.5102949e+02
3.7700000e+02		3.7800000e+02		3.7750000e+02		9.0048278e+02		4.1788133e+02		8.7045627e+02		6.7773728e+02		3.7958895e+02		2.9814833e+02
3.7800000e+02		3.7900000e+02		3.7850000e+02		9.3786543e+02		4.3670828e+02		9.0864454e+02		7.0785013e+02		3.9354052e+02		3.1430960e+02
3.7900000e+02		3.8000000e+02		3.7950000e+02		7.6051322e+02		3.5534048e+02		7.3851600e+02		5.7562266e+02		3.1767232e+02		2.5795034e+02
3.8000000e+02		3.8100000e+02		3.8050000e+02		8.2814537e+02		3.8824498e+02		8.0600753e+02		6.2855568e+02		3.4432646e+02		2.8422923e+02
3.8100000e+02		3.8200000e+02		3.8150000e+02		7.4366886e+02		3.4979739e+02		7.2539258e+02		5.6597937e+02		3.0775466e+02		2.5822471e+02
3.8200000e+02		3.8300000e+02		3.8250000e+02		5.3336093e+02		2.5169179e+02		5.2137985e+02		4.0700581e+02		2.1967163e+02		1.8733418e+02
3.8300000e+02		3.8400000e+02		3.8350000e+02		4.7073026e+02		2.2283575e+02		4.6111018e+02		3.6013483e+02		1.9292876e+02		1.6720607e+02
3.8400000e+02		3.8500000e+02		3.8450000e+02		6.2969557e+02		2.9906000e+02		6.1818055e+02		4.8304725e+02		2.5685258e+02		2.2619467e+02
3.8500000e+02		3.8600000e+02		3.8550000e+02		6.6694888e+02		3.1777753e+02		6.5617857e+02		5.1298786e+02		2.7074386e+02		2.4224400e+02
3.8600000e+02		3.8700000e+02		3.8650000e+02		6.6977732e+02		3.2013093e+02		6.6034954e+02		5.1649421e+02		2.7056110e+02		2.4593312e+02
3.8700000e+02		3.8800000e+02		3.8750000e+02		6.6902499e+02		3.2076344e+02		6.6097257e+02		5.1722333e+02		2.6891806e+02		2.4830527e+02
3.8800000e+02		3.8900000e+02		3.8850000e+02		6.7841027e+02		3.2624948e+02		6.7159269e+02		5.2577495e+02		2.7131639e+02		2.5445856e+02
3.8900000e+02		3.9000000e+02		3.8950000e+02		8.1451188e+02		3.9286985e+02		8.0791794e+02		6.3278631e+02		3.2408685e+02		3.0869947e+02
3.9000000e+02		3.9100000e+02		3.9050000e+02		8.5560997e+02		4.1396259e+02		8.5044197e+02		6.6639239e+02		3.3873990e+02		3.2765249e+02
3.9100000e+02		3.9200000e+02		3.9150000e+02		9.2006232e+02		4.4648268e+02		9.1634370e+02		7.1834898e+02		3.6240681e+02		3.5594217e+02
3.9200000e+02		3.9300000e+02		3.9250000e+02		7.0614281e+02		3.4368277e+02		7.0467132e+02		5.5265237e+02		2.7671414e+02		2.7593823e+02
3.9300000e+02		3.9400000e+02		3.9350000e+02		4.3291589e+02		2.1131547e+02		4.3285223e+02		3.3961789e+02		1.6876554e+02		1.7085236e+02
3.9400000e+02		3.9500000e+02		3.9450000e+02		7.1565803e+02		3.5033334e+02		7.1692510e+02		5.6273941e+02		2.7753015e+02		2.8520925e+02
3.9500000e+02		3.9600000e+02		3.9550000e+02		8.7888136e+02		4.3145962e+02		8.8210607e+02		6.9268250e+02		3.3903351e+02		3.5364899e+02
3.9600000e+02		3.9700000e+02		3.9650000e+02		6.0712893e+02		2.9888937e+02		6.1049736e+02		4.7959464e+02		2.3296159e+02		2.4663305e+02
3.9700000e+02		3.9800000e+02		3.9750000e+02		6.8053003e+02		3.3595713e+02		6.8557360e+02		5.3878950e+02		2.5973302e+02		2.7905648e+02
3.9800000e+02		3.9900000e+02		3.9850000e+02		1.0480559e+03		5.1882232e+02		1.0577666e+03		8.3162392e+02		3.9785991e+02		4.3376401e+02
3.9900000e+02		4.0000000e+02		3.9950000e+02		1.1577145e+03		5.7467022e+02		1.1705638e+03		9.2066507e+02		4.3711573e+02		4.8354934e+02
4.0000000e+02		4.0100000e+02		4.0050000e+02		1.1939713e+03		5.9426665e+02		1.2093921e+03		9.5156969e+02		4.4835679e+02		5.0321291e+02
4.0100000e+02		4.0200000e+02		4.0150000e+02		1.2509583e+03		6.2429246e+02		1.2693672e+03		9.9913739e+02		4.6719022e+02		5.3194718e+02
4.0200000e+02		4.0300000e+02		4.0250000e+02		1.2664199e+03		6.3367773e+02		1.2873157e+03		1.0136431e+03		4.7036620e+02		5.4327687e+02
4.0300000e+02		4.0400000e+02		4.0350000e+02		1.2115903e+03		6.0782692e+02		1.2337240e+03		9.7180168e+02		4.4751598e+02		5.2428571e+02
4.0400000e+02		4.0500000e+02		4.0450000e+02		1.1914959e+03		5.9929096e+02		1.2153495e+03		9.5767501e+02		4.3764934e+02		5.2002567e+02
4.0500000e+02		4.0600000e+02		4.0550000e+02		1.1904731e+03		6.0030766e+02		1.2163727e+03		9.5882341e+02		4.3483205e+02		5.2399137e+02
4.0600000e+02		4.0700000e+02		4.0650000e+02		1.1388815e+03		5.7574446e+02		1.1656167e+03		9.1913738e+02		4.1365262e+02		5.0548476e+02
4.0700000e+02		4.0800000e+02		4.0750000e+02		1.1575323e+03		5.8663779e+02		1.1866784e+03		9.3606978e+02		4.1805548e+02		5.1801430e+02
4.0800000e+02		4.0900000e+02		4.0850000e+02		1.2307397e+03		6.2528364e+02		1.2638074e+03		9.9725074e+02		4.4197566e+02		5.5527508e+02
4.0900000e+02		4.1000000e+02		4.0950000e+02		1.2243097e+03		6.2354042e+02		1.2592530e+03		9.9399139e+02		4.3716258e+02		5.5682881e+02
4.1000000e+02		4.1100000e+02		4.1050000e+02		1.1216634e+03		5.7264712e+02		1.1555367e+03		9.1242547e+02		3.9821936e+02		5.1420611e+02
4.1100000e+02		4.1200000e+02		4.1150000e+02		1.3003372e+03		6.6545793e+02		1.3417425e+03		1.0598022e+03		4.5900007e+02		6.0080211e+02
4.1200000e+02		4.1300000e+02		4.1250000e+02		1.2760342e+03		6.5456988e+02		1.3187430e+03		1.0419711e+03		4.4782165e+02		5.9414949e+02
4.1300000e+02		4.1400000e+02		4.1350000e+02		1.2308584e+03		6.3287802e+02		1.2740407e+03		1.0069705e+03		4.2946343e+02		5.7750703e+02
4.1400000e+02		4.1500000e+02		4.1450000e+02		1.2488872e+03		6.4363939e+02		1.2946984e+03		1.0236181e+03		4.3321771e+02		5.9040039e+02
4.1500000e+02		4.1600000e+02		4.1550000e+02		1.2477523e+03		6.4453222e+02		1.2954983e+03		1.0245665e+03		4.3029473e+02		5.9427179e+02
4.1600000e+02		4.1700000e+02		4.1650000e+02		1.2947363e+03		6.7032273e+02		1.3463124e+03		1.0650775e+03		4.4387805e+02		6.2119948e+02
4.1700000e+02		4.1800000e+02		4.1750000e+02		1.1781342e+03		6.1132672e+02		1.2268978e+03		9.7089877e+02		4.0152450e+02		5.6937427e+02
4.1800000e+02		4.1900000e+02		4.1850000e+02		1.2217101e+03		6.3534924e+02		1.2741603e+03		1.0085976e+03		4.1391471e+02		5.9468291e+02
4.1900000e+02		4.2000000e+02		4.1950000e+02		1.2338424e+03		6.4307207e+02		1.2886978e+03		1.0204024e+03		4.1554541e+02		6.0485697e+02
4.2000000e+02		4.2100000e+02		4.2050000e+02		1.2494927e+03		6.5264838e+02		1.3069348e+03		1.0351398e+03		4.1831126e+02		6.1682856e+02
4.2100000e+02		4.2200000e+02		4.2150000e+02		1.2299982e+03		6.4385149e+02		1.2883885e+03		1.0207395e+03		4.0932517e+02		6.1141432e+02
4.2200000e+02		4.2300000e+02		4.2250000e+02		1.1657134e+03		6.1150347e+02		1.2227842e+03		9.6903423e+02		3.8560730e+02		5.8342692e+02
4.2300000e+02		4.2400000e+02		4.2350000e+02		1.2419943e+03		6.5289444e+02		1.3046284e+03		1.0341789e+03		4.0837025e+02		6.2580862e+02
4.2400000e+02		4.2500000e+02		4.2450000e+02		1.2850442e+03		6.7693677e+02		1.3517243e+03		1.0718026e+03		4.1997683e+02		6.5182576e+02
4.2500000e+02		4.2600000e+02		4.2550000e+02		1.2367256e+03		6.5283077e+02		1.3026866e+03		1.0331962e+03		4.0174025e+02		6.3145600e+02
4.2600000e+02		4.2700000e+02		4.2650000e+02		1.2316584e+03		6.5148650e+02		1.2991137e+03		1.0306344e+03		3.9766662e+02		6.3296777e+02
4.2700000e+02		4.2800000e+02		4.2750000e+02		1.1420512e+03		6.0531213e+02		1.2062203e+03		9.5718762e+02		3.6649127e+02		5.9069634e+02
4.2800000e+02		4.2900000e+02		4.2850000e+02		1.1495483e+03		6.1050687e+02		1.2157557e+03		9.6500201e+02		3.6664606e+02		5.9835595e+02
4.2900000e+02		4.3000000e+02		4.2950000e+02		1.0698649e+03		5.6931520e+02		1.1329744e+03		8.9952218e+02		3.3914325e+02		5.6037893e+02
4.3000000e+02		4.3100000e+02		4.3050000e+02		8.6065012e+02		4.5888310e+02		9.1260727e+02		7.2474306e+02		2.7114913e+02		4.5359393e+02
4.3100000e+02		4.3200000e+02		4.3150000e+02		1.0641754e+03		5.6850126e+02		1.1298759e+03		8.9750687e+02		3.3320784e+02		5.6429903e+02
4.3200000e+02		4.3300000e+02		4.3250000e+02		1.1990384e+03		6.4177882e+02		1.2746915e+03		1.0127856e+03		3.7312020e+02		6.3966542e+02
4.3300000e+02		4.3400000e+02		4.3350000e+02		1.3017454e+03		6.9807776e+02		1.3856284e+03		1.1011923e+03		4.0257688e+02		6.9861547e+02
4.3400000e+02		4.3500000e+02		4.3450000e+02		1.1054356e+03		5.9392028e+02		1.1781409e+03		9.3651814e+02		3.3974802e+02		5.9677013e+02
4.3500000e+02		4.3600000e+02		4.3550000e+02		1.2347447e+03		6.6463073e+02		1.3175844e+03		1.0476074e+03		3.7713351e+02		6.7047385e+02
4.3600000e+02		4.3700000e+02		4.3650000e+02		1.3814970e+03		7.4499510e+02		1.4759891e+03		1.1738241e+03		4.1933037e+02		7.5449377e+02
4.3700000e+02		4.3800000e+02		4.3750000e+02		1.2223713e+03		6.6038716e+02		1.3075636e+03		1.0401145e+03		3.6871604e+02		6.7139843e+02
4.3800000e+02		4.3900000e+02		4.3850000e+02		1.1905029e+03		6.4433217e+02		1.2750031e+03		1.0144406e+03		3.5685856e+02		6.5758205e+02
4.3900000e+02		4.4000000e+02		4.3950000e+02		1.3250738e+03		7.1844789e+02		1.4208119e+03		1.1307009e+03		3.9470890e+02		7.3599205e+02
4.4000000e+02		4.4100000e+02		4.4050000e+02		1.2562739e+03		6.8235040e+02		1.3486253e+03		1.0734875e+03		3.7186641e+02		7.0162108e+02
4.4100000e+02		4.4200000e+02		4.4150000e+02		1.3817384e+03		7.5181157e+02		1.4850396e+03		1.1823252e+03		4.0643297e+02		7.7589226e+02
4.4200000e+02		4.4300000e+02		4.4250000e+02		1.4526378e+03		7.9175866e+02		1.5630384e+03		1.2446881e+03		4.2459591e+02		8.2009223e+02
4.4300000e+02		4.4400000e+02		4.4350000e+02		1.4050936e+03		7.6715898e+02		1.5136051e+03		1.2055750e+03		4.0810706e+02		7.9746791e+02
4.4400000e+02		4.4500000e+02		4.4450000e+02		1.4475318e+03		7.9167200e+02		1.5610809e+03		1.2436455e+03		4.1777507e+02		8.2587042e+02
4.4500000e+02		4.4600000e+02		4.4550000e+02		1.3420773e+03		7.3523176e+02		1.4489714e+03		1.1545676e+03		3.8488661e+02		7.6968100e+02
4.4600000e+02		4.4700000e+02		4.4650000e+02		1.3689269e+03		7.5118886e+02		1.4795942e+03		1.1792051e+03		3.9009631e+02		7.8910882e+02
4.4700000e+02		4.4800000e+02		4.4750000e+02		1.4837056e+03		8.1551405e+02		1.6054076e+03		1.2797292e+03		4.2011793e+02		8.5961130e+02
4.4800000e+02		4.4900000e+02		4.4850000e+02		1.4587166e+03		8.0308631e+02		1.5800794e+03		1.2597855e+03		4.1041387e+02		8.4937160e+02
4.4900000e+02		4.5000000e+02		4.4950000e+02		1.4737837e+03		8.1269105e+02		1.5981127e+03		1.2744091e+03		4.1201055e+02		8.6239857e+02
4.5000000e+02		4.5100000e+02		4.5050000e+02		1.5636828e+03		8.6364198e+02		1.6973964e+03		1.3538403e+03		4.3435289e+02		9.1948742e+02
4.5100000e+02		4.5200000e+02		4.5150000e+02		1.5589734e+03		8.6240279e+02		1.6940634e+03		1.3514358e+03		4.3027720e+02		9.2115861e+02
4.5200000e+02		4.5300000e+02		4.5250000e+02		1.4757889e+03		8.1766448e+02		1.6053397e+03		1.2808942e+03		4.0471164e+02		8.7618252e+02
4.5300000e+02		4.5400000e+02		4.5350000e+02		1.4141855e+03		7.8474739e+02		1.5399134e+03		1.2289157e+03		3.8533283e+02		8.4358287e+02
4.5400000e+02		4.5500000e+02		4.5450000e+02		1.5096596e+03		8.3901241e+02		1.6455522e+03		1.3134572e+03		4.0870819e+02		9.0474906e+02
4.5500000e+02		4.5600000e+02		4.5550000e+02		1.4952815e+03		8.3228388e+02		1.6315256e+03		1.3024937e+03		4.0221527e+02		9.0027840e+02
4.5600000e+02		4.5700000e+02		4.5650000e+02		1.5527317e+03		8.6556065e+02		1.6959040e+03		1.3541272e+03		4.1498272e+02		9.3914443e+02
4.5700000e+02		4.5800000e+02		4.5750000e+02		1.5677329e+03		8.7522394e+02		1.7139830e+03		1.3688005e+03		4.1629435e+02		9.5250616e+02
4.5800000e+02		4.5900000e+02		4.5850000e+02		1.4734199e+03		8.2378376e+02		1.6124501e+03		1.2879364e+03		3.8872885e+02		8.9920758e+02
4.5900000e+02		4.6000000e+02		4.5950000e+02		1.5222067e+03		8.5230201e+02		1.6674563e+03		1.3320979e+03		3.9900904e+02		9.3308888e+02
4.6000000e+02		4.6100000e+02		4.6050000e+02		1.5039223e+03		8.4328071e+02		1.6490094e+03		1.3175813e+03		3.9167022e+02		9.2591109e+02
4.6100000e+02		4.6200000e+02		4.6150000e+02		1.5386000e+03		8.6395901e+02		1.6886367e+03		1.3494668e+03		3.9811103e+02		9.5135575e+02
4.6200000e+02		4.6300000e+02		4.6250000e+02		1.5538294e+03		8.7374603e+02		1.7069567e+03		1.3643294e+03		3.9945010e+02		9.6487934e+02
4.6300000e+02		4.6400000e+02		4.6350000e+02		1.5018384e+03		8.4569441e+02		1.6513799e+03		1.3201207e+03		3.8358412e+02		9.3653654e+02
4.6400000e+02		4.6500000e+02		4.6450000e+02		1.5281564e+03		8.6170855e+02		1.6818693e+03		1.3447076e+03		3.8777609e+02		9.5693150e+02
4.6500000e+02		4.6600000e+02		4.6550000e+02		1.4760608e+03		8.3347624e+02		1.6260181e+03		1.3002567e+03		3.7212683e+02		9.2812990e+02
4.6600000e+02		4.6700000e+02		4.6650000e+02		1.4854121e+03		8.3989775e+02		1.6378000e+03		1.3098811e+03		3.7205316e+02		9.3782791e+02
4.6700000e+02		4.6800000e+02		4.6750000e+02		1.4997486e+03		8.4914641e+02		1.6550888e+03		1.3239108e+03		3.7320351e+02		9.5070728e+02
4.6800000e+02		4.6900000e+02		4.6850000e+02		1.4665907e+03		8.3148024e+02		1.6199322e+03		1.2959847e+03		3.6257960e+02		9.3340510e+02
4.6900000e+02		4.7000000e+02		4.6950000e+02		1.5086728e+03		8.5646823e+02		1.6678781e+03		1.3345416e+03		3.7055680e+02		9.6398479e+02
4.7000000e+02		4.7100000e+02		4.7050000e+02		1.4256243e+03		8.1038024e+02		1.5774367e+03		1.2623614e+03		3.4787905e+02		9.1448235e+02
4.7100000e+02		4.7200000e+02		4.7150000e+02		1.4904926e+03		8.4835098e+02		1.6506332e+03		1.3211299e+03		3.6133892e+02		9.5979099e+02
4.7200000e+02		4.7300000e+02		4.7250000e+02		1.5269264e+03		8.7020249e+02		1.6924238e+03		1.3547728e+03		3.6775882e+02		9.8701393e+02
4.7300000e+02		4.7400000e+02		4.7350000e+02		1.4995420e+03		8.5568098e+02		1.6634750e+03		1.3317885e+03		3.5880804e+02		9.7298045e+02
4.7400000e+02		4.7500000e+02		4.7450000e+02		1.5448084e+03		8.8261948e+02		1.7151234e+03		1.3733309e+03		3.6722752e+02		1.0061034e+03
4.7500000e+02		4.7600000e+02		4.7550000e+02		1.5413846e+03		8.8175964e+02		1.7127395e+03		1.3716119e+03		3.6402171e+02		1.0075902e+03
4.7600000e+02		4.7700000e+02		4.7650000e+02		1.4853490e+03		8.5075156e+02		1.6518282e+03		1.3230133e+03		3.4849710e+02		9.7451617e+02
4.7700000e+02		4.7800000e+02		4.7750000e+02		1.5508368e+03		8.8934483e+02		1.7260568e+03		1.3826526e+03		3.6148470e+02		1.0211679e+03
4.7800000e+02		4.7900000e+02		4.7850000e+02		1.5358791e+03		8.8183190e+02		1.7107841e+03		1.3706013e+03		3.5565824e+02		1.0149431e+03
4.7900000e+02		4.8000000e+02		4.7950000e+02		1.5403519e+03		8.8545872e+02		1.7171331e+03		1.3758692e+03		3.5436168e+02		1.0215075e+03
4.8000000e+02		4.8100000e+02		4.8050000e+02		1.5442750e+03		8.8876628e+02		1.7228646e+03		1.3806413e+03		3.5294045e+02		1.0277009e+03
4.8100000e+02		4.8200000e+02		4.8150000e+02		1.5475498e+03		8.9169666e+02		1.7278672e+03		1.3848283e+03		3.5137472e+02		1.0334536e+03
4.8200000e+02		4.8300000e+02		4.8250000e+02		1.5416562e+03		8.8933358e+02		1.7226188e+03		1.3807974e+03		3.4774561e+02		1.0330518e+03
4.8300000e+02		4.8400000e+02		4.8350000e+02		1.5183412e+03		8.7689242e+02		1.6978673e+03		1.3611282e+03		3.4024441e+02		1.0208838e+03
4.8400000e+02		4.8500000e+02		4.8450000e+02		1.4920771e+03		8.6270669e+02		1.6697643e+03		1.3387649e+03		3.3216946e+02		1.0065955e+03
4.8500000e+02		4.8600000e+02		4.8550000e+02		1.4021236e+03		8.1161189e+02		1.5702781e+03		1.2591543e+03		3.1009940e+02		9.4905492e+02
4.8600000e+02		4.8700000e+02		4.8650000e+02		1.2173217e+03		7.0542843e+02		1.3643283e+03		1.0941425e+03		2.6746419e+02		8.2667826e+02
4.8700000e+02		4.8800000e+02		4.8750000e+02		1.3927585e+03		8.0798675e+02		1.5621024e+03		1.2529001e+03		3.0400539e+02		9.4889474e+02
4.8800000e+02		4.8900000e+02		4.8850000e+02		1.4651201e+03		8.5089872e+02		1.6444627e+03		1.3191140e+03		3.1770457e+02		1.0014094e+03
4.8900000e+02		4.9000000e+02		4.8950000e+02		1.4372192e+03		8.3560171e+02		1.6143136e+03		1.2950811e+03		3.0961193e+02		9.8546913e+02
4.9000000e+02		4.9100000e+02		4.9050000e+02		1.5307557e+03		8.9094183e+02		1.7206078e+03		1.3805149e+03		3.2760062e+02		1.0529142e+03
4.9100000e+02		4.9200000e+02		4.9150000e+02		1.4425606e+03		8.4050487e+02		1.6226253e+03		1.3020480e+03		3.0670217e+02		9.9534579e+02
4.9200000e+02		4.9300000e+02		4.9250000e+02		1.3729411e+03		8.0078580e+02		1.5454015e+03		1.2402209e+03		2.8998697e+02		9.5023389e+02
4.9300000e+02		4.9400000e+02		4.9350000e+02		1.4509629e+03		8.4717805e+02		1.6343613e+03		1.3117594e+03		3.0445744e+02		1.0073020e+03
4.9400000e+02		4.9500000e+02		4.9450000e+02		1.4929449e+03		8.7259312e+02		1.6828099e+03		1.3507936e+03		3.1121302e+02		1.0395806e+03
4.9500000e+02		4.9600000e+02		4.9550000e+02		1.4663156e+03		8.5790819e+02		1.6539234e+03		1.3277509e+03		3.0365829e+02		1.0240926e+03
4.9600000e+02		4.9700000e+02		4.9650000e+02		1.4846220e+03		8.6950160e+02		1.6757056e+03		1.3453821e+03		3.0543401e+02		1.0399481e+03
4.9700000e+02		4.9800000e+02		4.9750000e+02		1.5123203e+03		8.8661533e+02		1.7081135e+03		1.3715475e+03		3.0909305e+02		1.0624544e+03
4.9800000e+02		4.9900000e+02		4.9850000e+02		1.3744029e+03		8.0656310e+02		1.5533717e+03		1.2474271e+03		2.7906391e+02		9.6836314e+02
4.9900000e+02		5.0000000e+02		4.9950000e+02		1.4721832e+03		8.6479844e+02		1.6649794e+03		1.3371920e+03		2.9695859e+02		1.0402334e+03
