Left Bin Edge (nm)	Right Bin Edge (nm)	Bin Center (nm)		Top of Atm Intensity (erg/s/nm/cm2)		Total Surface Flux (erg/s/nm/cm2)		Total Intensity at BOA (erg/s/nm/cm2)		Total Surface Intensity (erg/s/nm/cm2)		Total Surface Diffuse Intensity (erg/s/nm/cm2)		Total Surface Direct Intensity (erg/s/nm/cm2)
1.9000000e+02		1.9100000e+02		1.9050000e+02		4.4384288e+00		0.0000000e+00		0.0000000e+00		0.0000000e+00		0.0000000e+00		0.0000000e+00
1.9100000e+02		1.9200000e+02		1.9150000e+02		4.8094361e+00		0.0000000e+00		0.0000000e+00		0.0000000e+00		0.0000000e+00		0.0000000e+00
1.9200000e+02		1.9300000e+02		1.9250000e+02		5.0365493e+00		0.0000000e+00		0.0000000e+00		0.0000000e+00		0.0000000e+00		0.0000000e+00
1.9300000e+02		1.9400000e+02		1.9350000e+02		3.8447944e+00		-1.6209682e-224		0.0000000e+00		-2.8075992e-224		-2.8075992e-224		3.7182504e-241
1.9400000e+02		1.9500000e+02		1.9450000e+02		6.1679797e+00		1.7519536e-200		0.0000000e+00		2.7126849e-200		6.2948647e-201		2.0831985e-200
1.9500000e+02		1.9600000e+02		1.9550000e+02		5.9528271e+00		-7.4864776e-147		0.0000000e+00		-1.2970535e-146		-1.2993678e-146		2.3143249e-149
1.9600000e+02		1.9700000e+02		1.9650000e+02		6.5508102e+00		1.4248236e-127		0.0000000e+00		2.2436709e-127		7.9226549e-128		1.4514055e-127
1.9700000e+02		1.9800000e+02		1.9750000e+02		6.5190955e+00		8.1723409e-106		0.0000000e+00		1.2993946e-105		5.4780685e-106		7.5158777e-106
1.9800000e+02		1.9900000e+02		1.9850000e+02		6.3883794e+00		2.0226042e-84		2.0230352e-77		3.2613165e-84		1.6950593e-84		1.5662572e-84
1.9900000e+02		2.0000000e+02		1.9950000e+02		6.7274707e+00		1.5812755e-73		2.1958447e-67		2.5744069e-73		1.5098332e-73		1.0645737e-73
2.0000000e+02		2.0100000e+02		2.0050000e+02		7.1125146e+00		3.8688076e-67		1.6958684e-61		6.3397086e-67		4.0009556e-67		2.3387530e-67
2.0100000e+02		2.0200000e+02		2.0150000e+02		7.5701275e+00		5.3293686e-57		3.7878682e-52		8.8600126e-57		6.4600056e-57		2.4000070e-57
2.0200000e+02		2.0300000e+02		2.0250000e+02		7.4828608e+00		2.0129858e-53		7.5133341e-49		3.3636477e-53		2.5677168e-53		7.9593085e-54
2.0300000e+02		2.0400000e+02		2.0350000e+02		8.0092047e+00		3.2624541e-48		4.8177037e-44		5.5014298e-48		4.5348456e-48		9.6658415e-49
2.0400000e+02		2.0500000e+02		2.0450000e+02		8.6207445e+00		2.3795606e-43		1.4762768e-39		4.0480117e-43		3.5721330e-43		4.7587878e-44
2.0500000e+02		2.0600000e+02		2.0550000e+02		8.6400754e+00		4.5452669e-41		1.8644256e-37		7.7564868e-41		7.0045750e-41		7.5191183e-42
2.0600000e+02		2.0700000e+02		2.0650000e+02		8.6510225e+00		8.5239009e-38		1.9267889e-34		1.4614207e-37		1.3645581e-37		9.6862658e-39
2.0700000e+02		2.0800000e+02		2.0750000e+02		9.3957826e+00		1.0215842e-34		1.3205868e-31		1.7575556e-34		1.6806459e-34		7.6909710e-36
2.0800000e+02		2.0900000e+02		2.0850000e+02		1.0163489e+01		3.0685814e-33		3.0375647e-30		5.2842261e-33		5.0853961e-33		1.9883000e-34
2.0900000e+02		2.1000000e+02		2.0950000e+02		1.3129215e+01		3.5884765e-30		2.0534367e-27		6.1932757e-30		6.0498940e-30		1.4338178e-31
2.1000000e+02		2.1100000e+02		2.1050000e+02		1.6183343e+01		5.9240613e-29		2.7495161e-26		1.0228225e-28		1.0017500e-28		2.1072454e-30
2.1100000e+02		2.1200000e+02		2.1150000e+02		1.8424170e+01		1.4934653e-26		4.4793333e-24		2.5813408e-26		2.5462718e-26		3.5068975e-28
2.1200000e+02		2.1300000e+02		2.1250000e+02		1.6428561e+01		9.1923844e-25		1.9572621e-22		1.5897420e-24		1.5740388e-24		1.5703216e-26
2.1300000e+02		2.1400000e+02		2.1350000e+02		1.6737981e+01		1.5996182e-23		2.7075771e-21		2.7670863e-23		2.7442102e-23		2.2876161e-25
2.1400000e+02		2.1500000e+02		2.1450000e+02		2.1432541e+01		1.9732090e-21		2.3082041e-19		3.4147380e-21		3.3955736e-21		1.9164393e-23
2.1500000e+02		2.1600000e+02		2.1550000e+02		1.8408135e+01		1.7499676e-20		1.6954558e-18		3.0287342e-20		3.0138530e-20		1.4881120e-22
2.1600000e+02		2.1700000e+02		2.1650000e+02		1.7036901e+01		9.4697439e-19		6.6069653e-17		1.6393278e-18		1.6336310e-18		5.6967828e-21
2.1700000e+02		2.1800000e+02		2.1750000e+02		1.7640866e+01		1.4656023e-17		8.2240916e-16		2.5373715e-17		2.5300807e-17		7.2907714e-20
2.1800000e+02		2.1900000e+02		2.1850000e+02		2.3730294e+01		3.6301588e-16		1.6116188e-14		6.2853936e-16		6.2709836e-16		1.4410068e-18
2.1900000e+02		2.2000000e+02		2.1950000e+02		2.5052511e+01		6.4733216e-15		2.2905856e-13		1.1208952e-14		1.1188432e-14		2.0520005e-17
2.2000000e+02		2.2100000e+02		2.2050000e+02		2.5203754e+01		4.2036368e-14		1.2810537e-12		7.2790658e-14		7.2671105e-14		1.1955282e-16
2.2100000e+02		2.2200000e+02		2.2150000e+02		2.0176768e+01		5.2351828e-13		1.2812454e-11		9.0657936e-13		9.0540833e-13		1.1710362e-15
2.2200000e+02		2.2300000e+02		2.2250000e+02		2.7154039e+01		4.5438733e-12		9.5850662e-11		7.8688365e-12		7.8598836e-12		8.9529105e-15
2.2300000e+02		2.2400000e+02		2.2350000e+02		3.5163062e+01		5.6862300e-11		1.0017061e-09		9.8474134e-11		9.8381819e-11		9.2314274e-14
2.2400000e+02		2.2500000e+02		2.2450000e+02		3.2875934e+01		2.3550080e-10		3.6870012e-09		4.0784524e-10		4.0749493e-10		3.5031622e-13
2.2500000e+02		2.2600000e+02		2.2550000e+02		2.8720078e+01		1.2267149e-09		1.6681220e-08		2.1244848e-09		2.1228807e-09		1.6040647e-12
2.2600000e+02		2.2700000e+02		2.2650000e+02		2.1037217e+01		3.9740671e-09		4.8077378e-08		6.8825453e-09		6.8777493e-09		4.7960036e-12
2.2700000e+02		2.2800000e+02		2.2750000e+02		2.0463841e+01		1.6665250e-08		1.7981841e-07		2.8862203e-08		2.8843711e-08		1.8492400e-11
2.2800000e+02		2.2900000e+02		2.2850000e+02		2.8509984e+01		9.4308712e-08		9.1234477e-07		1.6333260e-07		1.6323624e-07		9.6353214e-11
2.2900000e+02		2.3000000e+02		2.2950000e+02		2.5620938e+01		2.8984875e-07		2.5490939e-06		5.0198976e-07		5.0171136e-07		2.7839996e-10
2.3000000e+02		2.3100000e+02		2.3050000e+02		2.9055844e+01		9.6099532e-07		7.7791313e-06		1.6643553e-06		1.6634661e-06		8.8928145e-10
2.3100000e+02		2.3200000e+02		2.3150000e+02		2.7387429e+01		2.4453988e-06		1.8337271e-05		4.2352139e-06		4.2330060e-06		2.2078656e-09
2.3200000e+02		2.3300000e+02		2.3250000e+02		2.9413108e+01		6.1310710e-06		4.3076758e-05		1.0618474e-05		1.0612957e-05		5.5168592e-09
2.3300000e+02		2.3400000e+02		2.3350000e+02		2.6543685e+01		1.1867677e-05		7.8651598e-05		2.0553757e-05		2.0542995e-05		1.0762061e-08
2.3400000e+02		2.3500000e+02		2.3450000e+02		2.3194371e+01		2.0343611e-05		1.2806356e-04		3.5233259e-05		3.5214427e-05		1.8832279e-08
2.3500000e+02		2.3600000e+02		2.3550000e+02		3.1223226e+01		5.0089224e-05		3.0113717e-04		8.6749658e-05		8.6701607e-05		4.8051161e-08
2.3600000e+02		2.3700000e+02		2.3650000e+02		2.8911473e+01		8.0913952e-05		4.6631558e-04		1.4013451e-04		1.4005319e-04		8.1319930e-08
2.3700000e+02		2.3800000e+02		2.3750000e+02		3.0878004e+01		1.4108242e-04		7.8334694e-04		2.4433875e-04		2.4418872e-04		1.5002666e-07
2.3800000e+02		2.3900000e+02		2.3850000e+02		2.5598090e+01		1.7988380e-04		9.6659468e-04		3.1153633e-04		3.1133209e-04		2.0424172e-07
2.3900000e+02		2.4000000e+02		2.3950000e+02		2.7890834e+01		2.8500057e-04		1.4882524e-03		4.9358163e-04		4.9323309e-04		3.4853869e-07
2.4000000e+02		2.4100000e+02		2.4050000e+02		2.5623038e+01		3.7073035e-04		1.8855347e-03		6.4204950e-04		6.4156853e-04		4.8096773e-07
2.4100000e+02		2.4200000e+02		2.4150000e+02		3.0005079e+01		5.9753813e-04		2.9669124e-03		1.0348412e-03		1.0340309e-03		8.1035714e-07
2.4200000e+02		2.4300000e+02		2.4250000e+02		4.1301739e+01		1.0953813e-03		5.3225992e-03		1.8970152e-03		1.8954554e-03		1.5598142e-06
2.4300000e+02		2.4400000e+02		2.4350000e+02		3.8791639e+01		1.3158302e-03		6.2754825e-03		2.2787789e-03		2.2767990e-03		1.9799514e-06
2.4400000e+02		2.4500000e+02		2.4450000e+02		3.6329084e+01		1.5126145e-03		7.1013163e-03		2.6195511e-03		2.6171299e-03		2.4212529e-06
2.4500000e+02		2.4600000e+02		2.4550000e+02		2.9476122e+01		1.4617784e-03		6.7696903e-03		2.5314879e-03		2.5289858e-03		2.5020587e-06
2.4600000e+02		2.4700000e+02		2.4650000e+02		2.8685918e+01		1.6830718e-03		7.6925215e-03		2.9146899e-03		2.9116089e-03		3.0809828e-06
2.4700000e+02		2.4800000e+02		2.4750000e+02		3.1678139e+01		2.1403417e-03		9.6728342e-03		3.7065308e-03		3.7023239e-03		4.2069506e-06
2.4800000e+02		2.4900000e+02		2.4850000e+02		2.5406301e+01		1.9401505e-03		8.6812530e-03		3.3598053e-03		3.3557017e-03		4.1036333e-06
2.4900000e+02		2.5000000e+02		2.4950000e+02		3.0967514e+01		2.6168581e-03		1.1610382e-02		4.5316087e-03		4.5256361e-03		5.9725883e-06
2.5000000e+02		2.5100000e+02		2.5050000e+02		3.3448743e+01		3.0540910e-03		1.3458481e-02		5.2886758e-03		5.2811344e-03		7.5414324e-06
2.5100000e+02		2.5200000e+02		2.5150000e+02		2.7888154e+01		2.7526758e-03		1.2048105e-02		4.7666415e-03		4.7593075e-03		7.3339980e-06
2.5200000e+02		2.5300000e+02		2.5250000e+02		2.5069906e+01		2.7145503e-03		1.1789117e-02		4.7005397e-03		4.6927750e-03		7.7646635e-06
2.5300000e+02		2.5400000e+02		2.5350000e+02		3.1592540e+01		3.6347356e-03		1.5697746e-02		6.2938138e-03		6.2825946e-03		1.1219231e-05
2.5400000e+02		2.5500000e+02		2.5450000e+02		3.5730773e+01		4.2931389e-03		1.8460530e-02		7.4337215e-03		7.4193942e-03		1.4327307e-05
2.5500000e+02		2.5600000e+02		2.5550000e+02		4.8755658e+01		5.9844696e-03		2.5662303e-02		1.0362061e-02		1.0340407e-02		2.1653630e-05
2.5600000e+02		2.5700000e+02		2.5650000e+02		6.2803876e+01		8.2425187e-03		3.5140134e-02		1.4271523e-02		1.4239556e-02		3.1966924e-05
2.5700000e+02		2.5800000e+02		2.5750000e+02		7.8843355e+01		1.0198029e-02		4.3469083e-02		1.7656855e-02		1.7613803e-02		4.3052161e-05
2.5800000e+02		2.5900000e+02		2.5850000e+02		8.2991293e+01		1.1090735e-02		4.7112973e-02		1.9201935e-02		1.9151555e-02		5.0379766e-05
2.5900000e+02		2.6000000e+02		2.5950000e+02		7.0629481e+01		8.9288207e-03		3.8031995e-02		1.5458318e-02		1.5413953e-02		4.4365495e-05
2.6000000e+02		2.6100000e+02		2.6050000e+02		5.7868388e+01		7.1662770e-03		3.0530488e-02		1.2406379e-02		1.2367687e-02		3.8691956e-05
2.6100000e+02		2.6200000e+02		2.6150000e+02		5.9092703e+01		7.4597235e-03		3.1695834e-02		1.2913909e-02		1.2870464e-02		4.3445329e-05
2.6200000e+02		2.6300000e+02		2.6250000e+02		7.0528613e+01		9.3908863e-03		3.9700922e-02		1.6256454e-02		1.6197943e-02		5.8510709e-05
2.6300000e+02		2.6400000e+02		2.6350000e+02		1.0614195e+02		1.4844771e-02		6.2461677e-02		2.5696622e-02		2.5597728e-02		9.8894249e-05
2.6400000e+02		2.6500000e+02		2.6450000e+02		1.6548208e+02		2.3366999e-02		9.8128070e-02		4.0446956e-02		4.0279452e-02		1.6750396e-04
2.6500000e+02		2.6600000e+02		2.6550000e+02		1.7356948e+02		2.5106115e-02		1.0513316e-01		4.3455403e-02		4.3263365e-02		1.9203850e-04
2.6600000e+02		2.6700000e+02		2.6650000e+02		1.6826276e+02		2.4423047e-02		1.0214426e-01		4.2271214e-02		4.2072183e-02		1.9903108e-04
2.6700000e+02		2.6800000e+02		2.6750000e+02		1.6940220e+02		2.5257542e-02		1.0533086e-01		4.3713667e-02		4.3495637e-02		2.1803004e-04
2.6800000e+02		2.6900000e+02		2.6850000e+02		1.6778062e+02		2.5208427e-02		1.0496650e-01		4.3626587e-02		4.3395541e-02		2.3104560e-04
2.6900000e+02		2.7000000e+02		2.6950000e+02		1.5737310e+02		2.4419786e-02		1.0135498e-01		4.2259817e-02		4.2023562e-02		2.3625495e-04
2.7000000e+02		2.7100000e+02		2.7050000e+02		1.8181465e+02		2.7573712e-02		1.1451509e-01		4.7715105e-02		4.7430484e-02		2.8462075e-04
2.7100000e+02		2.7200000e+02		2.7150000e+02		1.5108640e+02		2.2621095e-02		9.3934549e-02		3.9142462e-02		3.8893708e-02		2.4875328e-04
2.7200000e+02		2.7300000e+02		2.7250000e+02		1.2154404e+02		1.8122074e-02		7.5198070e-02		3.1355652e-02		3.1143951e-02		2.1170043e-04
2.7300000e+02		2.7400000e+02		2.7350000e+02		1.2960124e+02		1.8569371e-02		7.7194224e-02		3.2127313e-02		3.1895674e-02		2.3163950e-04
2.7400000e+02		2.7500000e+02		2.7450000e+02		8.9183780e+01		1.4138321e-02		5.8297733e-02		2.4459953e-02		2.4276503e-02		1.8345032e-04
2.7500000e+02		2.7600000e+02		2.7550000e+02		1.1893609e+02		1.7617043e-02		7.2915617e-02		3.0475670e-02		3.0230031e-02		2.4563948e-04
2.7600000e+02		2.7700000e+02		2.7650000e+02		1.6564211e+02		2.5554332e-02		1.0534628e-01		4.4203231e-02		4.3826646e-02		3.7658460e-04
2.7700000e+02		2.7800000e+02		2.7750000e+02		1.5837296e+02		2.3927378e-02		9.8678135e-02		4.1385312e-02		4.1009038e-02		3.7627375e-04
2.7800000e+02		2.7900000e+02		2.7850000e+02		1.0921797e+02		1.6910740e-02		6.9544456e-02		2.9246814e-02		2.8965545e-02		2.8126834e-04
2.7900000e+02		2.8000000e+02		2.7950000e+02		6.1368404e+01		9.2133859e-03		3.7932474e-02		1.5932807e-02		1.5769369e-02		1.6343739e-04
2.8000000e+02		2.8100000e+02		2.8050000e+02		6.7313201e+01		1.0251935e-02		4.2125265e-02		1.7727311e-02		1.7535941e-02		1.9136970e-04
2.8100000e+02		2.8200000e+02		2.8150000e+02		1.3943196e+02		1.9844751e-02		8.1870732e-02		3.4311431e-02		3.3918561e-02		3.9287048e-04
2.8200000e+02		2.8300000e+02		2.8250000e+02		1.8983287e+02		3.2028418e-02		1.3043139e-01		5.5375055e-02		5.4729012e-02		6.4604332e-04
2.8300000e+02		2.8400000e+02		2.8350000e+02		1.9610227e+02		3.0422859e-02		1.2453777e-01		5.2593319e-02		5.1941938e-02		6.5138102e-04
2.8400000e+02		2.8500000e+02		2.8450000e+02		1.4459284e+02		2.3755765e-02		9.6770186e-02		4.1064771e-02		4.0537665e-02		5.2710624e-04
2.8500000e+02		2.8600000e+02		2.8550000e+02		9.2944992e+01		1.4564118e-02		5.9483372e-02		2.5173272e-02		2.4833262e-02		3.4000940e-04
2.8600000e+02		2.8700000e+02		2.8650000e+02		1.9045522e+02		3.1812082e-02		1.2923793e-01		5.4981786e-02		5.4215562e-02		7.6622388e-04
2.8700000e+02		2.8800000e+02		2.8750000e+02		2.2108403e+02		3.5994424e-02		1.4638987e-01		6.2204125e-02		6.1297492e-02		9.0663329e-04
2.8800000e+02		2.8900000e+02		2.8850000e+02		2.1010240e+02		3.5170570e-02		1.4265034e-01		6.0775428e-02		5.9857530e-02		9.1789835e-04
2.8900000e+02		2.9000000e+02		2.8950000e+02		3.1885068e+02		5.7181463e-02		2.3061542e-01		9.8804051e-02		9.7268794e-02		1.5352562e-03
2.9000000e+02		2.9100000e+02		2.9050000e+02		4.1860542e+02		6.9415773e-02		2.8133675e-01		1.1992880e-01		1.1796823e-01		1.9605734e-03
2.9100000e+02		2.9200000e+02		2.9150000e+02		4.0318642e+02		7.7961390e-02		3.1228225e-01		1.3468823e-01		1.3245568e-01		2.2325516e-03
2.9200000e+02		2.9300000e+02		2.9250000e+02		3.5818014e+02		6.0553990e-02		2.4473800e-01		1.0459880e-01		1.0276162e-01		1.8371854e-03
2.9300000e+02		2.9400000e+02		2.9350000e+02		3.7393440e+02		7.4586994e-02		2.9768458e-01		1.2883507e-01		1.2654729e-01		2.2877822e-03
2.9400000e+02		2.9500000e+02		2.9450000e+02		3.4819581e+02		6.5474016e-02		2.6224509e-01		1.1307991e-01		1.1097974e-01		2.1001729e-03
2.9500000e+02		2.9600000e+02		2.9550000e+02		3.7701055e+02		8.5132135e-02		3.3626797e-01		1.4702642e-01		1.4426366e-01		2.7627675e-03
2.9600000e+02		2.9700000e+02		2.9650000e+02		3.4493460e+02		6.7544511e-02		2.6930996e-01		1.1662914e-01		1.1428958e-01		2.3395558e-03
2.9700000e+02		2.9800000e+02		2.9750000e+02		3.5165811e+02		8.1860770e-02		3.2208039e-01		1.4134162e-01		1.3845820e-01		2.8834151e-03
2.9800000e+02		2.9900000e+02		2.9850000e+02		3.0223333e+02		6.1248657e-02		2.4318937e-01		1.0573090e-01		1.0343343e-01		2.2974676e-03
2.9900000e+02		3.0000000e+02		2.9950000e+02		3.4101318e+02		8.5696700e-02		3.3474989e-01		1.4792972e-01		1.4468427e-01		3.2454519e-03
3.0000000e+02		3.0100000e+02		3.0050000e+02		2.7131061e+02		6.1895742e-02		2.4325868e-01		1.0682441e-01		1.0435034e-01		2.4740625e-03
3.0100000e+02		3.0200000e+02		3.0150000e+02		3.1202593e+02		9.5366344e-02		3.6670708e-01		1.6459375e-01		1.6080265e-01		3.7910974e-03
3.0200000e+02		3.0300000e+02		3.0250000e+02		3.2846528e+02		8.3056436e-02		3.2347167e-01		1.4331356e-01		1.3978919e-01		3.5243780e-03
3.0300000e+02		3.0400000e+02		3.0350000e+02		4.2601061e+02		1.4427442e-01		5.4977978e-01		2.4895070e-01		2.4286575e-01		6.0849538e-03
3.0400000e+02		3.0500000e+02		3.0450000e+02		4.0776836e+02		1.1543691e-01		4.4520253e-01		1.9914201e-01		1.9395911e-01		5.1828999e-03
3.0500000e+02		3.0600000e+02		3.0550000e+02		4.1174793e+02		1.5732308e-01		5.9345389e-01		2.7142109e-01		2.6449104e-01		6.9300453e-03
3.0600000e+02		3.0700000e+02		3.0650000e+02		3.9053943e+02		1.2749446e-01		4.8612606e-01		2.1992742e-01		2.1410447e-01		5.8229455e-03
3.0700000e+02		3.0800000e+02		3.0750000e+02		4.3847484e+02		1.8464816e-01		6.9100365e-01		3.1854839e-01		3.1031632e-01		8.2320735e-03
3.0800000e+02		3.0900000e+02		3.0850000e+02		4.3035211e+02		1.7220626e-01		6.4646402e-01		2.9705977e-01		2.8922500e-01		7.8347674e-03
3.0900000e+02		3.1000000e+02		3.0950000e+02		3.4901328e+02		1.6690063e-01		6.1833558e-01		2.8792316e-01		2.8043156e-01		7.4916081e-03
3.1000000e+02		3.1100000e+02		3.1050000e+02		4.3927411e+02		2.1354235e-01		7.8998122e-01		3.6838525e-01		3.5879788e-01		9.5873679e-03
3.1100000e+02		3.1200000e+02		3.1150000e+02		5.2246540e+02		2.9294623e-01		1.0727434e+00		5.0542333e-01		4.9264128e-01		1.2782048e-02
3.1200000e+02		3.1300000e+02		3.1250000e+02		4.6521908e+02		2.8369973e-01		1.0326700e+00		4.8950850e-01		4.7737760e-01		1.2130901e-02
3.1300000e+02		3.1400000e+02		3.1350000e+02		4.9544367e+02		3.2492826e-01		1.1766240e+00		5.6068615e-01		5.4705162e-01		1.3634532e-02
3.1400000e+02		3.1500000e+02		3.1450000e+02		4.6729179e+02		3.4650483e-01		1.2439150e+00		5.9797737e-01		5.8382167e-01		1.4155695e-02
3.1500000e+02		3.1600000e+02		3.1550000e+02		4.5343123e+02		3.5062914e-01		1.2549617e+00		6.0512412e-01		5.9098942e-01		1.4134709e-02
3.1600000e+02		3.1700000e+02		3.1650000e+02		4.4229406e+02		3.7488916e-01		1.3331502e+00		6.4703862e-01		6.3222363e-01		1.4814988e-02
3.1700000e+02		3.1800000e+02		3.1750000e+02		5.6102832e+02		5.0886554e-01		1.8009885e+00		8.7832572e-01		8.5854663e-01		1.9779096e-02
3.1800000e+02		3.1900000e+02		3.1850000e+02		4.6340678e+02		4.5433662e-01		1.5992731e+00		7.8425631e-01		7.6692067e-01		1.7335640e-02
3.1900000e+02		3.2000000e+02		3.1950000e+02		4.9774832e+02		5.2385084e-01		1.8348832e+00		9.0430324e-01		8.8466794e-01		1.9635304e-02
3.2000000e+02		3.2100000e+02		3.2050000e+02		5.7184857e+02		6.7596135e-01		2.3482419e+00		1.1669245e+00		1.1418393e+00		2.5085268e-02
3.2100000e+02		3.2200000e+02		3.2150000e+02		4.8024660e+02		6.3273158e-01		2.1807761e+00		1.0922713e+00		1.0686289e+00		2.3642327e-02
3.2200000e+02		3.2300000e+02		3.2250000e+02		4.8228681e+02		7.4789681e-01		2.5479769e+00		1.2910857e+00		1.2631863e+00		2.7899428e-02
3.2300000e+02		3.2400000e+02		3.2350000e+02		4.6607071e+02		8.2402344e-01		2.7811073e+00		1.4224841e+00		1.3916272e+00		3.0856866e-02
3.2400000e+02		3.2500000e+02		3.2450000e+02		5.4882129e+02		1.1008815e+00		3.6821448e+00		1.9003831e+00		1.8589536e+00		4.1429498e-02
3.2500000e+02		3.2600000e+02		3.2550000e+02		6.3196128e+02		1.3078126e+00		4.3661004e+00		2.2576906e+00		2.2090895e+00		4.8601055e-02
3.2600000e+02		3.2700000e+02		3.2650000e+02		7.1301257e+02		1.6308513e+00		5.4134717e+00		2.8158935e+00		2.7587693e+00		5.7124132e-02
3.2700000e+02		3.2800000e+02		3.2750000e+02		6.8984049e+02		1.6336726e+00		5.4158557e+00		2.8211928e+00		2.7667404e+00		5.4452360e-02
3.2800000e+02		3.2900000e+02		3.2850000e+02		6.6596082e+02		1.6359623e+00		5.4160522e+00		2.8255692e+00		2.7737747e+00		5.1794513e-02
3.2900000e+02		3.3000000e+02		3.2950000e+02		7.7527139e+02		1.9595318e+00		6.4822334e+00		3.3849066e+00		3.3259812e+00		5.8925382e-02
3.3000000e+02		3.3100000e+02		3.3050000e+02		7.3029799e+02		1.8922874e+00		6.2545814e+00		3.2690879e+00		3.2143835e+00		5.4704338e-02
3.3100000e+02		3.3200000e+02		3.3150000e+02		6.9881652e+02		2.0347273e+00		6.6772662e+00		3.5155581e+00		3.4592814e+00		5.6276763e-02
3.3200000e+02		3.3300000e+02		3.3250000e+02		6.8562051e+02		2.1067896e+00		6.8929716e+00		3.6403624e+00		3.5840131e+00		5.6349300e-02
3.3300000e+02		3.3400000e+02		3.3350000e+02		6.5878216e+02		2.1390651e+00		6.9771937e+00		3.6964314e+00		3.6411577e+00		5.5273690e-02
3.3400000e+02		3.3500000e+02		3.3450000e+02		6.9405546e+02		2.3759370e+00		7.7275519e+00		4.1060842e+00		4.0467877e+00		5.9296445e-02
3.3500000e+02		3.3600000e+02		3.3550000e+02		6.8541663e+02		2.4761914e+00		8.0293887e+00		4.2796260e+00		4.2196569e+00		5.9969139e-02
3.3600000e+02		3.3700000e+02		3.3650000e+02		5.6469084e+02		2.1356181e+00		6.9072608e+00		3.6911948e+00		3.6406714e+00		5.0523401e-02
3.3700000e+02		3.3800000e+02		3.3750000e+02		5.9573781e+02		2.3699239e+00		7.6432553e+00		4.0963813e+00		4.0416942e+00		5.4687012e-02
3.3800000e+02		3.3900000e+02		3.3850000e+02		6.4448401e+02		2.7057473e+00		8.6998943e+00		4.6770961e+00		4.6162699e+00		6.0826221e-02
3.3900000e+02		3.4000000e+02		3.3950000e+02		6.7448220e+02		2.9485545e+00		9.4602390e+00		5.0970498e+00		5.0323346e+00		6.4715233e-02
3.4000000e+02		3.4100000e+02		3.4050000e+02		7.1196374e+02		3.3114769e+00		1.0587966e+01		5.7247333e+00		5.6540850e+00		7.0648353e-02
3.4100000e+02		3.4200000e+02		3.4150000e+02		6.4984945e+02		3.1623773e+00		1.0087571e+01		5.4672288e+00		5.4013945e+00		6.5834320e-02
3.4200000e+02		3.4300000e+02		3.4250000e+02		7.0477558e+02		3.9834968e+00		1.2594850e+01		6.8873930e+00		6.8082449e+00		7.9148027e-02
3.4300000e+02		3.4400000e+02		3.4350000e+02		6.9264465e+02		4.2038490e+00		1.3239927e+01		7.2687630e+00		7.1877290e+00		8.1033916e-02
3.4400000e+02		3.4500000e+02		3.4450000e+02		5.5710877e+02		3.8336580e+00		1.1987528e+01		6.6291503e+00		6.5583257e+00		7.0824605e-02
3.4500000e+02		3.4600000e+02		3.4550000e+02		6.7138909e+02		5.0000640e+00		1.5568742e+01		8.6466248e+00		8.5576738e+00		8.8950978e-02
3.4600000e+02		3.4700000e+02		3.4650000e+02		6.5194093e+02		5.2467037e+00		1.6270669e+01		9.0737491e+00		8.9843567e+00		8.9392361e-02
3.4700000e+02		3.4800000e+02		3.4750000e+02		6.4525828e+02		5.5631188e+00		1.7191950e+01		9.6215622e+00		9.5306549e+00		9.0907301e-02
3.4800000e+02		3.4900000e+02		3.4850000e+02		6.6761091e+02		6.6714874e+00		2.0450985e+01		1.1539518e+01		1.1436990e+01		1.0252828e-01
3.4900000e+02		3.5000000e+02		3.4950000e+02		6.3989005e+02		6.9763785e+00		2.1291232e+01		1.2067653e+01		1.1965437e+01		1.0221582e-01
3.5000000e+02		3.5100000e+02		3.5050000e+02		7.6650484e+02		9.0128680e+00		2.7390807e+01		1.5590768e+01		1.5461437e+01		1.2933111e-01
3.5100000e+02		3.5200000e+02		3.5150000e+02		7.1211510e+02		9.2776564e+00		2.8019709e+01		1.6048867e+01		1.5916117e+01		1.3275003e-01
3.5200000e+02		3.5300000e+02		3.5250000e+02		6.5785102e+02		9.4275203e+00		2.8307569e+01		1.6308122e+01		1.6173320e+01		1.3480145e-01
3.5300000e+02		3.5400000e+02		3.5350000e+02		7.5263834e+02		1.2121583e+01		3.6143866e+01		2.0968587e+01		2.0796318e+01		1.7226942e-01
3.5400000e+02		3.5500000e+02		3.5450000e+02		8.0329241e+02		1.4164079e+01		4.2003907e+01		2.4501776e+01		2.4300247e+01		2.0152828e-01
3.5500000e+02		3.5600000e+02		3.5550000e+02		7.5433512e+02		1.4455862e+01		4.2673204e+01		2.5007085e+01		2.4805085e+01		2.0199942e-01
3.5600000e+02		3.5700000e+02		3.5650000e+02		6.5576441e+02		1.3395368e+01		3.9423433e+01		2.3173527e+01		2.2992706e+01		1.8082117e-01
3.5700000e+02		3.5800000e+02		3.5750000e+02		5.7307986e+02		1.2461320e+01		3.6568029e+01		2.1558540e+01		2.1396058e+01		1.6248217e-01
3.5800000e+02		3.5900000e+02		3.5850000e+02		4.9194729e+02		1.1623852e+01		3.3975416e+01		2.0110635e+01		1.9965186e+01		1.4544993e-01
3.5900000e+02		3.6000000e+02		3.5950000e+02		7.1030971e+02		1.7813544e+01		5.1928928e+01		3.0820712e+01		3.0605445e+01		2.1526707e-01
3.6000000e+02		3.6100000e+02		3.6050000e+02		7.0092701e+02		1.8957663e+01		5.5054473e+01		3.2801146e+01		3.2577869e+01		2.2327716e-01
3.6100000e+02		3.6200000e+02		3.6150000e+02		6.5110481e+02		1.7972086e+01		5.2127881e+01		3.1095693e+01		3.0882876e+01		2.1281697e-01
3.6200000e+02		3.6300000e+02		3.6250000e+02		7.3500056e+02		2.0600559e+01		5.9693680e+01		3.5643266e+01		3.5397588e+01		2.4567797e-01
3.6300000e+02		3.6400000e+02		3.6350000e+02		7.1558904e+02		2.1889981e+01		6.3132143e+01		3.7874839e+01		3.7617696e+01		2.5714361e-01
3.6400000e+02		3.6500000e+02		3.6450000e+02		7.4837927e+02		2.1241092e+01		6.1487416e+01		3.6750724e+01		3.6492246e+01		2.5847757e-01
3.6500000e+02		3.6600000e+02		3.6550000e+02		8.5179486e+02		2.7153476e+01		7.8114945e+01		4.6981484e+01		4.6659625e+01		3.2185842e-01
3.6600000e+02		3.6700000e+02		3.6650000e+02		9.1042532e+02		2.6973533e+01		7.7869549e+01		4.6668631e+01		4.6339114e+01		3.2951647e-01
3.6700000e+02		3.6800000e+02		3.6750000e+02		8.7909512e+02		2.8052306e+01		8.0653085e+01		4.8535903e+01		4.8198511e+01		3.3739186e-01
3.6800000e+02		3.6900000e+02		3.6850000e+02		8.1047729e+02		2.0623415e+01		5.9982196e+01		3.5679443e+01		3.5411693e+01		2.6775054e-01
3.6900000e+02		3.7000000e+02		3.6950000e+02		8.9967825e+02		2.7127709e+01		7.8180392e+01		4.6934489e+01		4.6597325e+01		3.3716405e-01
3.7000000e+02		3.7100000e+02		3.7050000e+02		8.4427990e+02		4.5095747e+01		1.2633917e+02		7.8036529e+01		7.7573021e+01		4.6350799e-01
3.7100000e+02		3.7200000e+02		3.7150000e+02		8.7164560e+02		4.8576948e+01		1.3586157e+02		8.4062520e+01		8.3575544e+01		4.8697599e-01
3.7200000e+02		3.7300000e+02		3.7250000e+02		7.2411383e+02		4.2024662e+01		1.1735040e+02		7.2725361e+01		7.2314350e+01		4.1101177e-01
3.7300000e+02		3.7400000e+02		3.7350000e+02		6.3155746e+02		3.8178261e+01		1.0644291e+02		6.6070446e+01		6.5706345e+01		3.6410046e-01
3.7400000e+02		3.7500000e+02		3.7450000e+02		6.4642322e+02		4.0713463e+01		1.1333521e+02		7.0459333e+01		7.0080914e+01		3.7841927e-01
3.7500000e+02		3.7600000e+02		3.7550000e+02		7.4036161e+02		4.7981204e+01		1.3350567e+02		8.3039967e+01		8.2613234e+01		4.2673283e-01
3.7600000e+02		3.7700000e+02		3.7650000e+02		7.6758018e+02		5.0598263e+01		1.4087132e+02		8.7573502e+01		8.7151012e+01		4.2248991e-01
3.7700000e+02		3.7800000e+02		3.7750000e+02		9.0048278e+02		6.0435393e+01		1.6835559e+02		1.0460408e+02		1.0413087e+02		4.7320664e-01
3.7800000e+02		3.7900000e+02		3.7850000e+02		9.3786543e+02		6.4150260e+01		1.7880277e+02		1.1103884e+02		1.1056840e+02		4.7044127e-01
3.7900000e+02		3.8000000e+02		3.7950000e+02		7.6051322e+02		5.3080645e+01		1.4802618e+02		9.1882132e+01		9.1518037e+01		3.6409554e-01
3.8000000e+02		3.8100000e+02		3.8050000e+02		8.2814537e+02		5.9432738e+01		1.6563250e+02		1.0287970e+02		1.0248592e+02		3.9377751e-01
3.8100000e+02		3.8200000e+02		3.8150000e+02		7.4366886e+02		5.5248233e+01		1.5369489e+02		9.5636294e+01		9.5270830e+01		3.6546448e-01
3.8200000e+02		3.8300000e+02		3.8250000e+02		5.3336093e+02		4.1015314e+01		1.1389763e+02		7.0998771e+01		7.0727927e+01		2.7084413e-01
3.8300000e+02		3.8400000e+02		3.8350000e+02		4.7073026e+02		3.7464750e+01		1.0385482e+02		6.4852705e+01		6.4605760e+01		2.4694458e-01
3.8400000e+02		3.8500000e+02		3.8450000e+02		6.2969557e+02		5.1878238e+01		1.4355748e+02		8.9803032e+01		8.9461788e+01		3.4124400e-01
3.8500000e+02		3.8600000e+02		3.8550000e+02		6.6694888e+02		5.6788854e+01		1.5688881e+02		9.8303553e+01		9.7930483e+01		3.7307010e-01
3.8600000e+02		3.8700000e+02		3.8650000e+02		6.6977732e+02		5.8842023e+01		1.6231449e+02		1.0185769e+02		1.0147129e+02		3.8639767e-01
3.8700000e+02		3.8800000e+02		3.8750000e+02		6.6902499e+02		6.0639555e+01		1.6702139e+02		1.0496931e+02		1.0457131e+02		3.9799868e-01
3.8800000e+02		3.8900000e+02		3.8850000e+02		6.7841027e+02		6.3433610e+01		1.7445682e+02		1.0980596e+02		1.0938987e+02		4.1609202e-01
3.8900000e+02		3.9000000e+02		3.8950000e+02		8.1451188e+02		7.8561339e+01		2.1574228e+02		1.3599268e+02		1.3547771e+02		5.1497195e-01
3.9000000e+02		3.9100000e+02		3.9050000e+02		8.5560997e+02		8.4904084e+01		2.3288009e+02		1.4697236e+02		1.4641676e+02		5.5560548e-01
3.9100000e+02		3.9200000e+02		3.9150000e+02		9.2006232e+02		9.3663662e+01		2.5667004e+02		1.6213579e+02		1.6152442e+02		6.1136703e-01
3.9200000e+02		3.9300000e+02		3.9250000e+02		7.0614281e+02		7.3744389e+01		2.0190052e+02		1.2765486e+02		1.2717475e+02		4.8011911e-01
3.9300000e+02		3.9400000e+02		3.9350000e+02		4.3291589e+02		4.6378631e+01		1.2686283e+02		8.0283623e+01		7.9982449e+01		3.0117448e-01
3.9400000e+02		3.9500000e+02		3.9450000e+02		7.1565803e+02		7.8649375e+01		2.1494296e+02		1.3614603e+02		1.3563662e+02		5.0940940e-01
3.9500000e+02		3.9600000e+02		3.9550000e+02		8.7888136e+02		9.9141201e+01		2.7057014e+02		1.7161798e+02		1.7097310e+02		6.4488253e-01
3.9600000e+02		3.9700000e+02		3.9650000e+02		6.0712893e+02		7.0333410e+01		1.9158950e+02		1.2174958e+02		1.2128695e+02		4.6262863e-01
3.9700000e+02		3.9800000e+02		3.9750000e+02		6.8053003e+02		8.0953832e+01		2.2010783e+02		1.4013298e+02		1.3959452e+02		5.3845829e-01
3.9800000e+02		3.9900000e+02		3.9850000e+02		1.0480559e+03		1.2800928e+02		3.4740103e+02		2.2158558e+02		2.2072459e+02		8.6098925e-01
3.9900000e+02		4.0000000e+02		3.9950000e+02		1.1577145e+03		1.4516920e+02		3.9324163e+02		2.5128791e+02		2.5030055e+02		9.8735801e-01
4.0000000e+02		4.0100000e+02		4.0050000e+02		1.1939713e+03		1.5306912e+02		4.1407579e+02		2.6496124e+02		2.6391083e+02		1.0504085e+00
