Left Bin Edge (nm)	Right Bin Edge (nm)	Bin Center (nm)		Top of Atm Intensity (erg/s/nm/cm2)		Total Surface Flux (erg/s/nm/cm2)		Total Intensity at BOA (erg/s/nm/cm2)		Total Surface Intensity (erg/s/nm/cm2)		Total Surface Diffuse Intensity (erg/s/nm/cm2)		Total Surface Direct Intensity (erg/s/nm/cm2)
1.0000000e+02		1.0100000e+02		1.0050000e+02		4.4569042e-02		0.0000000e+00		0.0000000e+00		0.0000000e+00		0.0000000e+00		0.0000000e+00
1.0100000e+02		1.0200000e+02		1.0150000e+02		1.7387199e-01		0.0000000e+00		0.0000000e+00		0.0000000e+00		0.0000000e+00		0.0000000e+00
1.0200000e+02		1.0300000e+02		1.0250000e+02		9.2286085e-01		0.0000000e+00		0.0000000e+00		0.0000000e+00		0.0000000e+00		0.0000000e+00
1.0300000e+02		1.0400000e+02		1.0350000e+02		7.0094286e-01		0.0000000e+00		0.0000000e+00		0.0000000e+00		0.0000000e+00		0.0000000e+00
1.0400000e+02		1.0500000e+02		1.0450000e+02		1.4124828e-01		0.0000000e+00		0.0000000e+00		0.0000000e+00		0.0000000e+00		0.0000000e+00
1.0500000e+02		1.0600000e+02		1.0550000e+02		4.8389941e-02		0.0000000e+00		0.0000000e+00		0.0000000e+00		0.0000000e+00		0.0000000e+00
1.0600000e+02		1.0700000e+02		1.0650000e+02		4.5487167e-02		0.0000000e+00		0.0000000e+00		0.0000000e+00		0.0000000e+00		0.0000000e+00
1.0700000e+02		1.0800000e+02		1.0750000e+02		5.0757295e-02		0.0000000e+00		0.0000000e+00		0.0000000e+00		0.0000000e+00		0.0000000e+00
1.0800000e+02		1.0900000e+02		1.0850000e+02		7.1152114e-02		0.0000000e+00		0.0000000e+00		0.0000000e+00		0.0000000e+00		0.0000000e+00
1.0900000e+02		1.1000000e+02		1.0950000e+02		5.5817450e-02		0.0000000e+00		0.0000000e+00		0.0000000e+00		0.0000000e+00		0.0000000e+00
1.1000000e+02		1.1100000e+02		1.1050000e+02		5.4043772e-02		0.0000000e+00		0.0000000e+00		0.0000000e+00		0.0000000e+00		0.0000000e+00
1.1100000e+02		1.1200000e+02		1.1150000e+02		5.0797691e-02		0.0000000e+00		0.0000000e+00		0.0000000e+00		0.0000000e+00		0.0000000e+00
1.1200000e+02		1.1300000e+02		1.1250000e+02		5.1969037e-02		0.0000000e+00		0.0000000e+00		0.0000000e+00		0.0000000e+00		0.0000000e+00
1.1300000e+02		1.1400000e+02		1.1350000e+02		4.1221387e-02		0.0000000e+00		0.0000000e+00		0.0000000e+00		0.0000000e+00		0.0000000e+00
1.1400000e+02		1.1500000e+02		1.1450000e+02		3.1562600e-02		0.0000000e+00		0.0000000e+00		0.0000000e+00		0.0000000e+00		0.0000000e+00
1.1500000e+02		1.1600000e+02		1.1550000e+02		4.3552050e-02		0.0000000e+00		0.0000000e+00		0.0000000e+00		0.0000000e+00		0.0000000e+00
1.1600000e+02		1.1700000e+02		1.1650000e+02		1.0143732e-01		0.0000000e+00		0.0000000e+00		0.0000000e+00		0.0000000e+00		0.0000000e+00
1.1700000e+02		1.1800000e+02		1.1750000e+02		3.6108525e-01		0.0000000e+00		0.0000000e+00		0.0000000e+00		0.0000000e+00		0.0000000e+00
1.1800000e+02		1.1900000e+02		1.1850000e+02		1.2283927e-01		0.0000000e+00		0.0000000e+00		0.0000000e+00		0.0000000e+00		0.0000000e+00
1.1900000e+02		1.2000000e+02		1.1950000e+02		1.7115732e-01		0.0000000e+00		0.0000000e+00		0.0000000e+00		0.0000000e+00		0.0000000e+00
1.2000000e+02		1.2100000e+02		1.2050000e+02		9.3056497e-01		0.0000000e+00		0.0000000e+00		0.0000000e+00		0.0000000e+00		0.0000000e+00
1.2100000e+02		1.2200000e+02		1.2150000e+02		3.6941242e+01		0.0000000e+00		0.0000000e+00		0.0000000e+00		0.0000000e+00		0.0000000e+00
1.2200000e+02		1.2300000e+02		1.2250000e+02		2.4773856e-01		0.0000000e+00		0.0000000e+00		0.0000000e+00		0.0000000e+00		0.0000000e+00
1.2300000e+02		1.2400000e+02		1.2350000e+02		1.3344721e-01		0.0000000e+00		0.0000000e+00		0.0000000e+00		0.0000000e+00		0.0000000e+00
1.2400000e+02		1.2500000e+02		1.2450000e+02		1.0726631e-01		0.0000000e+00		0.0000000e+00		0.0000000e+00		0.0000000e+00		0.0000000e+00
1.2500000e+02		1.2600000e+02		1.2550000e+02		1.0471361e-01		0.0000000e+00		0.0000000e+00		0.0000000e+00		0.0000000e+00		0.0000000e+00
1.2600000e+02		1.2700000e+02		1.2650000e+02		1.4644878e-01		0.0000000e+00		0.0000000e+00		0.0000000e+00		0.0000000e+00		0.0000000e+00
1.2700000e+02		1.2800000e+02		1.2750000e+02		7.6659940e-02		0.0000000e+00		0.0000000e+00		0.0000000e+00		0.0000000e+00		0.0000000e+00
1.2800000e+02		1.2900000e+02		1.2850000e+02		6.1165494e-02		0.0000000e+00		0.0000000e+00		0.0000000e+00		0.0000000e+00		0.0000000e+00
1.2900000e+02		1.3000000e+02		1.2950000e+02		8.1594975e-02		0.0000000e+00		0.0000000e+00		0.0000000e+00		0.0000000e+00		0.0000000e+00
1.3000000e+02		1.3100000e+02		1.3050000e+02		6.7007791e-01		0.0000000e+00		0.0000000e+00		0.0000000e+00		0.0000000e+00		0.0000000e+00
1.3100000e+02		1.3200000e+02		1.3150000e+02		9.0731094e-02		0.0000000e+00		0.0000000e+00		0.0000000e+00		0.0000000e+00		0.0000000e+00
1.3200000e+02		1.3300000e+02		1.3250000e+02		7.0547730e-02		0.0000000e+00		0.0000000e+00		0.0000000e+00		0.0000000e+00		0.0000000e+00
1.3300000e+02		1.3400000e+02		1.3350000e+02		9.5357088e-01		0.0000000e+00		0.0000000e+00		0.0000000e+00		0.0000000e+00		0.0000000e+00
1.3400000e+02		1.3500000e+02		1.3450000e+02		6.5246966e-02		0.0000000e+00		0.0000000e+00		0.0000000e+00		0.0000000e+00		0.0000000e+00
1.3500000e+02		1.3600000e+02		1.3550000e+02		1.3692679e-01		0.0000000e+00		0.0000000e+00		0.0000000e+00		0.0000000e+00		0.0000000e+00
1.3600000e+02		1.3700000e+02		1.3650000e+02		8.9861989e-02		0.0000000e+00		0.0000000e+00		0.0000000e+00		0.0000000e+00		0.0000000e+00
1.3700000e+02		1.3800000e+02		1.3750000e+02		9.2282630e-02		0.0000000e+00		0.0000000e+00		0.0000000e+00		0.0000000e+00		0.0000000e+00
1.3800000e+02		1.3900000e+02		1.3850000e+02		9.4180145e-02		0.0000000e+00		0.0000000e+00		0.0000000e+00		0.0000000e+00		0.0000000e+00
1.3900000e+02		1.4000000e+02		1.3950000e+02		3.1801144e-01		0.0000000e+00		0.0000000e+00		0.0000000e+00		0.0000000e+00		0.0000000e+00
1.4000000e+02		1.4100000e+02		1.4050000e+02		2.7729440e-01		0.0000000e+00		0.0000000e+00		0.0000000e+00		0.0000000e+00		0.0000000e+00
1.4100000e+02		1.4200000e+02		1.4150000e+02		1.3359910e-01		0.0000000e+00		0.0000000e+00		0.0000000e+00		0.0000000e+00		0.0000000e+00
1.4200000e+02		1.4300000e+02		1.4250000e+02		1.4479671e-01		0.0000000e+00		0.0000000e+00		0.0000000e+00		0.0000000e+00		0.0000000e+00
1.4300000e+02		1.4400000e+02		1.4350000e+02		1.6064305e-01		0.0000000e+00		0.0000000e+00		0.0000000e+00		0.0000000e+00		0.0000000e+00
1.4400000e+02		1.4500000e+02		1.4450000e+02		1.5363637e-01		0.0000000e+00		0.0000000e+00		0.0000000e+00		0.0000000e+00		0.0000000e+00
1.4500000e+02		1.4600000e+02		1.4550000e+02		1.6382583e-01		0.0000000e+00		0.0000000e+00		0.0000000e+00		0.0000000e+00		0.0000000e+00
1.4600000e+02		1.4700000e+02		1.4650000e+02		1.9977093e-01		0.0000000e+00		0.0000000e+00		0.0000000e+00		0.0000000e+00		0.0000000e+00
1.4700000e+02		1.4800000e+02		1.4750000e+02		2.4643334e-01		0.0000000e+00		0.0000000e+00		0.0000000e+00		0.0000000e+00		0.0000000e+00
1.4800000e+02		1.4900000e+02		1.4850000e+02		2.4167300e-01		0.0000000e+00		0.0000000e+00		0.0000000e+00		0.0000000e+00		0.0000000e+00
1.4900000e+02		1.5000000e+02		1.4950000e+02		2.1832777e-01		0.0000000e+00		0.0000000e+00		0.0000000e+00		0.0000000e+00		0.0000000e+00
1.5000000e+02		1.5100000e+02		1.5050000e+02		2.4023073e-01		0.0000000e+00		0.0000000e+00		0.0000000e+00		0.0000000e+00		0.0000000e+00
1.5100000e+02		1.5200000e+02		1.5150000e+02		2.5258505e-01		0.0000000e+00		0.0000000e+00		0.0000000e+00		0.0000000e+00		0.0000000e+00
1.5200000e+02		1.5300000e+02		1.5250000e+02		3.2229547e-01		0.0000000e+00		0.0000000e+00		0.0000000e+00		0.0000000e+00		0.0000000e+00
1.5300000e+02		1.5400000e+02		1.5350000e+02		3.5701286e-01		0.0000000e+00		0.0000000e+00		0.0000000e+00		0.0000000e+00		0.0000000e+00
1.5400000e+02		1.5500000e+02		1.5450000e+02		9.5486931e-01		0.0000000e+00		0.0000000e+00		0.0000000e+00		0.0000000e+00		0.0000000e+00
1.5500000e+02		1.5600000e+02		1.5550000e+02		7.8587524e-01		0.0000000e+00		0.0000000e+00		0.0000000e+00		0.0000000e+00		0.0000000e+00
1.5600000e+02		1.5700000e+02		1.5650000e+02		4.6648084e-01		0.0000000e+00		0.0000000e+00		0.0000000e+00		0.0000000e+00		0.0000000e+00
1.5700000e+02		1.5800000e+02		1.5750000e+02		4.2309893e-01		0.0000000e+00		0.0000000e+00		0.0000000e+00		0.0000000e+00		0.0000000e+00
1.5800000e+02		1.5900000e+02		1.5850000e+02		3.9008072e-01		0.0000000e+00		0.0000000e+00		0.0000000e+00		0.0000000e+00		0.0000000e+00
1.5900000e+02		1.6000000e+02		1.5950000e+02		3.8042347e-01		0.0000000e+00		0.0000000e+00		0.0000000e+00		0.0000000e+00		0.0000000e+00
1.6000000e+02		1.6100000e+02		1.6050000e+02		4.1635449e-01		0.0000000e+00		0.0000000e+00		0.0000000e+00		0.0000000e+00		0.0000000e+00
1.6100000e+02		1.6200000e+02		1.6150000e+02		4.7164413e-01		0.0000000e+00		0.0000000e+00		0.0000000e+00		0.0000000e+00		0.0000000e+00
1.6200000e+02		1.6300000e+02		1.6250000e+02		5.2241459e-01		0.0000000e+00		0.0000000e+00		0.0000000e+00		0.0000000e+00		0.0000000e+00
1.6300000e+02		1.6400000e+02		1.6350000e+02		1.1072121e+00		0.0000000e+00		0.0000000e+00		0.0000000e+00		0.0000000e+00		0.0000000e+00
1.6400000e+02		1.6500000e+02		1.6450000e+02		1.1323318e+00		0.0000000e+00		0.0000000e+00		0.0000000e+00		0.0000000e+00		0.0000000e+00
1.6500000e+02		1.6600000e+02		1.6550000e+02		1.3255566e+00		0.0000000e+00		0.0000000e+00		0.0000000e+00		0.0000000e+00		0.0000000e+00
1.6600000e+02		1.6700000e+02		1.6650000e+02		6.2522883e-01		0.0000000e+00		0.0000000e+00		0.0000000e+00		0.0000000e+00		0.0000000e+00
1.6700000e+02		1.6800000e+02		1.6750000e+02		6.6723830e-01		0.0000000e+00		0.0000000e+00		0.0000000e+00		0.0000000e+00		0.0000000e+00
1.6800000e+02		1.6900000e+02		1.6850000e+02		7.1904320e-01		0.0000000e+00		0.0000000e+00		0.0000000e+00		0.0000000e+00		0.0000000e+00
1.6900000e+02		1.7000000e+02		1.6950000e+02		9.0554889e-01		0.0000000e+00		0.0000000e+00		0.0000000e+00		0.0000000e+00		0.0000000e+00
1.7000000e+02		1.7100000e+02		1.7050000e+02		1.0161854e+00		0.0000000e+00		0.0000000e+00		0.0000000e+00		0.0000000e+00		0.0000000e+00
1.7100000e+02		1.7200000e+02		1.7150000e+02		1.0130704e+00		0.0000000e+00		0.0000000e+00		0.0000000e+00		0.0000000e+00		0.0000000e+00
1.7200000e+02		1.7300000e+02		1.7250000e+02		1.0571150e+00		0.0000000e+00		0.0000000e+00		0.0000000e+00		0.0000000e+00		0.0000000e+00
1.7300000e+02		1.7400000e+02		1.7350000e+02		1.0479596e+00		0.0000000e+00		0.0000000e+00		0.0000000e+00		0.0000000e+00		0.0000000e+00
1.7400000e+02		1.7500000e+02		1.7450000e+02		1.2530722e+00		0.0000000e+00		0.0000000e+00		0.0000000e+00		0.0000000e+00		0.0000000e+00
1.7500000e+02		1.7600000e+02		1.7550000e+02		1.4954862e+00		0.0000000e+00		0.0000000e+00		0.0000000e+00		0.0000000e+00		0.0000000e+00
1.7600000e+02		1.7700000e+02		1.7650000e+02		1.6135596e+00		0.0000000e+00		0.0000000e+00		0.0000000e+00		0.0000000e+00		0.0000000e+00
1.7700000e+02		1.7800000e+02		1.7750000e+02		1.9010195e+00		0.0000000e+00		0.0000000e+00		0.0000000e+00		0.0000000e+00		0.0000000e+00
1.7800000e+02		1.7900000e+02		1.7850000e+02		2.0776624e+00		0.0000000e+00		0.0000000e+00		0.0000000e+00		0.0000000e+00		0.0000000e+00
1.7900000e+02		1.8000000e+02		1.7950000e+02		2.0198657e+00		0.0000000e+00		0.0000000e+00		0.0000000e+00		0.0000000e+00		0.0000000e+00
1.8000000e+02		1.8100000e+02		1.8050000e+02		2.4976225e+00		0.0000000e+00		0.0000000e+00		0.0000000e+00		0.0000000e+00		0.0000000e+00
1.8100000e+02		1.8200000e+02		1.8150000e+02		3.0410490e+00		0.0000000e+00		0.0000000e+00		0.0000000e+00		0.0000000e+00		0.0000000e+00
1.8200000e+02		1.8300000e+02		1.8250000e+02		2.8073836e+00		0.0000000e+00		0.0000000e+00		0.0000000e+00		0.0000000e+00		0.0000000e+00
1.8300000e+02		1.8400000e+02		1.8350000e+02		2.9562417e+00		0.0000000e+00		0.0000000e+00		0.0000000e+00		0.0000000e+00		0.0000000e+00
1.8400000e+02		1.8500000e+02		1.8450000e+02		2.5409769e+00		0.0000000e+00		0.0000000e+00		0.0000000e+00		0.0000000e+00		0.0000000e+00
1.8500000e+02		1.8600000e+02		1.8550000e+02		2.8735562e+00		0.0000000e+00		0.0000000e+00		0.0000000e+00		0.0000000e+00		0.0000000e+00
1.8600000e+02		1.8700000e+02		1.8650000e+02		3.2604304e+00		0.0000000e+00		0.0000000e+00		0.0000000e+00		0.0000000e+00		0.0000000e+00
1.8700000e+02		1.8800000e+02		1.8750000e+02		3.6946466e+00		0.0000000e+00		0.0000000e+00		0.0000000e+00		0.0000000e+00		0.0000000e+00
1.8800000e+02		1.8900000e+02		1.8850000e+02		3.8870616e+00		0.0000000e+00		0.0000000e+00		0.0000000e+00		0.0000000e+00		0.0000000e+00
1.8900000e+02		1.9000000e+02		1.8950000e+02		4.3106081e+00		0.0000000e+00		0.0000000e+00		0.0000000e+00		0.0000000e+00		0.0000000e+00
1.9000000e+02		1.9100000e+02		1.9050000e+02		4.4384288e+00		0.0000000e+00		0.0000000e+00		0.0000000e+00		0.0000000e+00		0.0000000e+00
1.9100000e+02		1.9200000e+02		1.9150000e+02		4.8094361e+00		0.0000000e+00		0.0000000e+00		0.0000000e+00		0.0000000e+00		0.0000000e+00
1.9200000e+02		1.9300000e+02		1.9250000e+02		5.0365493e+00		7.2207775e-276		0.0000000e+00		1.2506754e-275		1.2506754e-275		4.4703225e-287
1.9300000e+02		1.9400000e+02		1.9350000e+02		3.8447944e+00		1.0461160e-197		0.0000000e+00		1.6059241e-197		2.7230341e-198		1.3336207e-197
1.9400000e+02		1.9500000e+02		1.9450000e+02		6.1679797e+00		5.1099999e-154		0.0000000e+00		7.8912377e-154		1.6793288e-154		6.2119089e-154
1.9500000e+02		1.9600000e+02		1.9550000e+02		5.9528271e+00		4.5266660e-100		7.5895519e-92		7.0967692e-100		2.2825308e-100		4.8142384e-100
1.9600000e+02		1.9700000e+02		1.9650000e+02		6.5508102e+00		3.8393538e-78		1.1830133e-71		6.0890274e-78		2.4576726e-78		3.6313549e-78
1.9700000e+02		1.9800000e+02		1.9750000e+02		6.5190955e+00		6.5477171e-58		5.1084843e-53		1.0580529e-57		5.6575114e-58		4.9230180e-58
1.9800000e+02		1.9900000e+02		1.9850000e+02		6.3883794e+00		2.2523540e-38		5.2888967e-35		3.7745166e-38		2.9544446e-38		8.2007203e-39
1.9900000e+02		2.0000000e+02		1.9950000e+02		6.7274707e+00		1.4883408e-26		4.1561578e-24		2.5587863e-26		2.4351647e-26		1.2362155e-27
2.0000000e+02		2.0100000e+02		2.0050000e+02		7.1125146e+00		7.6598660e-19		5.1460624e-17		1.3248737e-18		1.3128710e-18		1.2002721e-20
2.0100000e+02		2.0200000e+02		2.0150000e+02		7.5701275e+00		1.5516001e-09		1.9106338e-08		2.6872496e-09		2.6859506e-09		1.2990042e-12
2.0200000e+02		2.0300000e+02		2.0250000e+02		7.4828608e+00		1.6330907e-08		1.6756424e-07		2.8284235e-08		2.8273057e-08		1.1177950e-11
2.0300000e+02		2.0400000e+02		2.0350000e+02		8.0092047e+00		9.8430917e-07		7.4621276e-06		1.7048170e-06		1.7044511e-06		3.6590650e-10
2.0400000e+02		2.0500000e+02		2.0450000e+02		8.6207445e+00		1.3042436e-05		8.2391275e-05		2.2589640e-05		2.2586264e-05		3.3755939e-09
2.0500000e+02		2.0600000e+02		2.0550000e+02		8.6400754e+00		1.4647008e-05		9.1526363e-05		2.5368624e-05		2.5363845e-05		4.7794928e-09
2.0600000e+02		2.0700000e+02		2.0650000e+02		8.6510225e+00		3.9968978e-05		2.3227759e-04		6.9226313e-05		6.9213449e-05		1.2864418e-08
2.0700000e+02		2.0800000e+02		2.0750000e+02		9.3957826e+00		1.2048716e-04		6.5128717e-04		2.0868410e-04		2.0864670e-04		3.7400714e-08
2.0800000e+02		2.0900000e+02		2.0850000e+02		1.0163489e+01		1.3748573e-04		7.3813801e-04		2.3812396e-04		2.3807012e-04		5.3836569e-08
2.0900000e+02		2.1000000e+02		2.0950000e+02		1.3129215e+01		5.8309720e-04		2.8849767e-03		1.0099224e-03		1.0097181e-03		2.0430413e-07
2.1000000e+02		2.1100000e+02		2.1050000e+02		1.6183343e+01		6.7913020e-04		3.3610680e-03		1.1762405e-03		1.1759331e-03		3.0739038e-07
2.1100000e+02		2.1200000e+02		2.1150000e+02		1.8424170e+01		1.8234435e-03		8.5122469e-03		3.1581736e-03		3.1573757e-03		7.9789656e-07
2.1200000e+02		2.1300000e+02		2.1250000e+02		1.6428561e+01		2.8466893e-03		1.2787239e-02		4.9304087e-03		4.9291024e-03		1.3062431e-06
2.1300000e+02		2.1400000e+02		2.1350000e+02		1.6737981e+01		3.5964587e-03		1.5885509e-02		6.2289519e-03		6.2270271e-03		1.9248320e-06
2.1400000e+02		2.1500000e+02		2.1450000e+02		2.1432541e+01		1.0233210e-02		4.2926834e-02		1.7723638e-02		1.7718445e-02		5.1930235e-06
2.1500000e+02		2.1600000e+02		2.1550000e+02		1.8408135e+01		9.6175118e-03		3.9980094e-02		1.6657111e-02		1.6651235e-02		5.8765315e-06
2.1600000e+02		2.1700000e+02		2.1650000e+02		1.7036901e+01		1.7541903e-02		6.9866782e-02		3.0381865e-02		3.0371498e-02		1.0367296e-05
2.1700000e+02		2.1800000e+02		2.1750000e+02		1.7640866e+01		2.3787912e-02		9.2964823e-02		4.1199453e-02		4.1183788e-02		1.5664528e-05
2.1800000e+02		2.1900000e+02		2.1850000e+02		2.3730294e+01		4.7907024e-02		1.8242688e-01		8.2972278e-02		8.2939123e-02		3.3155437e-05
2.1900000e+02		2.2000000e+02		2.1950000e+02		2.5052511e+01		7.8250181e-02		2.9001771e-01		1.3552469e-01		1.3546905e-01		5.5648607e-05
2.2000000e+02		2.2100000e+02		2.2050000e+02		2.5203754e+01		9.0781728e-02		3.3264257e-01		1.5722709e-01		1.5715282e-01		7.4273835e-05
2.2100000e+02		2.2200000e+02		2.2150000e+02		2.0176768e+01		1.1734468e-01		4.1804485e-01		2.0323223e-01		2.0313694e-01		9.5288693e-05
2.2200000e+02		2.2300000e+02		2.2250000e+02		2.7154039e+01		1.9350686e-01		6.7978211e-01		3.3513681e-01		3.3496264e-01		1.7417664e-04
2.2300000e+02		2.2400000e+02		2.2350000e+02		3.5163062e+01		3.7183537e-01		1.2768998e+00		6.4398551e-01		6.4364727e-01		3.3823120e-04
2.2400000e+02		2.2500000e+02		2.2450000e+02		3.2875934e+01		4.0255340e-01		1.3674007e+00		6.9717936e-01		6.9676771e-01		4.1165313e-04
2.2500000e+02		2.2600000e+02		2.2550000e+02		2.8720078e+01		4.6743272e-01		1.5612488e+00		8.0953985e-01		8.0903896e-01		5.0089442e-04
2.2600000e+02		2.2700000e+02		2.2650000e+02		2.1037217e+01		4.2073075e-01		1.3869760e+00		7.2865175e-01		7.2816434e-01		4.8740799e-04
2.2700000e+02		2.2800000e+02		2.2750000e+02		2.0463841e+01		5.0707951e-01		1.6497217e+00		8.7819032e-01		8.7756142e-01		6.2890152e-04
2.2800000e+02		2.2900000e+02		2.2850000e+02		2.8509984e+01		8.9492681e-01		2.8716531e+00		1.5498783e+00		1.5487104e+00		1.1678726e-03
2.2900000e+02		2.3000000e+02		2.2950000e+02		2.5620938e+01		9.7286802e-01		3.0855039e+00		1.6848468e+00		1.6834868e+00		1.3599363e-03
2.3000000e+02		2.3100000e+02		2.3050000e+02		2.9055844e+01		1.2834329e+00		4.0300247e+00		2.2226694e+00		2.2207174e+00		1.9519983e-03
2.3100000e+02		2.3200000e+02		2.3150000e+02		2.7387429e+01		1.4168440e+00		4.4043499e+00		2.4536867e+00		2.4513616e+00		2.3251285e-03
2.3200000e+02		2.3300000e+02		2.3250000e+02		2.9413108e+01		1.7433104e+00		5.3700087e+00		3.0190218e+00		3.0159118e+00		3.1100676e-03
2.3300000e+02		2.3400000e+02		2.3350000e+02		2.6543685e+01		1.7836770e+00		5.4472201e+00		3.0888839e+00		3.0854193e+00		3.4646423e-03
2.3400000e+02		2.3500000e+02		2.3450000e+02		2.3194371e+01		1.7396936e+00		5.2707685e+00		3.0126666e+00		3.0089698e+00		3.6968479e-03
2.3500000e+02		2.3600000e+02		2.3550000e+02		3.1223226e+01		2.5847732e+00		7.7727291e+00		4.4760279e+00		4.4700034e+00		6.0245563e-03
2.3600000e+02		2.3700000e+02		2.3650000e+02		2.8911473e+01		2.6288543e+00		7.8483057e+00		4.5522720e+00		4.5455570e+00		6.7149600e-03
2.3700000e+02		2.3800000e+02		2.3750000e+02		3.0878004e+01		3.0533697e+00		9.0536448e+00		5.2872682e+00		5.2787016e+00		8.5665606e-03
2.3800000e+02		2.3900000e+02		2.3850000e+02		2.5598090e+01		2.7286023e+00		8.0384772e+00		4.7247767e+00		4.7163533e+00		8.4234643e-03
2.3900000e+02		2.4000000e+02		2.3950000e+02		2.7890834e+01		3.1788406e+00		9.3074854e+00		5.5042430e+00		5.4934285e+00		1.0814462e-02
2.4000000e+02		2.4100000e+02		2.4050000e+02		2.5623038e+01		3.1037807e+00		9.0342776e+00		5.3741077e+00		5.3624664e+00		1.1641264e-02
2.4100000e+02		2.4200000e+02		2.4150000e+02		3.0005079e+01		3.8384809e+00		1.1109917e+01		6.6459905e+00		6.6301068e+00		1.5883606e-02
2.4200000e+02		2.4300000e+02		2.4250000e+02		4.1301739e+01		5.5526071e+00		1.5984052e+01		9.6134820e+00		9.5881332e+00		2.5348867e-02
2.4300000e+02		2.4400000e+02		2.4350000e+02		3.8791639e+01		5.4431589e+00		1.5588096e+01		9.4235881e+00		9.3961406e+00		2.7447499e-02
2.4400000e+02		2.4500000e+02		2.4450000e+02		3.6329084e+01		5.2744044e+00		1.5031563e+01		9.1309880e+00		9.1015419e+00		2.9446107e-02
2.4500000e+02		2.4600000e+02		2.4550000e+02		2.9476122e+01		4.4044047e+00		1.2493883e+01		7.6244460e+00		7.5972116e+00		2.7234315e-02
2.4600000e+02		2.4700000e+02		2.4650000e+02		2.8685918e+01		4.4385785e+00		1.2530620e+01		7.6831768e+00		7.6529661e+00		3.0210677e-02
2.4700000e+02		2.4800000e+02		2.4750000e+02		3.1678139e+01		5.0435255e+00		1.4173760e+01		8.7297991e+00		8.6919698e+00		3.7829283e-02
2.4800000e+02		2.4900000e+02		2.4850000e+02		2.5406301e+01		4.1496370e+00		1.1610266e+01		7.1820881e+00		7.1478154e+00		3.4272699e-02
2.4900000e+02		2.5000000e+02		2.4950000e+02		3.0967514e+01		5.1684927e+00		1.4399526e+01		8.9448326e+00		8.8978365e+00		4.6996081e-02
2.5000000e+02		2.5100000e+02		2.5050000e+02		3.3448743e+01		5.6530491e+00		1.5687684e+01		9.7826028e+00		9.7258565e+00		5.6746269e-02
2.5100000e+02		2.5200000e+02		2.5150000e+02		2.7888154e+01		4.7768747e+00		1.3204418e+01		8.2656362e+00		8.2128521e+00		5.2784071e-02
2.5200000e+02		2.5300000e+02		2.5250000e+02		2.5069906e+01		4.3912336e+00		1.2088141e+01		7.5976492e+00		7.5446256e+00		5.3023636e-02
2.5300000e+02		2.5400000e+02		2.5350000e+02		3.1592540e+01		5.5978750e+00		1.5351718e+01		9.6843508e+00		9.6102045e+00		7.4146296e-02
2.5400000e+02		2.5500000e+02		2.5450000e+02		3.5730773e+01		6.3726591e+00		1.7414096e+01		1.1023460e+01		1.0930820e+01		9.2639773e-02
2.5500000e+02		2.5600000e+02		2.5550000e+02		4.8755658e+01		8.7307104e+00		2.3775464e+01		1.5100535e+01		1.4961356e+01		1.3917885e-01
2.5600000e+02		2.5700000e+02		2.5650000e+02		6.2803876e+01		1.1569029e+01		3.1373339e+01		2.0007379e+01		1.9808203e+01		1.9917640e-01
2.5700000e+02		2.5800000e+02		2.5750000e+02		7.8843355e+01		1.4476464e+01		3.9134479e+01		2.5031765e+01		2.4758530e+01		2.7323492e-01
2.5800000e+02		2.5900000e+02		2.5850000e+02		8.2991293e+01		1.5491011e+01		4.1721071e+01		2.6782323e+01		2.6465790e+01		3.1653353e-01
2.5900000e+02		2.6000000e+02		2.5950000e+02		7.0629481e+01		1.3130067e+01		3.5255137e+01		2.2696676e+01		2.2403631e+01		2.9304554e-01
2.6000000e+02		2.6100000e+02		2.6050000e+02		5.7868388e+01		1.0783960e+01		2.8862930e+01		1.8637977e+01		1.8376508e+01		2.6146904e-01
2.6100000e+02		2.6200000e+02		2.6150000e+02		5.9092703e+01		1.1026172e+01		2.9418903e+01		1.9053088e+01		1.8763045e+01		2.9004231e-01
2.6200000e+02		2.6300000e+02		2.6250000e+02		7.0528613e+01		1.3341572e+01		3.5472153e+01		2.3049946e+01		2.2672302e+01		3.7764401e-01
2.6300000e+02		2.6400000e+02		2.6350000e+02		1.0614195e+02		2.0389715e+01		5.4020763e+01		3.5220335e+01		3.4600878e+01		6.1945769e-01
2.6400000e+02		2.6500000e+02		2.6450000e+02		1.6548208e+02		3.1615889e+01		8.3528793e+01		5.4599683e+01		5.3559707e+01		1.0399755e+00
2.6500000e+02		2.6600000e+02		2.6550000e+02		1.7356948e+02		3.3397538e+01		8.7955167e+01		5.7663964e+01		5.6483989e+01		1.1799755e+00
2.6600000e+02		2.6700000e+02		2.6650000e+02		1.6826276e+02		3.2458922e+01		8.5226992e+01		5.6030122e+01		5.4797630e+01		1.2324915e+00
2.6700000e+02		2.6800000e+02		2.6750000e+02		1.6940220e+02		3.2951253e+01		8.6246453e+01		5.6866452e+01		5.5527719e+01		1.3387330e+00
2.6800000e+02		2.6900000e+02		2.6850000e+02		1.6778062e+02		3.2704144e+01		8.5349788e+01		5.6425327e+01		5.5001657e+01		1.4236707e+00
2.6900000e+02		2.7000000e+02		2.6950000e+02		1.5737310e+02		3.1115275e+01		8.0935385e+01		5.3670682e+01		5.2229896e+01		1.4407860e+00
2.7000000e+02		2.7100000e+02		2.7050000e+02		1.8181465e+02		3.5733330e+01		9.2707301e+01		6.1617888e+01		5.9843711e+01		1.7741773e+00
2.7100000e+02		2.7200000e+02		2.7150000e+02		1.5108640e+02		2.9724171e+01		7.6901727e+01		5.1240507e+01		4.9665637e+01		1.5748705e+00
2.7200000e+02		2.7300000e+02		2.7250000e+02		1.2154404e+02		2.3905500e+01		6.1679697e+01		4.1196949e+01		3.9846558e+01		1.3503912e+00
2.7300000e+02		2.7400000e+02		2.7350000e+02		1.2960124e+02		2.5242705e+01		6.4976205e+01		4.3486159e+01		4.1961644e+01		1.5245157e+00
2.7400000e+02		2.7500000e+02		2.7450000e+02		8.9183780e+01		1.8064795e+01		4.6312578e+01		3.1113091e+01		2.9973360e+01		1.1397305e+00
2.7500000e+02		2.7600000e+02		2.7550000e+02		1.1893609e+02		2.3694706e+01		6.0620197e+01		4.0793474e+01		3.9194687e+01		1.5987870e+00
2.7600000e+02		2.7700000e+02		2.7650000e+02		1.6564211e+02		3.3603549e+01		8.5691381e+01		5.7834638e+01		5.5449581e+01		2.3850571e+00
2.7700000e+02		2.7800000e+02		2.7750000e+02		1.5837296e+02		3.2001223e+01		8.1405090e+01		5.5055593e+01		5.2646350e+01		2.4092431e+00
2.7800000e+02		2.7900000e+02		2.7850000e+02		1.0921797e+02		2.2359013e+01		5.6705017e+01		3.8453483e+01		3.6683123e+01		1.7703600e+00
2.7900000e+02		2.8000000e+02		2.7950000e+02		6.1368404e+01		1.2512814e+01		3.1657739e+01		2.1510903e+01		2.0462614e+01		1.0482884e+00
2.8000000e+02		2.8100000e+02		2.8050000e+02		6.7313201e+01		1.3865336e+01		3.4978702e+01		2.3826964e+01		2.2606631e+01		1.2203331e+00
2.8100000e+02		2.8200000e+02		2.8150000e+02		1.3943196e+02		2.8159855e+01		7.0912941e+01		4.8367619e+01		4.5734835e+01		2.6327841e+00
2.8200000e+02		2.8300000e+02		2.8250000e+02		1.8983287e+02		4.0662072e+01		1.0192952e+02		6.9825250e+01		6.5918129e+01		3.9071207e+00
2.8300000e+02		2.8400000e+02		2.8350000e+02		1.9610227e+02		4.0997318e+01		1.0260667e+02		7.0363267e+01		6.6180062e+01		4.1832045e+00
2.8400000e+02		2.8500000e+02		2.8450000e+02		1.4459284e+02		3.0880262e+01		7.7039753e+01		5.2979275e+01		4.9697644e+01		3.2816314e+00
2.8500000e+02		2.8600000e+02		2.8550000e+02		9.2944992e+01		1.9667219e+01		4.8963836e+01		3.3724637e+01		3.1523628e+01		2.2010096e+00
2.8600000e+02		2.8700000e+02		2.8650000e+02		1.9045522e+02		4.1431675e+01		1.0280101e+02		7.1019057e+01		6.6210883e+01		4.8081737e+00
2.8700000e+02		2.8800000e+02		2.8750000e+02		2.2108403e+02		4.8100128e+01		1.1906444e+02		8.2408938e+01		7.6563539e+01		5.8453984e+00
2.8800000e+02		2.8900000e+02		2.8850000e+02		2.1010240e+02		4.6481929e+01		1.1472046e+02		7.9602003e+01		7.3729856e+01		5.8721471e+00
2.8900000e+02		2.9000000e+02		2.8950000e+02		3.1885068e+02		7.2727868e+01		1.7888465e+02		1.2450196e+02		1.1500870e+02		9.4932569e+00
2.9000000e+02		2.9100000e+02		2.9050000e+02		4.1860542e+02		9.3860435e+01		2.3047297e+02		1.6058181e+02		1.4770382e+02		1.2877981e+01
2.9100000e+02		2.9200000e+02		2.9150000e+02		4.0318642e+02		9.5405776e+01		2.3328288e+02		1.6317984e+02		1.4979322e+02		1.3386625e+01
2.9200000e+02		2.9300000e+02		2.9250000e+02		3.5818014e+02		8.1638794e+01		1.9943560e+02		1.3953200e+02		1.2742247e+02		1.2109537e+01
2.9300000e+02		2.9400000e+02		2.9350000e+02		3.7393440e+02		9.0107566e+01		2.1919260e+02		1.5396367e+02		1.4032193e+02		1.3641736e+01
2.9400000e+02		2.9500000e+02		2.9450000e+02		3.4819581e+02		8.3112454e+01		2.0179452e+02		1.4192483e+02		1.2878190e+02		1.3142933e+01
2.9500000e+02		2.9600000e+02		2.9550000e+02		3.7701055e+02		9.5462200e+01		2.3078342e+02		1.6297150e+02		1.4760343e+02		1.5368072e+01
2.9600000e+02		2.9700000e+02		2.9650000e+02		3.4493460e+02		8.3767943e+01		2.0236806e+02		1.4289250e+02		1.2866410e+02		1.4228396e+01
2.9700000e+02		2.9800000e+02		2.9750000e+02		3.5165811e+02		9.0537986e+01		2.1779585e+02		1.5440030e+02		1.3875894e+02		1.5641362e+01
2.9800000e+02		2.9900000e+02		2.9850000e+02		3.0223333e+02		7.4919263e+01		1.8007786e+02		1.2766122e+02		1.1404841e+02		1.3612811e+01
2.9900000e+02		3.0000000e+02		2.9950000e+02		3.4101318e+02		9.0695807e+01		2.1699140e+02		1.5451439e+02		1.3784199e+02		1.6672399e+01
3.0000000e+02		3.0100000e+02		3.0050000e+02		2.7131061e+02		7.0150582e+01		1.6764755e+02		1.1941955e+02		1.0592277e+02		1.3496779e+01
3.0100000e+02		3.0200000e+02		3.0150000e+02		3.1202593e+02		8.8319889e+01		2.0995924e+02		1.5034070e+02		1.3328970e+02		1.7051002e+01
3.0200000e+02		3.0300000e+02		3.0250000e+02		3.2846528e+02		8.7754794e+01		2.0860030e+02		1.4923207e+02		1.3134038e+02		1.7891684e+01
3.0300000e+02		3.0400000e+02		3.0350000e+02		4.2601061e+02		1.2468861e+02		2.9484446e+02		2.1203119e+02		1.8655142e+02		2.5479767e+01
3.0400000e+02		3.0500000e+02		3.0450000e+02		4.0776836e+02		1.1285170e+02		2.6682348e+02		1.9171082e+02		1.6740775e+02		2.4303078e+01
3.0500000e+02		3.0600000e+02		3.0550000e+02		4.1174793e+02		1.2421222e+02		2.9221388e+02		2.1099692e+02		1.8416312e+02		2.6833792e+01
3.0600000e+02		3.0700000e+02		3.0650000e+02		3.9053943e+02		1.1133245e+02		2.6189520e+02		1.8892307e+02		1.6360787e+02		2.5315194e+01
3.0700000e+02		3.0800000e+02		3.0750000e+02		4.3847484e+02		1.3407248e+02		3.1399650e+02		2.2747421e+02		1.9674852e+02		3.0725691e+01
3.0800000e+02		3.0900000e+02		3.0850000e+02		4.3035211e+02		1.2843284e+02		3.0044102e+02		2.1772496e+02		1.8712160e+02		3.0603361e+01
3.0900000e+02		3.1000000e+02		3.0950000e+02		3.4901328e+02		1.0878808e+02		2.5360674e+02		1.8435846e+02		1.5802276e+02		2.6335704e+01
3.1000000e+02		3.1100000e+02		3.1050000e+02		4.3927411e+02		1.3616042e+02		3.1685733e+02		2.3058176e+02		1.9656181e+02		3.4019950e+01
3.1100000e+02		3.1200000e+02		3.1150000e+02		5.2246540e+02		1.6637521e+02		3.8606472e+02		2.8161726e+02		2.3919389e+02		4.2423370e+01
3.1200000e+02		3.1300000e+02		3.1250000e+02		4.6521908e+02		1.4991307e+02		3.4705717e+02		2.5360404e+02		2.1441778e+02		3.9186256e+01
3.1300000e+02		3.1400000e+02		3.1350000e+02		4.9544367e+02		1.6034862e+02		3.7045437e+02		2.7108205e+02		2.2803173e+02		4.3050328e+01
3.1400000e+02		3.1500000e+02		3.1450000e+02		4.6729179e+02		1.5468360e+02		3.5641973e+02		2.6137264e+02		2.1898709e+02		4.2385545e+01
3.1500000e+02		3.1600000e+02		3.1550000e+02		4.5343123e+02		1.5012942e+02		3.4527574e+02		2.5350287e+02		2.1123577e+02		4.2267098e+01
3.1600000e+02		3.1700000e+02		3.1650000e+02		4.4229406e+02		1.4876864e+02		3.4132938e+02		2.5106338e+02		2.0826194e+02		4.2801437e+01
3.1700000e+02		3.1800000e+02		3.1750000e+02		5.6102832e+02		1.8996625e+02		4.3495213e+02		3.2038304e+02		2.6439637e+02		5.5986671e+01
3.1800000e+02		3.1900000e+02		3.1850000e+02		4.6340678e+02		1.5863372e+02		3.6241654e+02		2.6737703e+02		2.1957020e+02		4.7806837e+01
3.1900000e+02		3.2000000e+02		3.1950000e+02		4.9774832e+02		1.7196866e+02		3.9204972e+02		2.8967178e+02		2.3667264e+02		5.2999142e+01
3.2000000e+02		3.2100000e+02		3.2050000e+02		5.7184857e+02		1.9959732e+02		4.5406555e+02		3.3600266e+02		2.7314153e+02		6.2861124e+01
3.2100000e+02		3.2200000e+02		3.2150000e+02		4.8024660e+02		1.6859263e+02		3.8277755e+02		2.8362188e+02		2.2931210e+02		5.4309782e+01
3.2200000e+02		3.2300000e+02		3.2250000e+02		4.8228681e+02		1.7101978e+02		3.8747387e+02		2.8752551e+02		2.3127160e+02		5.6253915e+01
3.2300000e+02		3.2400000e+02		3.2350000e+02		4.6607071e+02		1.6672085e+02		3.7696436e+02		2.8011933e+02		2.2412296e+02		5.5996376e+01
3.2400000e+02		3.2500000e+02		3.2450000e+02		5.4882129e+02		1.9753191e+02		4.4576574e+02		3.3166715e+02		2.6389806e+02		6.7769086e+01
3.2500000e+02		3.2600000e+02		3.2550000e+02		6.3196128e+02		2.2802463e+02		5.1365357e+02		3.8259857e+02		3.0263591e+02		7.9962659e+01
3.2600000e+02		3.2700000e+02		3.2650000e+02		7.1301257e+02		2.6035627e+02		5.8525456e+02		4.3658001e+02		3.4354931e+02		9.3030692e+01
3.2700000e+02		3.2800000e+02		3.2750000e+02		6.8984049e+02		2.5335522e+02		5.6844875e+02		4.2455524e+02		3.3218105e+02		9.2374188e+01
3.2800000e+02		3.2900000e+02		3.2850000e+02		6.6596082e+02		2.4608432e+02		5.5110198e+02		4.1209534e+02		3.2058644e+02		9.1508896e+01
3.2900000e+02		3.3000000e+02		3.2950000e+02		7.7527139e+02		2.8794220e+02		6.4366711e+02		4.8186321e+02		3.7266715e+02		1.0919607e+02
3.3000000e+02		3.3100000e+02		3.3050000e+02		7.3029799e+02		2.7231920e+02		6.0766661e+02		4.5540327e+02		3.5009075e+02		1.0531252e+02
3.3100000e+02		3.3200000e+02		3.3150000e+02		6.9881652e+02		2.6333654e+02		5.8646238e+02		4.4010510e+02		3.3647747e+02		1.0362764e+02
3.3200000e+02		3.3300000e+02		3.3250000e+02		6.8562051e+02		2.5972025e+02		5.7737851e+02		4.3376602e+02		3.2964969e+02		1.0411633e+02
3.3300000e+02		3.3400000e+02		3.3350000e+02		6.5878216e+02		2.5089700e+02		5.5677613e+02		4.1874540e+02		3.1632319e+02		1.0242220e+02
3.3400000e+02		3.3500000e+02		3.3450000e+02		6.9405546e+02		2.6567132e+02		5.8853346e+02		4.4310092e+02		3.3268775e+02		1.1041317e+02
3.3500000e+02		3.3600000e+02		3.3550000e+02		6.8541663e+02		2.6383240e+02		5.8343806e+02		4.3973579e+02		3.2815726e+02		1.1157853e+02
3.3600000e+02		3.3700000e+02		3.3650000e+02		5.6469084e+02		2.1853400e+02		4.8243096e+02		3.6398846e+02		2.6996556e+02		9.4022898e+01
3.3700000e+02		3.3800000e+02		3.3750000e+02		5.9573781e+02		2.3186587e+02		5.1098028e+02		3.8593301e+02		2.8448515e+02		1.0144786e+02
3.3800000e+02		3.3900000e+02		3.3850000e+02		6.4448401e+02		2.5232322e+02		5.5510988e+02		4.1970102e+02		3.0747321e+02		1.1222781e+02
3.3900000e+02		3.4000000e+02		3.3950000e+02		6.7448220e+02		2.6535448e+02		5.8280619e+02		4.4107501e+02		3.2109917e+02		1.1997584e+02
3.4000000e+02		3.4100000e+02		3.4050000e+02		7.1196374e+02		2.8132465e+02		6.1687204e+02		4.6729918e+02		3.3802070e+02		1.2927848e+02
3.4100000e+02		3.4200000e+02		3.4150000e+02		6.4984945e+02		2.5705714e+02		5.6280926e+02		4.2668080e+02		3.0655747e+02		1.2012333e+02
3.4200000e+02		3.4300000e+02		3.4250000e+02		7.0477558e+02		2.8127477e+02		6.1474835e+02		4.6658149e+02		3.3321604e+02		1.3336546e+02
3.4300000e+02		3.4400000e+02		3.4350000e+02		6.9264465e+02		2.7726779e+02		6.0505373e+02		4.5961300e+02		3.2606505e+02		1.3354795e+02
3.4400000e+02		3.4500000e+02		3.4450000e+02		5.5710877e+02		2.2457745e+02		4.8925565e+02		3.7202716e+02		2.6228031e+02		1.0974686e+02
3.4500000e+02		3.4600000e+02		3.4550000e+02		6.7138909e+02		2.7174651e+02		5.9109630e+02		4.4985733e+02		3.1506294e+02		1.3479439e+02
3.4600000e+02		3.4700000e+02		3.4650000e+02		6.5194093e+02		2.6503879e+02		5.7561115e+02		4.3845485e+02		3.0505648e+02		1.3339837e+02
3.4700000e+02		3.4800000e+02		3.4750000e+02		6.4525828e+02		2.6329944e+02		5.7096734e+02		4.3527871e+02		3.0082189e+02		1.3445682e+02
3.4800000e+02		3.4900000e+02		3.4850000e+02		6.6761091e+02		2.7494663e+02		5.9521706e+02		4.5425061e+02		3.1201465e+02		1.4223596e+02
3.4900000e+02		3.5000000e+02		3.4950000e+02		6.3989005e+02		2.6481079e+02		5.7239933e+02		4.3721197e+02		2.9832400e+02		1.3888797e+02
3.5000000e+02		3.5100000e+02		3.5050000e+02		7.6650484e+02		3.1831751e+02		6.8704700e+02		5.2519478e+02		3.5592146e+02		1.6927332e+02
3.5100000e+02		3.5200000e+02		3.5150000e+02		7.1211510e+02		2.9717136e+02		6.4044333e+02		4.8997957e+02		3.2984084e+02		1.6013873e+02
3.5200000e+02		3.5300000e+02		3.5250000e+02		6.5785102e+02		2.7573102e+02		5.9336252e+02		4.5432476e+02		3.0377347e+02		1.5055129e+02
3.5300000e+02		3.5400000e+02		3.5350000e+02		7.5263834e+02		3.1730038e+02		6.8178903e+02		5.2247956e+02		3.4703357e+02		1.7544599e+02
3.5400000e+02		3.5500000e+02		3.5450000e+02		8.0329241e+02		3.4003829e+02		7.2959823e+02		5.5954745e+02		3.6911238e+02		1.9043507e+02
3.5500000e+02		3.5600000e+02		3.5550000e+02		7.5433512e+02		3.2071643e+02		6.8715498e+02		5.2740388e+02		3.4553282e+02		1.8187106e+02
3.5600000e+02		3.5700000e+02		3.5650000e+02		6.5576441e+02		2.7987381e+02		5.9880756e+02		4.5993419e+02		2.9924426e+02		1.6068993e+02
3.5700000e+02		3.5800000e+02		3.5750000e+02		5.7307986e+02		2.4548470e+02		5.2450383e+02		4.0315277e+02		2.6047472e+02		1.4267806e+02
3.5800000e+02		3.5900000e+02		3.5850000e+02		4.9194729e+02		2.1177160e+02		4.5183281e+02		3.4756196e+02		2.2302358e+02		1.2453838e+02
3.5900000e+02		3.6000000e+02		3.5950000e+02		7.1030971e+02		3.0680300e+02		6.5370875e+02		5.0319559e+02		3.2061561e+02		1.8257998e+02
3.6000000e+02		3.6100000e+02		3.6050000e+02		7.0092701e+02		3.0414745e+02		6.4715797e+02		4.9851893e+02		3.1543966e+02		1.8307927e+02
3.6100000e+02		3.6200000e+02		3.6150000e+02		6.5110481e+02		2.8293026e+02		6.0125717e+02		4.6342804e+02		2.9108470e+02		1.7234334e+02
3.6200000e+02		3.6300000e+02		3.6250000e+02		7.3500056e+02		3.1973797e+02		6.7864101e+02		5.2336207e+02		3.2629657e+02		1.9706550e+02
3.6300000e+02		3.6400000e+02		3.6350000e+02		7.1558904e+02		3.1302495e+02		6.6348003e+02		5.1205433e+02		3.1705746e+02		1.9499686e+02
3.6400000e+02		3.6500000e+02		3.6450000e+02		7.4837927e+02		3.2592369e+02		6.9011980e+02		5.3276154e+02		3.2718604e+02		2.0557549e+02
3.6500000e+02		3.6600000e+02		3.6550000e+02		8.5179486e+02		3.7365440e+02		7.9007131e+02		6.1041816e+02		3.7237385e+02		2.3804431e+02
3.6600000e+02		3.6700000e+02		3.6650000e+02		9.1042532e+02		3.9761476e+02		8.3990316e+02		6.4908657e+02		3.9270740e+02		2.5637917e+02
3.6700000e+02		3.6800000e+02		3.6750000e+02		8.7909512e+02		3.8569262e+02		8.1366633e+02		6.2923273e+02		3.7800620e+02		2.5122653e+02
3.6800000e+02		3.6900000e+02		3.6850000e+02		8.1047729e+02		3.5072667e+02		7.3943480e+02		5.7171225e+02		3.4018122e+02		2.3153103e+02
3.6900000e+02		3.7000000e+02		3.6950000e+02		8.9967825e+02		3.9341745e+02		8.2821342e+02		6.4095090e+02		3.7896725e+02		2.6198365e+02
3.7000000e+02		3.7100000e+02		3.7050000e+02		8.4427990e+02		3.8207568e+02		8.0248077e+02		6.2230944e+02		3.6681947e+02		2.5548996e+02
3.7100000e+02		3.7200000e+02		3.7150000e+02		8.7164560e+02		3.9597931e+02		8.3066621e+02		6.4455780e+02		3.7719859e+02		2.6735921e+02
3.7200000e+02		3.7300000e+02		3.7250000e+02		7.2411383e+02		3.3016356e+02		6.9176669e+02		5.3709555e+02		3.1203601e+02		2.2505953e+02
3.7300000e+02		3.7400000e+02		3.7350000e+02		6.3155746e+02		2.8900358e+02		6.0480547e+02		4.6985083e+02		2.7098744e+02		1.9886339e+02
3.7400000e+02		3.7500000e+02		3.7450000e+02		6.4642322e+02		2.9686232e+02		6.2051890e+02		4.8233370e+02		2.7616216e+02		2.0617154e+02
3.7500000e+02		3.7600000e+02		3.7550000e+02		7.4036161e+02		3.4119808e+02		7.1235992e+02		5.5403373e+02		3.1489906e+02		2.3913468e+02
3.7600000e+02		3.7700000e+02		3.7650000e+02		7.6758018e+02		3.5498925e+02		7.4029627e+02		5.7608110e+02		3.2503693e+02		2.5104417e+02
3.7700000e+02		3.7800000e+02		3.7750000e+02		9.0048278e+02		4.1789957e+02		8.7049281e+02		6.7776716e+02		3.7960774e+02		2.9815942e+02
3.7800000e+02		3.7900000e+02		3.7850000e+02		9.3786543e+02		4.3673656e+02		9.0870117e+02		7.0789644e+02		3.9356964e+02		3.1432681e+02
3.7900000e+02		3.8000000e+02		3.7950000e+02		7.6051322e+02		3.5535228e+02		7.3853956e+02		5.7564196e+02		3.1768422e+02		2.5795774e+02
3.8000000e+02		3.8100000e+02		3.8050000e+02		8.2814537e+02		3.8825228e+02		8.0602203e+02		6.2856758e+02		3.4433360e+02		2.8423398e+02
3.8100000e+02		3.8200000e+02		3.8150000e+02		7.4366886e+02		3.4980378e+02		7.2540529e+02		5.6598979e+02		3.0776087e+02		2.5822893e+02
3.8200000e+02		3.8300000e+02		3.8250000e+02		5.3336093e+02		2.5170125e+02		5.2139868e+02		4.0702125e+02		2.1968100e+02		1.8734026e+02
3.8300000e+02		3.8400000e+02		3.8350000e+02		4.7073026e+02		2.2286045e+02		4.6115940e+02		3.6017519e+02		1.9295345e+02		1.6722174e+02
3.8400000e+02		3.8500000e+02		3.8450000e+02		6.2969557e+02		2.9908058e+02		6.1822150e+02		4.8308085e+02		2.5687290e+02		2.2620795e+02
3.8500000e+02		3.8600000e+02		3.8550000e+02		6.6694888e+02		3.1778433e+02		6.5619204e+02		5.1299893e+02		2.7075032e+02		2.4224860e+02
3.8600000e+02		3.8700000e+02		3.8650000e+02		6.6977732e+02		3.2013475e+02		6.6035706e+02		5.1650041e+02		2.7056457e+02		2.4593584e+02
3.8700000e+02		3.8800000e+02		3.8750000e+02		6.6902499e+02		3.2076792e+02		6.6098138e+02		5.1723060e+02		2.6892215e+02		2.4830845e+02
3.8800000e+02		3.8900000e+02		3.8850000e+02		6.7841027e+02		3.2626385e+02		6.7162112e+02		5.2579833e+02		2.7133006e+02		2.5446827e+02
3.8900000e+02		3.9000000e+02		3.8950000e+02		8.1451188e+02		3.9290357e+02		8.0798469e+02		6.3284122e+02		3.2411904e+02		3.0872217e+02
3.9000000e+02		3.9100000e+02		3.9050000e+02		8.5560997e+02		4.1397572e+02		8.5046786e+02		6.6641371e+02		3.3875210e+02		3.2766161e+02
3.9100000e+02		3.9200000e+02		3.9150000e+02		9.2006232e+02		4.4648672e+02		9.1635158e+02		7.1835550e+02		3.6241025e+02		3.5594525e+02
3.9200000e+02		3.9300000e+02		3.9250000e+02		7.0614281e+02		3.4368439e+02		7.0467442e+02		5.5265496e+02		2.7671535e+02		2.7593960e+02
3.9300000e+02		3.9400000e+02		3.9350000e+02		4.3291589e+02		2.1131613e+02		4.3285349e+02		3.3961894e+02		1.6876597e+02		1.7085298e+02
3.9400000e+02		3.9500000e+02		3.9450000e+02		7.1565803e+02		3.5033440e+02		7.1692712e+02		5.6274109e+02		2.7753082e+02		2.8521026e+02
3.9500000e+02		3.9600000e+02		3.9550000e+02		8.7888136e+02		4.3146145e+02		8.8210958e+02		6.9268542e+02		3.3903481e+02		3.5365061e+02
3.9600000e+02		3.9700000e+02		3.9650000e+02		6.0712893e+02		2.9889158e+02		6.1050164e+02		4.7959819e+02		2.3296335e+02		2.4663484e+02
3.9700000e+02		3.9800000e+02		3.9750000e+02		6.8053003e+02		3.3596038e+02		6.8557991e+02		5.3879473e+02		2.5973568e+02		2.7905905e+02
3.9800000e+02		3.9900000e+02		3.9850000e+02		1.0480559e+03		5.1882526e+02		1.0577723e+03		8.3162863e+02		3.9786212e+02		4.3376651e+02
3.9900000e+02		4.0000000e+02		3.9950000e+02		1.1577145e+03		5.7467303e+02		1.1705692e+03		9.2066955e+02		4.3711774e+02		4.8355181e+02
4.0000000e+02		4.0100000e+02		4.0050000e+02		1.1939713e+03		5.9426920e+02		1.2093969e+03		9.5157375e+02		4.4835854e+02		5.0321521e+02
4.0100000e+02		4.0200000e+02		4.0150000e+02		1.2509583e+03		6.2429473e+02		1.2693715e+03		9.9914099e+02		4.6719168e+02		5.3194931e+02
4.0200000e+02		4.0300000e+02		4.0250000e+02		1.2664199e+03		6.3367958e+02		1.2873192e+03		1.0136460e+03		4.7036728e+02		5.4327871e+02
4.0300000e+02		4.0400000e+02		4.0350000e+02		1.2115903e+03		6.0782806e+02		1.2337261e+03		9.7180346e+02		4.4751645e+02		5.2428701e+02
4.0400000e+02		4.0500000e+02		4.0450000e+02		1.1914959e+03		5.9929180e+02		1.2153511e+03		9.5767630e+02		4.3764955e+02		5.2002675e+02
4.0500000e+02		4.0600000e+02		4.0550000e+02		1.1904731e+03		6.0030819e+02		1.2163736e+03		9.5882420e+02		4.3483199e+02		5.2399221e+02
4.0600000e+02		4.0700000e+02		4.0650000e+02		1.1388815e+03		5.7574507e+02		1.1656178e+03		9.1913830e+02		4.1365265e+02		5.0548565e+02
4.0700000e+02		4.0800000e+02		4.0750000e+02		1.1575323e+03		5.8663809e+02		1.1866789e+03		9.3607019e+02		4.1805524e+02		5.1801495e+02
4.0800000e+02		4.0900000e+02		4.0850000e+02		1.2307397e+03		6.2528386e+02		1.2638077e+03		9.9725103e+02		4.4197532e+02		5.5527571e+02
4.0900000e+02		4.1000000e+02		4.0950000e+02		1.2243097e+03		6.2354064e+02		1.2592533e+03		9.9399168e+02		4.3716225e+02		5.5682943e+02
4.1000000e+02		4.1100000e+02		4.1050000e+02		1.1216634e+03		5.7264732e+02		1.1555369e+03		9.1242572e+02		3.9821905e+02		5.1420667e+02
4.1100000e+02		4.1200000e+02		4.1150000e+02		1.3003372e+03		6.6545816e+02		1.3417428e+03		1.0598025e+03		4.5899971e+02		6.0080276e+02
4.1200000e+02		4.1300000e+02		4.1250000e+02		1.2760342e+03		6.5457010e+02		1.3187433e+03		1.0419714e+03		4.4782130e+02		5.9415013e+02
4.1300000e+02		4.1400000e+02		4.1350000e+02		1.2308584e+03		6.3287823e+02		1.2740410e+03		1.0069707e+03		4.2946309e+02		5.7750765e+02
4.1400000e+02		4.1500000e+02		4.1450000e+02		1.2488872e+03		6.4363960e+02		1.2946987e+03		1.0236184e+03		4.3321735e+02		5.9040101e+02
4.1500000e+02		4.1600000e+02		4.1550000e+02		1.2477523e+03		6.4453243e+02		1.2954986e+03		1.0245668e+03		4.3029438e+02		5.9427241e+02
4.1600000e+02		4.1700000e+02		4.1650000e+02		1.2947363e+03		6.7032294e+02		1.3463127e+03		1.0650778e+03		4.4387768e+02		6.2120011e+02
4.1700000e+02		4.1800000e+02		4.1750000e+02		1.1781342e+03		6.1132691e+02		1.2268981e+03		9.7089901e+02		4.0152416e+02		5.6937485e+02
4.1800000e+02		4.1900000e+02		4.1850000e+02		1.2217101e+03		6.3534944e+02		1.2741605e+03		1.0085979e+03		4.1391436e+02		5.9468351e+02
4.1900000e+02		4.2000000e+02		4.1950000e+02		1.2338424e+03		6.4307227e+02		1.2886980e+03		1.0204026e+03		4.1554506e+02		6.0485757e+02
4.2000000e+02		4.2100000e+02		4.2050000e+02		1.2494927e+03		6.5264858e+02		1.3069350e+03		1.0351401e+03		4.1831090e+02		6.1682917e+02
4.2100000e+02		4.2200000e+02		4.2150000e+02		1.2299982e+03		6.4385169e+02		1.2883888e+03		1.0207397e+03		4.0932482e+02		6.1141492e+02
4.2200000e+02		4.2300000e+02		4.2250000e+02		1.1657134e+03		6.1150365e+02		1.2227845e+03		9.6903446e+02		3.8560697e+02		5.8342749e+02
4.2300000e+02		4.2400000e+02		4.2350000e+02		1.2419943e+03		6.5289464e+02		1.3046287e+03		1.0341791e+03		4.0836990e+02		6.2580922e+02
4.2400000e+02		4.2500000e+02		4.2450000e+02		1.2850442e+03		6.7693697e+02		1.3517246e+03		1.0718028e+03		4.1997647e+02		6.5182638e+02
4.2500000e+02		4.2600000e+02		4.2550000e+02		1.2367256e+03		6.5283096e+02		1.3026869e+03		1.0331965e+03		4.0173990e+02		6.3145660e+02
4.2600000e+02		4.2700000e+02		4.2650000e+02		1.2316584e+03		6.5148669e+02		1.2991140e+03		1.0306346e+03		3.9766627e+02		6.3296837e+02
4.2700000e+02		4.2800000e+02		4.2750000e+02		1.1420512e+03		6.0531231e+02		1.2062205e+03		9.5718784e+02		3.6649095e+02		5.9069689e+02
4.2800000e+02		4.2900000e+02		4.2850000e+02		1.1495483e+03		6.1050705e+02		1.2157560e+03		9.6500223e+02		3.6664573e+02		5.9835650e+02
4.2900000e+02		4.3000000e+02		4.2950000e+02		1.0698649e+03		5.6931536e+02		1.1329746e+03		8.9952239e+02		3.3914294e+02		5.6037944e+02
4.3000000e+02		4.3100000e+02		4.3050000e+02		8.6065012e+02		4.5888324e+02		9.1260744e+02		7.2474322e+02		2.7114888e+02		4.5359434e+02
4.3100000e+02		4.3200000e+02		4.3150000e+02		1.0641754e+03		5.6850142e+02		1.1298762e+03		8.9750707e+02		3.3320754e+02		5.6429953e+02
4.3200000e+02		4.3300000e+02		4.3250000e+02		1.1990384e+03		6.4177900e+02		1.2746918e+03		1.0127858e+03		3.7311986e+02		6.3966598e+02
4.3300000e+02		4.3400000e+02		4.3350000e+02		1.3017454e+03		6.9807796e+02		1.3856287e+03		1.1011926e+03		4.0257651e+02		6.9861608e+02
4.3400000e+02		4.3500000e+02		4.3450000e+02		1.1054356e+03		5.9392044e+02		1.1781412e+03		9.3651835e+02		3.3974770e+02		5.9677064e+02
4.3500000e+02		4.3600000e+02		4.3550000e+02		1.2347447e+03		6.6463091e+02		1.3175846e+03		1.0476076e+03		3.7713317e+02		6.7047443e+02
4.3600000e+02		4.3700000e+02		4.3650000e+02		1.3814970e+03		7.4499530e+02		1.4759894e+03		1.1738244e+03		4.1932998e+02		7.5449442e+02
4.3700000e+02		4.3800000e+02		4.3750000e+02		1.2223713e+03		6.6038734e+02		1.3075639e+03		1.0401147e+03		3.6871569e+02		6.7139900e+02
4.3800000e+02		4.3900000e+02		4.3850000e+02		1.1905029e+03		6.4433234e+02		1.2750033e+03		1.0144408e+03		3.5685822e+02		6.5758260e+02
4.3900000e+02		4.4000000e+02		4.3950000e+02		1.3250738e+03		7.1844808e+02		1.4208121e+03		1.1307012e+03		3.9470852e+02		7.3599266e+02
4.4000000e+02		4.4100000e+02		4.4050000e+02		1.2562739e+03		6.8235059e+02		1.3486255e+03		1.0734877e+03		3.7186606e+02		7.0162166e+02
4.4100000e+02		4.4200000e+02		4.4150000e+02		1.3817384e+03		7.5181177e+02		1.4850399e+03		1.1823255e+03		4.0643258e+02		7.7589289e+02
4.4200000e+02		4.4300000e+02		4.4250000e+02		1.4526378e+03		7.9175887e+02		1.5630387e+03		1.2446884e+03		4.2459550e+02		8.2009289e+02
4.4300000e+02		4.4400000e+02		4.4350000e+02		1.4050936e+03		7.6715918e+02		1.5136053e+03		1.2055752e+03		4.0810667e+02		7.9746855e+02
4.4400000e+02		4.4500000e+02		4.4450000e+02		1.4475318e+03		7.9167220e+02		1.5610811e+03		1.2436457e+03		4.1777467e+02		8.2587107e+02
4.4500000e+02		4.4600000e+02		4.4550000e+02		1.3420773e+03		7.3523195e+02		1.4489717e+03		1.1545678e+03		3.8488624e+02		7.6968160e+02
4.4600000e+02		4.4700000e+02		4.4650000e+02		1.3689269e+03		7.5118905e+02		1.4795944e+03		1.1792054e+03		3.9009593e+02		7.8910944e+02
4.4700000e+02		4.4800000e+02		4.4750000e+02		1.4837056e+03		8.1551425e+02		1.6054079e+03		1.2797295e+03		4.2011752e+02		8.5961197e+02
4.4800000e+02		4.4900000e+02		4.4850000e+02		1.4587166e+03		8.0308651e+02		1.5800797e+03		1.2597857e+03		4.1041347e+02		8.4937225e+02
4.4900000e+02		4.5000000e+02		4.4950000e+02		1.4737837e+03		8.1269125e+02		1.5981130e+03		1.2744094e+03		4.1201015e+02		8.6239922e+02
4.5000000e+02		4.5100000e+02		4.5050000e+02		1.5636828e+03		8.6364219e+02		1.6973967e+03		1.3538406e+03		4.3435246e+02		9.1948811e+02
4.5100000e+02		4.5200000e+02		4.5150000e+02		1.5589734e+03		8.6240300e+02		1.6940637e+03		1.3514361e+03		4.3027677e+02		9.2115930e+02
4.5200000e+02		4.5300000e+02		4.5250000e+02		1.4757889e+03		8.1766467e+02		1.6053399e+03		1.2808944e+03		4.0471124e+02		8.7618317e+02
4.5300000e+02		4.5400000e+02		4.5350000e+02		1.4141855e+03		7.8474758e+02		1.5399136e+03		1.2289159e+03		3.8533245e+02		8.4358349e+02
4.5400000e+02		4.5500000e+02		4.5450000e+02		1.5096596e+03		8.3901261e+02		1.6455525e+03		1.3134575e+03		4.0870778e+02		9.0474971e+02
4.5500000e+02		4.5600000e+02		4.5550000e+02		1.4952815e+03		8.3228407e+02		1.6315259e+03		1.3024939e+03		4.0221486e+02		9.0027904e+02
4.5600000e+02		4.5700000e+02		4.5650000e+02		1.5527317e+03		8.6556085e+02		1.6959043e+03		1.3541274e+03		4.1498230e+02		9.3914510e+02
4.5700000e+02		4.5800000e+02		4.5750000e+02		1.5677329e+03		8.7522414e+02		1.7139833e+03		1.3688008e+03		4.1629393e+02		9.5250684e+02
4.5800000e+02		4.5900000e+02		4.5850000e+02		1.4734199e+03		8.2378395e+02		1.6124504e+03		1.2879367e+03		3.8872845e+02		8.9920821e+02
4.5900000e+02		4.6000000e+02		4.5950000e+02		1.5222067e+03		8.5230221e+02		1.6674566e+03		1.3320982e+03		3.9900863e+02		9.3308953e+02
4.6000000e+02		4.6100000e+02		4.6050000e+02		1.5039223e+03		8.4328090e+02		1.6490096e+03		1.3175815e+03		3.9166982e+02		9.2591172e+02
4.6100000e+02		4.6200000e+02		4.6150000e+02		1.5386000e+03		8.6395920e+02		1.6886369e+03		1.3494670e+03		3.9811062e+02		9.5135640e+02
4.6200000e+02		4.6300000e+02		4.6250000e+02		1.5538294e+03		8.7374623e+02		1.7069569e+03		1.3643297e+03		3.9944969e+02		9.6487999e+02
4.6300000e+02		4.6400000e+02		4.6350000e+02		1.5018384e+03		8.4569460e+02		1.6513802e+03		1.3201209e+03		3.8358372e+02		9.3653717e+02
4.6400000e+02		4.6500000e+02		4.6450000e+02		1.5281564e+03		8.6170874e+02		1.6818695e+03		1.3447078e+03		3.8777569e+02		9.5693214e+02
4.6500000e+02		4.6600000e+02		4.6550000e+02		1.4760608e+03		8.3347642e+02		1.6260183e+03		1.3002569e+03		3.7212644e+02		9.2813051e+02
4.6600000e+02		4.6700000e+02		4.6650000e+02		1.4854121e+03		8.3989793e+02		1.6378002e+03		1.3098813e+03		3.7205277e+02		9.3782852e+02
4.6700000e+02		4.6800000e+02		4.6750000e+02		1.4997486e+03		8.4914660e+02		1.6550890e+03		1.3239110e+03		3.7320311e+02		9.5070789e+02
4.6800000e+02		4.6900000e+02		4.6850000e+02		1.4665907e+03		8.3148042e+02		1.6199325e+03		1.2959849e+03		3.6257922e+02		9.3340570e+02
4.6900000e+02		4.7000000e+02		4.6950000e+02		1.5086728e+03		8.5646841e+02		1.6678784e+03		1.3345418e+03		3.7055641e+02		9.6398541e+02
4.7000000e+02		4.7100000e+02		4.7050000e+02		1.4256243e+03		8.1038042e+02		1.5774369e+03		1.2623616e+03		3.4787868e+02		9.1448293e+02
4.7100000e+02		4.7200000e+02		4.7150000e+02		1.4904926e+03		8.4835116e+02		1.6506334e+03		1.3211301e+03		3.6133853e+02		9.5979159e+02
4.7200000e+02		4.7300000e+02		4.7250000e+02		1.5269264e+03		8.7020267e+02		1.6924240e+03		1.3547730e+03		3.6775843e+02		9.8701454e+02
4.7300000e+02		4.7400000e+02		4.7350000e+02		1.4995420e+03		8.5568116e+02		1.6634753e+03		1.3317887e+03		3.5880765e+02		9.7298105e+02
4.7400000e+02		4.7500000e+02		4.7450000e+02		1.5448084e+03		8.8261966e+02		1.7151236e+03		1.3733311e+03		3.6722712e+02		1.0061040e+03
4.7500000e+02		4.7600000e+02		4.7550000e+02		1.5413846e+03		8.8175982e+02		1.7127397e+03		1.3716122e+03		3.6402132e+02		1.0075908e+03
4.7600000e+02		4.7700000e+02		4.7650000e+02		1.4853490e+03		8.5075174e+02		1.6518284e+03		1.3230135e+03		3.4849672e+02		9.7451676e+02
4.7700000e+02		4.7800000e+02		4.7750000e+02		1.5508368e+03		8.8934501e+02		1.7260570e+03		1.3826528e+03		3.6148430e+02		1.0211685e+03
4.7800000e+02		4.7900000e+02		4.7850000e+02		1.5358791e+03		8.8183208e+02		1.7107844e+03		1.3706015e+03		3.5565785e+02		1.0149437e+03
4.7900000e+02		4.8000000e+02		4.7950000e+02		1.5403519e+03		8.8545890e+02		1.7171333e+03		1.3758694e+03		3.5436130e+02		1.0215081e+03
4.8000000e+02		4.8100000e+02		4.8050000e+02		1.5442750e+03		8.8876645e+02		1.7228649e+03		1.3806416e+03		3.5294007e+02		1.0277015e+03
4.8100000e+02		4.8200000e+02		4.8150000e+02		1.5475498e+03		8.9169683e+02		1.7278674e+03		1.3848285e+03		3.5137433e+02		1.0334542e+03
4.8200000e+02		4.8300000e+02		4.8250000e+02		1.5416562e+03		8.8933375e+02		1.7226190e+03		1.3807976e+03		3.4774523e+02		1.0330524e+03
4.8300000e+02		4.8400000e+02		4.8350000e+02		1.5183412e+03		8.7689259e+02		1.6978675e+03		1.3611284e+03		3.4024403e+02		1.0208844e+03
4.8400000e+02		4.8500000e+02		4.8450000e+02		1.4920771e+03		8.6270686e+02		1.6697645e+03		1.3387651e+03		3.3216909e+02		1.0065960e+03
4.8500000e+02		4.8600000e+02		4.8550000e+02		1.4021236e+03		8.1161205e+02		1.5702783e+03		1.2591545e+03		3.1009906e+02		9.4905545e+02
4.8600000e+02		4.8700000e+02		4.8650000e+02		1.2173217e+03		7.0542856e+02		1.3643284e+03		1.0941426e+03		2.6746390e+02		8.2667871e+02
4.8700000e+02		4.8800000e+02		4.8750000e+02		1.3927585e+03		8.0798690e+02		1.5621026e+03		1.2529003e+03		3.0400505e+02		9.4889526e+02
4.8800000e+02		4.8900000e+02		4.8850000e+02		1.4651201e+03		8.5089888e+02		1.6444629e+03		1.3191142e+03		3.1770422e+02		1.0014100e+03
4.8900000e+02		4.9000000e+02		4.8950000e+02		1.4372192e+03		8.3560186e+02		1.6143138e+03		1.2950812e+03		3.0961158e+02		9.8546966e+02
4.9000000e+02		4.9100000e+02		4.9050000e+02		1.5307557e+03		8.9094200e+02		1.7206080e+03		1.3805151e+03		3.2760026e+02		1.0529148e+03
4.9100000e+02		4.9200000e+02		4.9150000e+02		1.4425606e+03		8.4050502e+02		1.6226255e+03		1.3020481e+03		3.0670182e+02		9.9534632e+02
4.9200000e+02		4.9300000e+02		4.9250000e+02		1.3729411e+03		8.0078594e+02		1.5454016e+03		1.2402210e+03		2.8998664e+02		9.5023439e+02
4.9300000e+02		4.9400000e+02		4.9350000e+02		1.4509629e+03		8.4717820e+02		1.6343615e+03		1.3117596e+03		3.0445710e+02		1.0073025e+03
4.9400000e+02		4.9500000e+02		4.9450000e+02		1.4929449e+03		8.7259328e+02		1.6828101e+03		1.3507938e+03		3.1121266e+02		1.0395811e+03
4.9500000e+02		4.9600000e+02		4.9550000e+02		1.4663156e+03		8.5790834e+02		1.6539236e+03		1.3277511e+03		3.0365795e+02		1.0240932e+03
4.9600000e+02		4.9700000e+02		4.9650000e+02		1.4846220e+03		8.6950175e+02		1.6757058e+03		1.3453823e+03		3.0543366e+02		1.0399487e+03
4.9700000e+02		4.9800000e+02		4.9750000e+02		1.5123203e+03		8.8661548e+02		1.7081137e+03		1.3715477e+03		3.0909270e+02		1.0624550e+03
4.9800000e+02		4.9900000e+02		4.9850000e+02		1.3744029e+03		8.0656324e+02		1.5533719e+03		1.2474272e+03		2.7906359e+02		9.6836363e+02
4.9900000e+02		5.0000000e+02		4.9950000e+02		1.4721832e+03		8.6479859e+02		1.6649796e+03		1.3371921e+03		2.9695825e+02		1.0402339e+03
