Left Bin Edge (nm)	Right Bin Edge (nm)	Bin Center (nm)		Top of Atm Intensity (erg/s/nm/cm2)		Total Surface Flux (erg/s/nm/cm2)		Total Intensity at BOA (erg/s/nm/cm2)		Total Surface Intensity (erg/s/nm/cm2)		Total Surface Diffuse Intensity (erg/s/nm/cm2)		Total Surface Direct Intensity (erg/s/nm/cm2)
1.0000000e+02		1.0100000e+02		1.0050000e+02		4.4569042e-02		0.0000000e+00		0.0000000e+00		0.0000000e+00		0.0000000e+00		0.0000000e+00
1.0100000e+02		1.0200000e+02		1.0150000e+02		1.7387199e-01		0.0000000e+00		0.0000000e+00		0.0000000e+00		0.0000000e+00		0.0000000e+00
1.0200000e+02		1.0300000e+02		1.0250000e+02		9.2286085e-01		0.0000000e+00		0.0000000e+00		0.0000000e+00		0.0000000e+00		0.0000000e+00
1.0300000e+02		1.0400000e+02		1.0350000e+02		7.0094286e-01		0.0000000e+00		0.0000000e+00		0.0000000e+00		0.0000000e+00		0.0000000e+00
1.0400000e+02		1.0500000e+02		1.0450000e+02		1.4124828e-01		0.0000000e+00		0.0000000e+00		0.0000000e+00		0.0000000e+00		0.0000000e+00
1.0500000e+02		1.0600000e+02		1.0550000e+02		4.8389941e-02		0.0000000e+00		0.0000000e+00		0.0000000e+00		0.0000000e+00		0.0000000e+00
1.0600000e+02		1.0700000e+02		1.0650000e+02		4.5487167e-02		0.0000000e+00		0.0000000e+00		0.0000000e+00		0.0000000e+00		0.0000000e+00
1.0700000e+02		1.0800000e+02		1.0750000e+02		5.0757295e-02		0.0000000e+00		0.0000000e+00		0.0000000e+00		0.0000000e+00		0.0000000e+00
1.0800000e+02		1.0900000e+02		1.0850000e+02		7.1152114e-02		0.0000000e+00		0.0000000e+00		0.0000000e+00		0.0000000e+00		0.0000000e+00
1.0900000e+02		1.1000000e+02		1.0950000e+02		5.5817450e-02		0.0000000e+00		0.0000000e+00		0.0000000e+00		0.0000000e+00		0.0000000e+00
1.1000000e+02		1.1100000e+02		1.1050000e+02		5.4043772e-02		0.0000000e+00		0.0000000e+00		0.0000000e+00		0.0000000e+00		0.0000000e+00
1.1100000e+02		1.1200000e+02		1.1150000e+02		5.0797691e-02		0.0000000e+00		0.0000000e+00		0.0000000e+00		0.0000000e+00		0.0000000e+00
1.1200000e+02		1.1300000e+02		1.1250000e+02		5.1969037e-02		0.0000000e+00		0.0000000e+00		0.0000000e+00		0.0000000e+00		0.0000000e+00
1.1300000e+02		1.1400000e+02		1.1350000e+02		4.1221387e-02		0.0000000e+00		0.0000000e+00		0.0000000e+00		0.0000000e+00		0.0000000e+00
1.1400000e+02		1.1500000e+02		1.1450000e+02		3.1562600e-02		0.0000000e+00		0.0000000e+00		0.0000000e+00		0.0000000e+00		0.0000000e+00
1.1500000e+02		1.1600000e+02		1.1550000e+02		4.3552050e-02		0.0000000e+00		0.0000000e+00		0.0000000e+00		0.0000000e+00		0.0000000e+00
1.1600000e+02		1.1700000e+02		1.1650000e+02		1.0143732e-01		0.0000000e+00		0.0000000e+00		0.0000000e+00		0.0000000e+00		0.0000000e+00
1.1700000e+02		1.1800000e+02		1.1750000e+02		3.6108525e-01		0.0000000e+00		0.0000000e+00		0.0000000e+00		0.0000000e+00		0.0000000e+00
1.1800000e+02		1.1900000e+02		1.1850000e+02		1.2283927e-01		0.0000000e+00		0.0000000e+00		0.0000000e+00		0.0000000e+00		0.0000000e+00
1.1900000e+02		1.2000000e+02		1.1950000e+02		1.7115732e-01		0.0000000e+00		0.0000000e+00		0.0000000e+00		0.0000000e+00		0.0000000e+00
1.2000000e+02		1.2100000e+02		1.2050000e+02		9.3056497e-01		0.0000000e+00		0.0000000e+00		0.0000000e+00		0.0000000e+00		0.0000000e+00
1.2100000e+02		1.2200000e+02		1.2150000e+02		3.6941242e+01		0.0000000e+00		0.0000000e+00		0.0000000e+00		0.0000000e+00		0.0000000e+00
1.2200000e+02		1.2300000e+02		1.2250000e+02		2.4773856e-01		0.0000000e+00		0.0000000e+00		0.0000000e+00		0.0000000e+00		0.0000000e+00
1.2300000e+02		1.2400000e+02		1.2350000e+02		1.3344721e-01		0.0000000e+00		0.0000000e+00		0.0000000e+00		0.0000000e+00		0.0000000e+00
1.2400000e+02		1.2500000e+02		1.2450000e+02		1.0726631e-01		0.0000000e+00		0.0000000e+00		0.0000000e+00		0.0000000e+00		0.0000000e+00
1.2500000e+02		1.2600000e+02		1.2550000e+02		1.0471361e-01		0.0000000e+00		0.0000000e+00		0.0000000e+00		0.0000000e+00		0.0000000e+00
1.2600000e+02		1.2700000e+02		1.2650000e+02		1.4644878e-01		0.0000000e+00		0.0000000e+00		0.0000000e+00		0.0000000e+00		0.0000000e+00
1.2700000e+02		1.2800000e+02		1.2750000e+02		7.6659940e-02		0.0000000e+00		0.0000000e+00		0.0000000e+00		0.0000000e+00		0.0000000e+00
1.2800000e+02		1.2900000e+02		1.2850000e+02		6.1165494e-02		0.0000000e+00		0.0000000e+00		0.0000000e+00		0.0000000e+00		0.0000000e+00
1.2900000e+02		1.3000000e+02		1.2950000e+02		8.1594975e-02		0.0000000e+00		0.0000000e+00		0.0000000e+00		0.0000000e+00		0.0000000e+00
1.3000000e+02		1.3100000e+02		1.3050000e+02		6.7007791e-01		0.0000000e+00		0.0000000e+00		0.0000000e+00		0.0000000e+00		0.0000000e+00
1.3100000e+02		1.3200000e+02		1.3150000e+02		9.0731094e-02		0.0000000e+00		0.0000000e+00		0.0000000e+00		0.0000000e+00		0.0000000e+00
1.3200000e+02		1.3300000e+02		1.3250000e+02		7.0547730e-02		0.0000000e+00		0.0000000e+00		0.0000000e+00		0.0000000e+00		0.0000000e+00
1.3300000e+02		1.3400000e+02		1.3350000e+02		9.5357088e-01		0.0000000e+00		0.0000000e+00		0.0000000e+00		0.0000000e+00		0.0000000e+00
1.3400000e+02		1.3500000e+02		1.3450000e+02		6.5246966e-02		0.0000000e+00		0.0000000e+00		0.0000000e+00		0.0000000e+00		0.0000000e+00
1.3500000e+02		1.3600000e+02		1.3550000e+02		1.3692679e-01		0.0000000e+00		0.0000000e+00		0.0000000e+00		0.0000000e+00		0.0000000e+00
1.3600000e+02		1.3700000e+02		1.3650000e+02		8.9861989e-02		0.0000000e+00		0.0000000e+00		0.0000000e+00		0.0000000e+00		0.0000000e+00
1.3700000e+02		1.3800000e+02		1.3750000e+02		9.2282630e-02		0.0000000e+00		0.0000000e+00		0.0000000e+00		0.0000000e+00		0.0000000e+00
1.3800000e+02		1.3900000e+02		1.3850000e+02		9.4180145e-02		0.0000000e+00		0.0000000e+00		0.0000000e+00		0.0000000e+00		0.0000000e+00
1.3900000e+02		1.4000000e+02		1.3950000e+02		3.1801144e-01		0.0000000e+00		0.0000000e+00		0.0000000e+00		0.0000000e+00		0.0000000e+00
1.4000000e+02		1.4100000e+02		1.4050000e+02		2.7729440e-01		0.0000000e+00		0.0000000e+00		0.0000000e+00		0.0000000e+00		0.0000000e+00
1.4100000e+02		1.4200000e+02		1.4150000e+02		1.3359910e-01		0.0000000e+00		0.0000000e+00		0.0000000e+00		0.0000000e+00		0.0000000e+00
1.4200000e+02		1.4300000e+02		1.4250000e+02		1.4479671e-01		0.0000000e+00		0.0000000e+00		0.0000000e+00		0.0000000e+00		0.0000000e+00
1.4300000e+02		1.4400000e+02		1.4350000e+02		1.6064305e-01		0.0000000e+00		0.0000000e+00		0.0000000e+00		0.0000000e+00		0.0000000e+00
1.4400000e+02		1.4500000e+02		1.4450000e+02		1.5363637e-01		0.0000000e+00		0.0000000e+00		0.0000000e+00		0.0000000e+00		0.0000000e+00
1.4500000e+02		1.4600000e+02		1.4550000e+02		1.6382583e-01		0.0000000e+00		0.0000000e+00		0.0000000e+00		0.0000000e+00		0.0000000e+00
1.4600000e+02		1.4700000e+02		1.4650000e+02		1.9977093e-01		0.0000000e+00		0.0000000e+00		0.0000000e+00		0.0000000e+00		0.0000000e+00
1.4700000e+02		1.4800000e+02		1.4750000e+02		2.4643334e-01		0.0000000e+00		0.0000000e+00		0.0000000e+00		0.0000000e+00		0.0000000e+00
1.4800000e+02		1.4900000e+02		1.4850000e+02		2.4167300e-01		0.0000000e+00		0.0000000e+00		0.0000000e+00		0.0000000e+00		0.0000000e+00
1.4900000e+02		1.5000000e+02		1.4950000e+02		2.1832777e-01		0.0000000e+00		0.0000000e+00		0.0000000e+00		0.0000000e+00		0.0000000e+00
1.5000000e+02		1.5100000e+02		1.5050000e+02		2.4023073e-01		0.0000000e+00		0.0000000e+00		0.0000000e+00		0.0000000e+00		0.0000000e+00
1.5100000e+02		1.5200000e+02		1.5150000e+02		2.5258505e-01		0.0000000e+00		0.0000000e+00		0.0000000e+00		0.0000000e+00		0.0000000e+00
1.5200000e+02		1.5300000e+02		1.5250000e+02		3.2229547e-01		0.0000000e+00		0.0000000e+00		0.0000000e+00		0.0000000e+00		0.0000000e+00
1.5300000e+02		1.5400000e+02		1.5350000e+02		3.5701286e-01		0.0000000e+00		0.0000000e+00		0.0000000e+00		0.0000000e+00		0.0000000e+00
1.5400000e+02		1.5500000e+02		1.5450000e+02		9.5486931e-01		0.0000000e+00		0.0000000e+00		0.0000000e+00		0.0000000e+00		0.0000000e+00
1.5500000e+02		1.5600000e+02		1.5550000e+02		7.8587524e-01		0.0000000e+00		0.0000000e+00		0.0000000e+00		0.0000000e+00		0.0000000e+00
1.5600000e+02		1.5700000e+02		1.5650000e+02		4.6648084e-01		0.0000000e+00		0.0000000e+00		0.0000000e+00		0.0000000e+00		0.0000000e+00
1.5700000e+02		1.5800000e+02		1.5750000e+02		4.2309893e-01		0.0000000e+00		0.0000000e+00		0.0000000e+00		0.0000000e+00		0.0000000e+00
1.5800000e+02		1.5900000e+02		1.5850000e+02		3.9008072e-01		0.0000000e+00		0.0000000e+00		0.0000000e+00		0.0000000e+00		0.0000000e+00
1.5900000e+02		1.6000000e+02		1.5950000e+02		3.8042347e-01		0.0000000e+00		0.0000000e+00		0.0000000e+00		0.0000000e+00		0.0000000e+00
1.6000000e+02		1.6100000e+02		1.6050000e+02		4.1635449e-01		0.0000000e+00		0.0000000e+00		0.0000000e+00		0.0000000e+00		0.0000000e+00
1.6100000e+02		1.6200000e+02		1.6150000e+02		4.7164413e-01		0.0000000e+00		0.0000000e+00		0.0000000e+00		0.0000000e+00		0.0000000e+00
1.6200000e+02		1.6300000e+02		1.6250000e+02		5.2241459e-01		0.0000000e+00		0.0000000e+00		0.0000000e+00		0.0000000e+00		0.0000000e+00
1.6300000e+02		1.6400000e+02		1.6350000e+02		1.1072121e+00		0.0000000e+00		0.0000000e+00		0.0000000e+00		0.0000000e+00		0.0000000e+00
1.6400000e+02		1.6500000e+02		1.6450000e+02		1.1323318e+00		0.0000000e+00		0.0000000e+00		0.0000000e+00		0.0000000e+00		0.0000000e+00
1.6500000e+02		1.6600000e+02		1.6550000e+02		1.3255566e+00		0.0000000e+00		0.0000000e+00		0.0000000e+00		0.0000000e+00		0.0000000e+00
1.6600000e+02		1.6700000e+02		1.6650000e+02		6.2522883e-01		0.0000000e+00		0.0000000e+00		0.0000000e+00		0.0000000e+00		0.0000000e+00
1.6700000e+02		1.6800000e+02		1.6750000e+02		6.6723830e-01		0.0000000e+00		0.0000000e+00		0.0000000e+00		0.0000000e+00		0.0000000e+00
1.6800000e+02		1.6900000e+02		1.6850000e+02		7.1904320e-01		0.0000000e+00		0.0000000e+00		0.0000000e+00		0.0000000e+00		0.0000000e+00
1.6900000e+02		1.7000000e+02		1.6950000e+02		9.0554889e-01		0.0000000e+00		0.0000000e+00		0.0000000e+00		0.0000000e+00		0.0000000e+00
1.7000000e+02		1.7100000e+02		1.7050000e+02		1.0161854e+00		0.0000000e+00		0.0000000e+00		0.0000000e+00		0.0000000e+00		0.0000000e+00
1.7100000e+02		1.7200000e+02		1.7150000e+02		1.0130704e+00		0.0000000e+00		0.0000000e+00		0.0000000e+00		0.0000000e+00		0.0000000e+00
1.7200000e+02		1.7300000e+02		1.7250000e+02		1.0571150e+00		0.0000000e+00		0.0000000e+00		0.0000000e+00		0.0000000e+00		0.0000000e+00
1.7300000e+02		1.7400000e+02		1.7350000e+02		1.0479596e+00		0.0000000e+00		0.0000000e+00		0.0000000e+00		0.0000000e+00		0.0000000e+00
1.7400000e+02		1.7500000e+02		1.7450000e+02		1.2530722e+00		0.0000000e+00		0.0000000e+00		0.0000000e+00		0.0000000e+00		0.0000000e+00
1.7500000e+02		1.7600000e+02		1.7550000e+02		1.4954862e+00		0.0000000e+00		0.0000000e+00		0.0000000e+00		0.0000000e+00		0.0000000e+00
1.7600000e+02		1.7700000e+02		1.7650000e+02		1.6135596e+00		0.0000000e+00		0.0000000e+00		0.0000000e+00		0.0000000e+00		0.0000000e+00
1.7700000e+02		1.7800000e+02		1.7750000e+02		1.9010195e+00		0.0000000e+00		0.0000000e+00		0.0000000e+00		0.0000000e+00		0.0000000e+00
1.7800000e+02		1.7900000e+02		1.7850000e+02		2.0776624e+00		0.0000000e+00		0.0000000e+00		0.0000000e+00		0.0000000e+00		0.0000000e+00
1.7900000e+02		1.8000000e+02		1.7950000e+02		2.0198657e+00		0.0000000e+00		0.0000000e+00		0.0000000e+00		0.0000000e+00		0.0000000e+00
1.8000000e+02		1.8100000e+02		1.8050000e+02		2.4976225e+00		0.0000000e+00		0.0000000e+00		0.0000000e+00		0.0000000e+00		0.0000000e+00
1.8100000e+02		1.8200000e+02		1.8150000e+02		3.0410490e+00		0.0000000e+00		0.0000000e+00		0.0000000e+00		0.0000000e+00		0.0000000e+00
1.8200000e+02		1.8300000e+02		1.8250000e+02		2.8073836e+00		0.0000000e+00		0.0000000e+00		0.0000000e+00		0.0000000e+00		0.0000000e+00
1.8300000e+02		1.8400000e+02		1.8350000e+02		2.9562417e+00		0.0000000e+00		0.0000000e+00		0.0000000e+00		0.0000000e+00		0.0000000e+00
1.8400000e+02		1.8500000e+02		1.8450000e+02		2.5409769e+00		0.0000000e+00		0.0000000e+00		0.0000000e+00		0.0000000e+00		0.0000000e+00
1.8500000e+02		1.8600000e+02		1.8550000e+02		2.8735562e+00		0.0000000e+00		0.0000000e+00		0.0000000e+00		0.0000000e+00		0.0000000e+00
1.8600000e+02		1.8700000e+02		1.8650000e+02		3.2604304e+00		0.0000000e+00		0.0000000e+00		0.0000000e+00		0.0000000e+00		0.0000000e+00
1.8700000e+02		1.8800000e+02		1.8750000e+02		3.6946466e+00		0.0000000e+00		0.0000000e+00		0.0000000e+00		0.0000000e+00		0.0000000e+00
1.8800000e+02		1.8900000e+02		1.8850000e+02		3.8870616e+00		0.0000000e+00		0.0000000e+00		0.0000000e+00		0.0000000e+00		0.0000000e+00
1.8900000e+02		1.9000000e+02		1.8950000e+02		4.3106081e+00		0.0000000e+00		0.0000000e+00		0.0000000e+00		0.0000000e+00		0.0000000e+00
1.9000000e+02		1.9100000e+02		1.9050000e+02		4.4384288e+00		0.0000000e+00		0.0000000e+00		0.0000000e+00		0.0000000e+00		0.0000000e+00
1.9100000e+02		1.9200000e+02		1.9150000e+02		4.8094361e+00		0.0000000e+00		0.0000000e+00		0.0000000e+00		0.0000000e+00		0.0000000e+00
1.9200000e+02		1.9300000e+02		1.9250000e+02		5.0365493e+00		6.4771611e-284		0.0000000e+00		9.8769826e-284		1.1904670e-284		8.6865156e-284
1.9300000e+02		1.9400000e+02		1.9350000e+02		3.8447944e+00		2.4500869e-194		0.0000000e+00		3.7627324e-194		6.4919227e-195		3.1135401e-194
1.9400000e+02		1.9500000e+02		1.9450000e+02		6.1679797e+00		2.3119126e-150		0.0000000e+00		3.5727986e-150		7.7900858e-151		2.7937900e-150
1.9500000e+02		1.9600000e+02		1.9550000e+02		5.9528271e+00		3.1248969e-96		2.5978983e-88		4.9080601e-96		1.6425306e-96		3.2655294e-96
1.9600000e+02		1.9700000e+02		1.9650000e+02		6.5508102e+00		2.6002240e-74		3.9890047e-68		4.1362131e-74		1.7570369e-74		2.3791763e-74
1.9700000e+02		1.9800000e+02		1.9750000e+02		6.5190955e+00		4.3284176e-54		1.6955971e-49		7.0332611e-54		4.0308417e-54		3.0024194e-54
1.9800000e+02		1.9900000e+02		1.9850000e+02		6.3883794e+00		1.0007459e-34		1.2275267e-31		1.6934771e-34		1.4353943e-34		2.5808280e-35
1.9900000e+02		2.0000000e+02		1.9950000e+02		6.7274707e+00		1.2730774e-22		1.7178046e-20		2.1982485e-22		2.1543156e-22		4.3932842e-24
2.0000000e+02		2.0100000e+02		2.0050000e+02		7.1125146e+00		1.2248755e-14		3.7835139e-13		2.1207211e-14		2.1153767e-14		5.3443570e-17
2.0100000e+02		2.0200000e+02		2.0150000e+02		7.5701275e+00		4.1709046e-05		2.4351585e-04		7.2241696e-05		7.2238521e-05		3.1747616e-09
2.0200000e+02		2.0300000e+02		2.0250000e+02		7.4828608e+00		4.9940264e-04		2.4742872e-03		8.6498731e-04		8.6496507e-04		2.2244634e-08
2.0300000e+02		2.0400000e+02		2.0350000e+02		8.0092047e+00		4.4668853e-02		1.7445452e-01		7.7368667e-02		7.7368304e-02		3.6272487e-07
2.0400000e+02		2.0500000e+02		2.0450000e+02		8.6207445e+00		5.5408136e-01		1.9821497e+00		9.5969686e-01		9.5969559e-01		1.2759985e-06
2.0500000e+02		2.0600000e+02		2.0550000e+02		8.6400754e+00		5.3331315e-01		1.8969654e+00		9.2372520e-01		9.2372343e-01		1.7709944e-06
2.0600000e+02		2.0700000e+02		2.0650000e+02		8.6510225e+00		5.7688405e-01		2.0345524e+00		9.9919210e-01		9.9918959e-01		2.5078703e-06
2.0700000e+02		2.0800000e+02		2.0750000e+02		9.3957826e+00		6.8221325e-01		2.3854170e+00		1.1816274e+00		1.1816236e+00		3.8259857e-06
2.0800000e+02		2.0900000e+02		2.0850000e+02		1.0163489e+01		7.2167807e-01		2.5085538e+00		1.2499822e+00		1.2499766e+00		5.6035580e-06
2.0900000e+02		2.1000000e+02		2.0950000e+02		1.3129215e+01		1.0412569e+00		3.5867969e+00		1.8035083e+00		1.8034982e+00		1.0066780e-05
2.1000000e+02		2.1100000e+02		2.1050000e+02		1.6183343e+01		1.2469477e+00		4.2714553e+00		2.1597743e+00		2.1597578e+00		1.6494311e-05
2.1100000e+02		2.1200000e+02		2.1150000e+02		1.8424170e+01		1.5287689e+00		5.1951103e+00		2.6479015e+00		2.6478761e+00		2.5461021e-05
2.1200000e+02		2.1300000e+02		2.1250000e+02		1.6428561e+01		1.4222803e+00		4.7988360e+00		2.4634571e+00		2.4634268e+00		3.0291948e-05
2.1300000e+02		2.1400000e+02		2.1350000e+02		1.6737981e+01		1.4625497e+00		4.9039582e+00		2.5332042e+00		2.5331637e+00		4.0506754e-05
2.1400000e+02		2.1500000e+02		2.1450000e+02		2.1432541e+01		2.0076547e+00		6.6804444e+00		3.4773494e+00		3.4772807e+00		6.8733768e-05
2.1500000e+02		2.1600000e+02		2.1550000e+02		1.8408135e+01		1.7208166e+00		5.6928135e+00		2.9805301e+00		2.9804539e+00		7.6160325e-05
2.1600000e+02		2.1700000e+02		2.1650000e+02		1.7036901e+01		1.6842299e+00		5.5320510e+00		2.9171575e+00		2.9170657e+00		9.1819239e-05
2.1700000e+02		2.1800000e+02		2.1750000e+02		1.7640866e+01		1.7741563e+00		5.7918464e+00		3.0729101e+00		3.0727884e+00		1.2170646e-04
2.1800000e+02		2.1900000e+02		2.1850000e+02		2.3730294e+01		2.4620846e+00		7.9864285e+00		4.2644233e+00		4.2642142e+00		2.0910773e-04
2.1900000e+02		2.2000000e+02		2.1950000e+02		2.5052511e+01		2.6916138e+00		8.6751937e+00		4.6619685e+00		4.6616880e+00		2.8057795e-04
2.2000000e+02		2.2100000e+02		2.2050000e+02		2.5203754e+01		2.7356603e+00		8.7668883e+00		4.7382479e+00		4.7378938e+00		3.5406900e-04
2.2100000e+02		2.2200000e+02		2.2150000e+02		2.0176768e+01		2.2767932e+00		7.2501173e+00		3.9434664e+00		3.9431098e+00		3.5655498e-04
2.2200000e+02		2.2300000e+02		2.2250000e+02		2.7154039e+01		3.1154417e+00		9.8640129e+00		5.3960111e+00		5.3954148e+00		5.9630112e-04
2.2300000e+02		2.2400000e+02		2.2350000e+02		3.5163062e+01		4.1663847e+00		1.3111927e+01		7.2162418e+00		7.2152828e+00		9.5899238e-04
2.2400000e+02		2.2500000e+02		2.2450000e+02		3.2875934e+01		3.9500429e+00		1.2362733e+01		6.8415048e+00		6.8404033e+00		1.1015544e-03
2.2500000e+02		2.2600000e+02		2.2550000e+02		2.8720078e+01		3.5361581e+00		1.1004351e+01		6.1246233e+00		6.1234431e+00		1.1801611e-03
2.2600000e+02		2.2700000e+02		2.2650000e+02		2.1037217e+01		2.6406633e+00		8.1724779e+00		4.5736003e+00		4.5725470e+00		1.0532772e-03
2.2700000e+02		2.2800000e+02		2.2750000e+02		2.0463841e+01		2.6204287e+00		8.0657333e+00		4.5385237e+00		4.5372810e+00		1.2427012e-03
2.2800000e+02		2.2900000e+02		2.2850000e+02		2.8509984e+01		3.7319124e+00		1.1424575e+01		6.4635387e+00		6.4614470e+00		2.0916672e-03
2.2900000e+02		2.3000000e+02		2.2950000e+02		2.5620938e+01		3.4184677e+00		1.0409713e+01		5.9206108e+00		5.9183520e+00		2.2587131e-03
2.3000000e+02		2.3100000e+02		2.3050000e+02		2.9055844e+01		3.9424168e+00		1.1943285e+01		6.8279931e+00		6.8249308e+00		3.0622989e-03
2.3100000e+02		2.3200000e+02		2.3150000e+02		2.7387429e+01		3.7820297e+00		1.1398805e+01		6.5501367e+00		6.5466996e+00		3.4371378e-03
2.3200000e+02		2.3300000e+02		2.3250000e+02		2.9413108e+01		4.1310138e+00		1.2387968e+01		7.1544497e+00		7.1500731e+00		4.3765880e-03
2.3300000e+02		2.3400000e+02		2.3350000e+02		2.6543685e+01		3.7905439e+00		1.1310575e+01		6.5646942e+00		6.5600304e+00		4.6637552e-03
2.3400000e+02		2.3500000e+02		2.3450000e+02		2.3194371e+01		3.3658643e+00		9.9943199e+00		5.8291076e+00		5.8243151e+00		4.7925877e-03
2.3500000e+02		2.3600000e+02		2.3550000e+02		3.1223226e+01		4.6026546e+00		1.3600955e+01		7.9708642e+00		7.9633064e+00		7.5577191e-03
2.3600000e+02		2.3700000e+02		2.3650000e+02		2.8911473e+01		4.3289585e+00		1.2731391e+01		7.4967143e+00		7.4885464e+00		8.1679159e-03
2.3700000e+02		2.3800000e+02		2.3750000e+02		3.0878004e+01		4.6948403e+00		1.3742754e+01		8.1301349e+00		8.1199904e+00		1.0144567e-02
2.3800000e+02		2.3900000e+02		2.3850000e+02		2.5598090e+01		3.9512066e+00		1.1512545e+01		6.8421852e+00		6.8324399e+00		9.7453920e-03
2.3900000e+02		2.4000000e+02		2.3950000e+02		2.7890834e+01		4.3695714e+00		1.2673497e+01		7.5664255e+00		7.5541632e+00		1.2262279e-02
2.4000000e+02		2.4100000e+02		2.4050000e+02		2.5623038e+01		4.0737023e+00		1.1762219e+01		7.0538565e+00		7.0408902e+00		1.2966337e-02
2.4100000e+02		2.4200000e+02		2.4150000e+02		3.0005079e+01		4.8401702e+00		1.3913257e+01		8.3807299e+00		8.3633095e+00		1.7420348e-02
2.4200000e+02		2.4300000e+02		2.4250000e+02		4.1301739e+01		6.7587388e+00		1.9343162e+01		1.1702243e+01		1.1674818e+01		2.7424681e-02
2.4300000e+02		2.4400000e+02		2.4350000e+02		3.8791639e+01		6.4381771e+00		1.8346118e+01		1.1146713e+01		1.1117345e+01		2.9368659e-02
2.4400000e+02		2.4500000e+02		2.4450000e+02		3.6329084e+01		6.1130250e+00		1.7345371e+01		1.0583241e+01		1.0551976e+01		3.1264508e-02
2.4500000e+02		2.4600000e+02		2.4550000e+02		2.9476122e+01		5.0274145e+00		1.4205065e+01		8.7032963e+00		8.6745456e+00		2.8750741e-02
2.4600000e+02		2.4700000e+02		2.4650000e+02		2.8685918e+01		4.9606866e+00		1.3958193e+01		8.5872755e+00		8.5556465e+00		3.1629005e-02
2.4700000e+02		2.4800000e+02		2.4750000e+02		3.1678139e+01		5.5526264e+00		1.5559643e+01		9.6113491e+00		9.5719760e+00		3.9373144e-02
2.4800000e+02		2.4900000e+02		2.4850000e+02		2.5406301e+01		4.5131104e+00		1.2595444e+01		7.8114526e+00		7.7759510e+00		3.5501573e-02
2.4900000e+02		2.5000000e+02		2.4950000e+02		3.0967514e+01		5.5737741e+00		1.5493371e+01		9.6465647e+00		9.5980422e+00		4.8522528e-02
2.5000000e+02		2.5100000e+02		2.5050000e+02		3.3448743e+01		6.0973582e+00		1.6881949e+01		1.0551880e+01		1.0493267e+01		5.8613665e-02
2.5100000e+02		2.5200000e+02		2.5150000e+02		2.7888154e+01		5.1487010e+00		1.4199800e+01		8.9093897e+00		8.8548668e+00		5.4522833e-02
2.5200000e+02		2.5300000e+02		2.5250000e+02		2.5069906e+01		4.6890935e+00		1.2882248e+01		8.1133199e+00		8.0587567e+00		5.4563172e-02
2.5300000e+02		2.5400000e+02		2.5350000e+02		3.1592540e+01		5.9833041e+00		1.6375236e+01		1.0351592e+01		1.0275238e+01		7.6354072e-02
2.5400000e+02		2.5500000e+02		2.5450000e+02		3.5730773e+01		6.8499920e+00		1.8676789e+01		1.1849756e+01		1.1754087e+01		9.5669777e-02
2.5500000e+02		2.5600000e+02		2.5550000e+02		4.8755658e+01		9.4597308e+00		2.5696664e+01		1.6362444e+01		1.6218143e+01		1.4430118e-01
2.5600000e+02		2.5700000e+02		2.5650000e+02		6.2803876e+01		1.2344412e+01		3.3408608e+01		2.1349464e+01		2.1144336e+01		2.0512771e-01
2.5700000e+02		2.5800000e+02		2.5750000e+02		7.8843355e+01		1.5676094e+01		4.2271948e+01		2.7108012e+01		2.6824596e+01		2.8341543e-01
2.5800000e+02		2.5900000e+02		2.5850000e+02		8.2991293e+01		1.6704321e+01		4.4882369e+01		2.8882099e+01		2.8554305e+01		3.2779400e-01
2.5900000e+02		2.6000000e+02		2.5950000e+02		7.0629481e+01		1.4380115e+01		3.8500688e+01		2.4859850e+01		2.4554029e+01		3.0582154e-01
2.6000000e+02		2.6100000e+02		2.6050000e+02		5.7868388e+01		1.1919710e+01		3.1801279e+01		2.0603190e+01		2.0329001e+01		2.7418921e-01
2.6100000e+02		2.6200000e+02		2.6150000e+02		5.9092703e+01		1.2310148e+01		3.2729148e+01		2.1274569e+01		2.0968791e+01		3.0577809e-01
2.6200000e+02		2.6300000e+02		2.6250000e+02		7.0528613e+01		1.4865794e+01		3.9387746e+01		2.5686841e+01		2.5288904e+01		3.9793720e-01
2.6300000e+02		2.6400000e+02		2.6350000e+02		1.0614195e+02		2.2636661e+01		5.9772483e+01		3.9107154e+01		3.8455280e+01		6.5187330e-01
2.6400000e+02		2.6500000e+02		2.6450000e+02		1.6548208e+02		3.5668887e+01		9.3869417e+01		6.1609825e+01		6.0506044e+01		1.1037810e+00
2.6500000e+02		2.6600000e+02		2.6550000e+02		1.7356948e+02		3.7831675e+01		9.9229884e+01		6.5332431e+01		6.4076822e+01		1.2556089e+00
2.6600000e+02		2.6700000e+02		2.6650000e+02		1.6826276e+02		3.7075395e+01		9.6926561e+01		6.4012907e+01		6.2695086e+01		1.3178212e+00
2.6700000e+02		2.6800000e+02		2.6750000e+02		1.6940220e+02		3.7738004e+01		9.8337222e+01		6.5142599e+01		6.3708376e+01		1.4342231e+00
2.6800000e+02		2.6900000e+02		2.6850000e+02		1.6778062e+02		3.7774901e+01		9.8116615e+01		6.5191258e+01		6.3658319e+01		1.5329389e+00
2.6900000e+02		2.7000000e+02		2.6950000e+02		1.5737310e+02		3.5826813e+01		9.2758461e+01		6.1814474e+01		6.0264730e+01		1.5497437e+00
2.7000000e+02		2.7100000e+02		2.7050000e+02		1.8181465e+02		4.1809389e+01		1.0790767e+02		7.2118487e+01		7.0192530e+01		1.9259574e+00
2.7100000e+02		2.7200000e+02		2.7150000e+02		1.5108640e+02		3.5103067e+01		9.0316166e+01		6.0534708e+01		5.8815334e+01		1.7193737e+00
2.7200000e+02		2.7300000e+02		2.7250000e+02		1.2154404e+02		2.8525132e+01		7.3165330e+01		4.9177789e+01		4.7694063e+01		1.4837259e+00
2.7300000e+02		2.7400000e+02		2.7350000e+02		1.2960124e+02		3.0709055e+01		7.8527186e+01		5.2927917e+01		5.1233546e+01		1.6943710e+00
2.7400000e+02		2.7500000e+02		2.7450000e+02		8.9183780e+01		2.1380990e+01		5.4505328e+01		3.6840113e+01		3.5591644e+01		1.2484692e+00
2.7500000e+02		2.7600000e+02		2.7550000e+02		1.1893609e+02		2.8775157e+01		7.3136506e+01		4.9565377e+01		4.7787294e+01		1.7780827e+00
2.7600000e+02		2.7700000e+02		2.7650000e+02		1.6564211e+02		4.0500318e+01		1.0262926e+02		6.9740307e+01		6.7097030e+01		2.6432775e+00
2.7700000e+02		2.7800000e+02		2.7750000e+02		1.5837296e+02		3.9090101e+01		9.8764893e+01		6.7290095e+01		6.4597331e+01		2.6927643e+00
2.7800000e+02		2.7900000e+02		2.7850000e+02		1.0921797e+02		2.7232298e+01		6.8603115e+01		4.6862340e+01		4.4885343e+01		1.9769975e+00
2.7900000e+02		2.8000000e+02		2.7950000e+02		6.1368404e+01		1.5444411e+01		3.8795133e+01		2.6568121e+01		2.5387397e+01		1.1807237e+00
2.8000000e+02		2.8100000e+02		2.8050000e+02		6.7313201e+01		1.7108144e+01		4.2850670e+01		2.9419716e+01		2.8044296e+01		1.3754202e+00
2.8100000e+02		2.8200000e+02		2.8150000e+02		1.3943196e+02		3.5734963e+01		8.9254143e+01		6.1428294e+01		5.8408403e+01		3.0198911e+00
2.8200000e+02		2.8300000e+02		2.8250000e+02		1.8983287e+02		4.9232215e+01		1.2260969e+02		8.4598928e+01		8.0237052e+01		4.3618762e+00
2.8300000e+02		2.8400000e+02		2.8350000e+02		1.9610227e+02		5.1265609e+01		1.2732308e+02		8.8058600e+01		8.3293608e+01		4.7649922e+00
2.8400000e+02		2.8500000e+02		2.8450000e+02		1.4459284e+02		3.8178019e+01		9.4554337e+01		6.5552310e+01		6.1836603e+01		3.7157072e+00
2.8500000e+02		2.8600000e+02		2.8550000e+02		9.2944992e+01		2.4750275e+01		6.1131592e+01		4.2479259e+01		3.9957865e+01		2.5213941e+00
2.8600000e+02		2.8700000e+02		2.8650000e+02		1.9045522e+02		5.1229546e+01		1.2618581e+02		8.7889742e+01		8.2435972e+01		5.4537706e+00
2.8700000e+02		2.8800000e+02		2.8750000e+02		2.2108403e+02		5.9990504e+01		1.4736870e+02		1.0287611e+02		9.6204867e+01		6.6712402e+00
2.8800000e+02		2.8900000e+02		2.8850000e+02		2.1010240e+02		5.7549388e+01		1.4099244e+02		9.8647064e+01		9.1969955e+01		6.6771095e+00
2.8900000e+02		2.9000000e+02		2.8950000e+02		3.1885068e+02		8.8210582e+01		2.1553079e+02		1.5113766e+02		1.4047166e+02		1.0665991e+01
2.9000000e+02		2.9100000e+02		2.9050000e+02		4.1860542e+02		1.1670387e+02		2.8441252e+02		1.9986530e+02		1.8515855e+02		1.4706756e+01
2.9100000e+02		2.9200000e+02		2.9150000e+02		4.0318642e+02		1.1362754e+02		2.7617602e+02		1.9450841e+02		1.7961684e+02		1.4891566e+01
2.9200000e+02		2.9300000e+02		2.9250000e+02		3.5818014e+02		1.0161071e+02		2.4634877e+02		1.7385380e+02		1.5999266e+02		1.3861144e+01
2.9300000e+02		2.9400000e+02		2.9350000e+02		3.7393440e+02		1.0722140e+02		2.5926879e+02		1.8336702e+02		1.6818014e+02		1.5186877e+01
2.9400000e+02		2.9500000e+02		2.9450000e+02		3.4819581e+02		1.0061843e+02		2.4269187e+02		1.7198962e+02		1.5718649e+02		1.4803134e+01
2.9500000e+02		2.9600000e+02		2.9550000e+02		3.7701055e+02		1.1011169e+02		2.6490288e+02		1.8812485e+02		1.7133047e+02		1.6794379e+01
2.9600000e+02		2.9700000e+02		2.9650000e+02		3.4493460e+02		1.0135635e+02		2.4325085e+02		1.7307625e+02		1.5703346e+02		1.6042788e+01
2.9700000e+02		2.9800000e+02		2.9750000e+02		3.5165811e+02		1.0442461e+02		2.4997718e+02		1.7822574e+02		1.6111547e+02		1.7110261e+01
2.9800000e+02		2.9900000e+02		2.9850000e+02		3.0223333e+02		9.0298413e+01		2.1564708e+02		1.5403327e+02		1.3870217e+02		1.5331105e+01
2.9900000e+02		3.0000000e+02		2.9950000e+02		3.4101318e+02		1.0299868e+02		2.4535810e+02		1.7560698e+02		1.5753231e+02		1.8074677e+01
3.0000000e+02		3.0100000e+02		3.0050000e+02		2.7131061e+02		8.2469499e+01		1.9599301e+02		1.4052850e+02		1.2555541e+02		1.4973085e+01
3.0100000e+02		3.0200000e+02		3.0150000e+02		3.1202593e+02		9.5949902e+01		2.2745892e+02		1.6341331e+02		1.4543678e+02		1.7976523e+01
3.0200000e+02		3.0300000e+02		3.0250000e+02		3.2846528e+02		1.0150363e+02		2.4007963e+02		1.7277274e+02		1.5311367e+02		1.9659074e+01
3.0300000e+02		3.0400000e+02		3.0350000e+02		4.2601061e+02		1.3316419e+02		3.1418823e+02		2.2654124e+02		1.9996031e+02		2.6580932e+01
3.0400000e+02		3.0500000e+02		3.0450000e+02		4.0776836e+02		1.2807982e+02		3.0151951e+02		2.1776349e+02		1.9136799e+02		2.6395499e+01
3.0500000e+02		3.0600000e+02		3.0550000e+02		4.1174793e+02		1.3076375e+02		3.0709485e+02		2.2220390e+02		1.9445991e+02		2.7743989e+01
3.0600000e+02		3.0700000e+02		3.0650000e+02		3.9053943e+02		1.2461148e+02		2.9200684e+02		2.1162203e+02		1.8435828e+02		2.7263753e+01
3.0700000e+02		3.0800000e+02		3.0750000e+02		4.3847484e+02		1.4134149e+02		3.3043213e+02		2.3989725e+02		2.0808883e+02		3.1808419e+01
3.0800000e+02		3.0900000e+02		3.0850000e+02		4.3035211e+02		1.3955267e+02		3.2553478e+02		2.3671789e+02		2.0438485e+02		3.2333044e+01
3.0900000e+02		3.1000000e+02		3.0950000e+02		3.4901328e+02		1.1418040e+02		2.6574398e+02		1.9356579e+02		1.6637268e+02		2.7193112e+01
3.1000000e+02		3.1100000e+02		3.1050000e+02		4.3927411e+02		1.4466920e+02		3.3596924e+02		2.4510268e+02		2.0967971e+02		3.5422968e+01
3.1100000e+02		3.1200000e+02		3.1150000e+02		5.2246540e+02		1.7344415e+02		4.0190472e+02		2.9367626e+02		2.5005674e+02		4.3619518e+01
3.1200000e+02		3.1300000e+02		3.1250000e+02		4.6521908e+02		1.5556808e+02		3.5970074e+02		2.6324651e+02		2.2307434e+02		4.0172168e+01
3.1300000e+02		3.1400000e+02		3.1350000e+02		4.9544367e+02		1.6680831e+02		3.8486635e+02		2.8209102e+02		2.3787836e+02		4.4212665e+01
3.1400000e+02		3.1500000e+02		3.1450000e+02		4.6729179e+02		1.5852837e+02		3.6497807e+02		2.6792234e+02		2.2482706e+02		4.3095281e+01
3.1500000e+02		3.1600000e+02		3.1550000e+02		4.5343123e+02		1.5483771e+02		3.5573473e+02		2.6151928e+02		2.1835507e+02		4.3164214e+01
3.1600000e+02		3.1700000e+02		3.1650000e+02		4.4229406e+02		1.5211878e+02		3.4875515e+02		2.5676474e+02		2.1330780e+02		4.3456943e+01
3.1700000e+02		3.1800000e+02		3.1750000e+02		5.6102832e+02		1.9424417e+02		4.4441470e+02		3.2765956e+02		2.7081147e+02		5.6848093e+01
3.1800000e+02		3.1900000e+02		3.1850000e+02		4.6340678e+02		1.6153871e+02		3.6882875e+02		2.7231580e+02		2.2390802e+02		4.8407777e+01
3.1900000e+02		3.2000000e+02		3.1950000e+02		4.9774832e+02		1.7466913e+02		3.9799817e+02		2.9426048e+02		2.4068746e+02		5.3573027e+01
3.2000000e+02		3.2100000e+02		3.2050000e+02		5.7184857e+02		2.0200108e+02		4.5934954e+02		3.4008510e+02		2.7669960e+02		6.3385504e+01
3.2100000e+02		3.2200000e+02		3.2150000e+02		4.8024660e+02		1.7074103e+02		3.8749074e+02		2.8726864e+02		2.3247739e+02		5.4791248e+01
3.2200000e+02		3.2300000e+02		3.2250000e+02		4.8228681e+02		1.7256631e+02		3.9085982e+02		2.9014927e+02		2.3353990e+02		5.6609377e+01
3.2300000e+02		3.2400000e+02		3.2350000e+02		4.6607071e+02		1.6783232e+02		3.7939293e+02		2.8200399e+02		2.2574563e+02		5.6258353e+01
3.2400000e+02		3.2500000e+02		3.2450000e+02		5.4882129e+02		1.9885707e+02		4.4865558e+02		3.3391290e+02		2.6582342e+02		6.8089479e+01
3.2500000e+02		3.2600000e+02		3.2550000e+02		6.3196128e+02		2.3038741e+02		5.1879638e+02		3.8660045e+02		3.0605152e+02		8.0548933e+01
3.2600000e+02		3.2700000e+02		3.2650000e+02		7.1301257e+02		2.6153479e+02		5.8781467e+02		4.3857505e+02		3.4524512e+02		9.3329931e+01
3.2700000e+02		3.2800000e+02		3.2750000e+02		6.8984049e+02		2.5455561e+02		5.7105143e+02		4.2658616e+02		3.3389971e+02		9.2686448e+01
3.2800000e+02		3.2900000e+02		3.2850000e+02		6.6596082e+02		2.4720862e+02		5.5353507e+02		4.1399642e+02		3.2218805e+02		9.1808371e+01
3.2900000e+02		3.3000000e+02		3.2950000e+02		7.7527139e+02		2.8947633e+02		6.4698093e+02		4.8445578e+02		3.7484134e+02		1.0961444e+02
3.3000000e+02		3.3100000e+02		3.3050000e+02		7.3029799e+02		2.7426688e+02		6.1186600e+02		4.5869276e+02		3.5283652e+02		1.0585624e+02
3.3100000e+02		3.3200000e+02		3.3150000e+02		6.9881652e+02		2.6396482e+02		5.8781446e+02		4.4116563e+02		3.3735881e+02		1.0380682e+02
3.3200000e+02		3.3300000e+02		3.3250000e+02		6.8562051e+02		2.6045202e+02		5.7895044e+02		4.3500052e+02		3.3067078e+02		1.0432974e+02
3.3300000e+02		3.3400000e+02		3.3350000e+02		6.5878216e+02		2.5166493e+02		5.5842278e+02		4.2004013e+02		3.1738903e+02		1.0265110e+02
3.3400000e+02		3.3500000e+02		3.3450000e+02		6.9405546e+02		2.6661409e+02		5.9055141e+02		4.4468948e+02		3.3398918e+02		1.1070031e+02
3.3500000e+02		3.3600000e+02		3.3550000e+02		6.8541663e+02		2.6474480e+02		5.8538755e+02		4.4127228e+02		3.2940993e+02		1.1186234e+02
3.3600000e+02		3.3700000e+02		3.3650000e+02		5.6469084e+02		2.1930099e+02		4.8406688e+02		3.6527930e+02		2.7101281e+02		9.4266481e+01
3.3700000e+02		3.3800000e+02		3.3750000e+02		5.9573781e+02		2.3260430e+02		5.1255255e+02		3.8717504e+02		2.8548785e+02		1.0168719e+02
3.3800000e+02		3.3900000e+02		3.3850000e+02		6.4448401e+02		2.5297828e+02		5.5650220e+02		4.2080215e+02		3.0835776e+02		1.1244439e+02
3.3900000e+02		3.4000000e+02		3.3950000e+02		6.7448220e+02		2.6614753e+02		5.8448895e+02		4.4240730e+02		3.2216400e+02		1.2024330e+02
3.4000000e+02		3.4100000e+02		3.4050000e+02		7.1196374e+02		2.8239892e+02		6.1914766e+02		4.6910280e+02		3.3945484e+02		1.2964796e+02
3.4100000e+02		3.4200000e+02		3.4150000e+02		6.4984945e+02		2.5908080e+02		5.6708895e+02		4.3007620e+02		3.0924281e+02		1.2083340e+02
3.4200000e+02		3.4300000e+02		3.4250000e+02		7.0477558e+02		2.8241870e+02		6.1716344e+02		4.6849970e+02		3.3472560e+02		1.3377410e+02
3.4300000e+02		3.4400000e+02		3.4350000e+02		6.9264465e+02		2.7895160e+02		6.0860286e+02		4.6243476e+02		3.2827380e+02		1.3416095e+02
3.4400000e+02		3.4500000e+02		3.4450000e+02		5.5710877e+02		2.2548837e+02		4.9117251e+02		3.7355278e+02		2.6346836e+02		1.1008442e+02
3.4500000e+02		3.4600000e+02		3.4550000e+02		6.7138909e+02		2.7308051e+02		5.9389893e+02		4.5209013e+02		3.1679238e+02		1.3529776e+02
3.4600000e+02		3.4700000e+02		3.4650000e+02		6.5194093e+02		2.6646176e+02		5.7859592e+02		4.4083509e+02		3.0689019e+02		1.3394490e+02
3.4700000e+02		3.4800000e+02		3.4750000e+02		6.4525828e+02		2.6499944e+02		5.7452756e+02		4.3812056e+02		3.0299925e+02		1.3512131e+02
3.4800000e+02		3.4900000e+02		3.4850000e+02		6.6761091e+02		2.7549660e+02		5.9636697e+02		4.5516944e+02		3.1271502e+02		1.4245442e+02
3.4900000e+02		3.5000000e+02		3.4950000e+02		6.3989005e+02		2.6530276e+02		5.7342638e+02		4.3803340e+02		2.9894670e+02		1.3908670e+02
3.5000000e+02		3.5100000e+02		3.5050000e+02		7.6650484e+02		3.1927727e+02		6.8904751e+02		5.2679623e+02		3.5712868e+02		1.6966755e+02
3.5100000e+02		3.5200000e+02		3.5150000e+02		7.1211510e+02		2.9799081e+02		6.4214876e+02		4.9134605e+02		3.3086523e+02		1.6048082e+02
3.5200000e+02		3.5300000e+02		3.5250000e+02		6.5785102e+02		2.7653903e+02		5.9504161e+02		4.5567134e+02		3.0477728e+02		1.5089406e+02
3.5300000e+02		3.5400000e+02		3.5350000e+02		7.5263834e+02		3.1781514e+02		6.8285711e+02		5.2333690e+02		3.4766913e+02		1.7566777e+02
3.5400000e+02		3.5500000e+02		3.5450000e+02		8.0329241e+02		3.4071731e+02		7.3100502e+02		5.6067765e+02		3.6994544e+02		1.9073221e+02
3.5500000e+02		3.5600000e+02		3.5550000e+02		7.5433512e+02		3.2136411e+02		6.8849486e+02		5.2848123e+02		3.4632239e+02		1.8215885e+02
3.5600000e+02		3.5700000e+02		3.5650000e+02		6.5576441e+02		2.8058890e+02		6.0028476e+02		4.6112294e+02		3.0011043e+02		1.6101251e+02
3.5700000e+02		3.5800000e+02		3.5750000e+02		5.7307986e+02		2.4626702e+02		5.2611754e+02		4.0445245e+02		2.6141619e+02		1.4303626e+02
3.5800000e+02		3.5900000e+02		3.5850000e+02		4.9194729e+02		2.1230586e+02		4.5293326e+02		3.4844899e+02		2.2366243e+02		1.2478656e+02
3.5900000e+02		3.6000000e+02		3.5950000e+02		7.1030971e+02		3.0783507e+02		6.5583157e+02		5.0490805e+02		3.2184165e+02		1.8306641e+02
3.6000000e+02		3.6100000e+02		3.6050000e+02		7.0092701e+02		3.0503844e+02		6.4898801e+02		4.9999638e+02		3.1649125e+02		1.8350513e+02
3.6100000e+02		3.6200000e+02		3.6150000e+02		6.5110481e+02		2.8452052e+02		6.0451900e+02		4.6606334e+02		2.9294887e+02		1.7311447e+02
3.6200000e+02		3.6300000e+02		3.6250000e+02		7.3500056e+02		3.2248565e+02		6.8426920e+02		5.2791243e+02		3.2949544e+02		1.9841699e+02
3.6300000e+02		3.6400000e+02		3.6350000e+02		7.1558904e+02		3.1524087e+02		6.6801271e+02		5.1572181e+02		3.1962056e+02		1.9610125e+02
3.6400000e+02		3.6500000e+02		3.6450000e+02		7.4837927e+02		3.3098116e+02		7.0045159e+02		5.4112615e+02		3.3299236e+02		2.0813379e+02
3.6500000e+02		3.6600000e+02		3.6550000e+02		8.5179486e+02		3.7821710e+02		7.9937955e+02		6.1796001e+02		3.7757880e+02		2.4038121e+02
3.6600000e+02		3.6700000e+02		3.6650000e+02		9.1042532e+02		4.0580346e+02		8.5658762e+02		6.6261256e+02		4.0197853e+02		2.6063403e+02
3.6700000e+02		3.6800000e+02		3.6750000e+02		8.7909512e+02		3.9335589e+02		8.2925954e+02		6.4188308e+02		3.8662453e+02		2.5525855e+02
3.6800000e+02		3.6900000e+02		3.6850000e+02		8.1047729e+02		3.6398764e+02		7.6638696e+02		5.9358618e+02		3.5496803e+02		2.3861815e+02
3.6900000e+02		3.7000000e+02		3.6950000e+02		8.9967825e+02		4.0559758e+02		8.5293537e+02		6.6103081e+02		3.9246526e+02		2.6856555e+02
3.7000000e+02		3.7100000e+02		3.7050000e+02		8.4427990e+02		3.8213961e+02		8.0261031e+02		6.2241479e+02		3.6689002e+02		2.5552476e+02
3.7100000e+02		3.7200000e+02		3.7150000e+02		8.7164560e+02		3.9598644e+02		8.3068064e+02		6.4456955e+02		3.7720638e+02		2.6736317e+02
3.7200000e+02		3.7300000e+02		3.7250000e+02		7.2411383e+02		3.3016691e+02		6.9177345e+02		5.3710106e+02		3.1203964e+02		2.2506142e+02
3.7300000e+02		3.7400000e+02		3.7350000e+02		6.3155746e+02		2.8900704e+02		6.0481246e+02		4.6985653e+02		2.7099116e+02		1.9886536e+02
3.7400000e+02		3.7500000e+02		3.7450000e+02		6.4642322e+02		2.9686850e+02		6.2053135e+02		4.8234385e+02		2.7616877e+02		2.0617508e+02
3.7500000e+02		3.7600000e+02		3.7550000e+02		7.4036161e+02		3.4121294e+02		7.1238983e+02		5.5405814e+02		3.1491488e+02		2.3914326e+02
3.7600000e+02		3.7700000e+02		3.7650000e+02		7.6758018e+02		3.5499641e+02		7.4031066e+02		5.7609286e+02		3.2504449e+02		2.5104837e+02
3.7700000e+02		3.7800000e+02		3.7750000e+02		9.0048278e+02		4.1790484e+02		8.7050340e+02		6.7777581e+02		3.7961325e+02		2.9816256e+02
3.7800000e+02		3.7900000e+02		3.7850000e+02		9.3786543e+02		4.3674476e+02		9.0871761e+02		7.0790988e+02		3.9357816e+02		3.1433172e+02
3.7900000e+02		3.8000000e+02		3.7950000e+02		7.6051322e+02		3.5535569e+02		7.3854638e+02		5.7564754e+02		3.1768772e+02		2.5795982e+02
3.8000000e+02		3.8100000e+02		3.8050000e+02		8.2814537e+02		3.8825437e+02		8.0602621e+02		6.2857100e+02		3.4433572e+02		2.8423528e+02
3.8100000e+02		3.8200000e+02		3.8150000e+02		7.4366886e+02		3.4980562e+02		7.2540894e+02		5.6599279e+02		3.0776271e+02		2.5823008e+02
3.8200000e+02		3.8300000e+02		3.8250000e+02		5.3336093e+02		2.5170398e+02		5.2140414e+02		4.0702572e+02		2.1968375e+02		1.8734197e+02
3.8300000e+02		3.8400000e+02		3.8350000e+02		4.7073026e+02		2.2286762e+02		4.6117371e+02		3.6018692e+02		1.9296067e+02		1.6722626e+02
3.8400000e+02		3.8500000e+02		3.8450000e+02		6.2969557e+02		2.9908655e+02		6.1823339e+02		4.8309061e+02		2.5687885e+02		2.2621176e+02
3.8500000e+02		3.8600000e+02		3.8550000e+02		6.6694888e+02		3.1778629e+02		6.5619593e+02		5.1300212e+02		2.7075224e+02		2.4224988e+02
3.8600000e+02		3.8700000e+02		3.8650000e+02		6.6977732e+02		3.2013584e+02		6.6035921e+02		5.1650218e+02		2.7056562e+02		2.4593656e+02
3.8700000e+02		3.8800000e+02		3.8750000e+02		6.6902499e+02		3.2076920e+02		6.6098392e+02		5.1723268e+02		2.6892338e+02		2.4830930e+02
3.8800000e+02		3.8900000e+02		3.8850000e+02		6.7841027e+02		3.2626800e+02		6.7162936e+02		5.2580510e+02		2.7133408e+02		2.5447103e+02
3.8900000e+02		3.9000000e+02		3.8950000e+02		8.1451188e+02		3.9291336e+02		8.0800410e+02		6.3285717e+02		3.2412847e+02		3.0872870e+02
3.9000000e+02		3.9100000e+02		3.9050000e+02		8.5560997e+02		4.1397951e+02		8.5047535e+02		6.6641988e+02		3.3875570e+02		3.2766418e+02
3.9100000e+02		3.9200000e+02		3.9150000e+02		9.2006232e+02		4.4648786e+02		9.1635383e+02		7.1835735e+02		3.6241130e+02		3.5594605e+02
3.9200000e+02		3.9300000e+02		3.9250000e+02		7.0614281e+02		3.4368483e+02		7.0467529e+02		5.5265567e+02		2.7671574e+02		2.7593993e+02
3.9300000e+02		3.9400000e+02		3.9350000e+02		4.3291589e+02		2.1131631e+02		4.3285383e+02		3.3961923e+02		1.6876612e+02		1.7085311e+02
3.9400000e+02		3.9500000e+02		3.9450000e+02		7.1565803e+02		3.5033468e+02		7.1692766e+02		5.6274154e+02		2.7753106e+02		2.8521048e+02
3.9500000e+02		3.9600000e+02		3.9550000e+02		8.7888136e+02		4.3146195e+02		8.8211055e+02		6.9268623e+02		3.3903524e+02		3.5365099e+02
3.9600000e+02		3.9700000e+02		3.9650000e+02		6.0712893e+02		2.9889220e+02		6.1050285e+02		4.7959919e+02		2.3296390e+02		2.4663530e+02
3.9700000e+02		3.9800000e+02		3.9750000e+02		6.8053003e+02		3.3596130e+02		6.8558171e+02		5.3879622e+02		2.5973649e+02		2.7905972e+02
3.9800000e+02		3.9900000e+02		3.9850000e+02		1.0480559e+03		5.1882608e+02		1.0577739e+03		8.3162995e+02		3.9786282e+02		4.3376713e+02
3.9900000e+02		4.0000000e+02		3.9950000e+02		1.1577145e+03		5.7467380e+02		1.1705707e+03		9.2067080e+02		4.3711840e+02		4.8355240e+02
4.0000000e+02		4.0100000e+02		4.0050000e+02		1.1939713e+03		5.9426990e+02		1.2093983e+03		9.5157488e+02		4.4835912e+02		5.0321576e+02
4.0100000e+02		4.0200000e+02		4.0150000e+02		1.2509583e+03		6.2429534e+02		1.2693727e+03		9.9914198e+02		4.6719218e+02		5.3194980e+02
4.0200000e+02		4.0300000e+02		4.0250000e+02		1.2664199e+03		6.3368007e+02		1.2873201e+03		1.0136468e+03		4.7036766e+02		5.4327911e+02
4.0300000e+02		4.0400000e+02		4.0350000e+02		1.2115903e+03		6.0782835e+02		1.2337266e+03		9.7180392e+02		4.4751666e+02		5.2428726e+02
4.0400000e+02		4.0500000e+02		4.0450000e+02		1.1914959e+03		5.9929200e+02		1.2153514e+03		9.5767662e+02		4.3764968e+02		5.2002694e+02
4.0500000e+02		4.0600000e+02		4.0550000e+02		1.1904731e+03		6.0030830e+02		1.2163738e+03		9.5882437e+02		4.3483204e+02		5.2399233e+02
4.0600000e+02		4.0700000e+02		4.0650000e+02		1.1388815e+03		5.7574521e+02		1.1656180e+03		9.1913852e+02		4.1365273e+02		5.0548579e+02
4.0700000e+02		4.0800000e+02		4.0750000e+02		1.1575323e+03		5.8663813e+02		1.1866789e+03		9.3607025e+02		4.1805523e+02		5.1801502e+02
4.0800000e+02		4.0900000e+02		4.0850000e+02		1.2307397e+03		6.2528388e+02		1.2638077e+03		9.9725106e+02		4.4197530e+02		5.5527577e+02
4.0900000e+02		4.1000000e+02		4.0950000e+02		1.2243097e+03		6.2354066e+02		1.2592533e+03		9.9399171e+02		4.3716222e+02		5.5682949e+02
4.1000000e+02		4.1100000e+02		4.1050000e+02		1.1216634e+03		5.7264734e+02		1.1555369e+03		9.1242575e+02		3.9821903e+02		5.1420672e+02
4.1100000e+02		4.1200000e+02		4.1150000e+02		1.3003372e+03		6.6545818e+02		1.3417429e+03		1.0598025e+03		4.5899968e+02		6.0080282e+02
4.1200000e+02		4.1300000e+02		4.1250000e+02		1.2760342e+03		6.5457012e+02		1.3187433e+03		1.0419715e+03		4.4782127e+02		5.9415019e+02
4.1300000e+02		4.1400000e+02		4.1350000e+02		1.2308584e+03		6.3287825e+02		1.2740410e+03		1.0069708e+03		4.2946307e+02		5.7750771e+02
4.1400000e+02		4.1500000e+02		4.1450000e+02		1.2488872e+03		6.4363962e+02		1.2946987e+03		1.0236184e+03		4.3321732e+02		5.9040106e+02
4.1500000e+02		4.1600000e+02		4.1550000e+02		1.2477523e+03		6.4453245e+02		1.2954986e+03		1.0245668e+03		4.3029435e+02		5.9427246e+02
4.1600000e+02		4.1700000e+02		4.1650000e+02		1.2947363e+03		6.7032296e+02		1.3463127e+03		1.0650778e+03		4.4387765e+02		6.2120017e+02
4.1700000e+02		4.1800000e+02		4.1750000e+02		1.1781342e+03		6.1132692e+02		1.2268981e+03		9.7089903e+02		4.0152413e+02		5.6937490e+02
4.1800000e+02		4.1900000e+02		4.1850000e+02		1.2217101e+03		6.3534946e+02		1.2741606e+03		1.0085979e+03		4.1391433e+02		5.9468356e+02
4.1900000e+02		4.2000000e+02		4.1950000e+02		1.2338424e+03		6.4307228e+02		1.2886981e+03		1.0204027e+03		4.1554503e+02		6.0485762e+02
4.2000000e+02		4.2100000e+02		4.2050000e+02		1.2494927e+03		6.5264860e+02		1.3069351e+03		1.0351401e+03		4.1831087e+02		6.1682923e+02
4.2100000e+02		4.2200000e+02		4.2150000e+02		1.2299982e+03		6.4385171e+02		1.2883888e+03		1.0207398e+03		4.0932479e+02		6.1141497e+02
4.2200000e+02		4.2300000e+02		4.2250000e+02		1.1657134e+03		6.1150367e+02		1.2227845e+03		9.6903448e+02		3.8560694e+02		5.8342753e+02
4.2300000e+02		4.2400000e+02		4.2350000e+02		1.2419943e+03		6.5289465e+02		1.3046287e+03		1.0341791e+03		4.0836987e+02		6.2580927e+02
4.2400000e+02		4.2500000e+02		4.2450000e+02		1.2850442e+03		6.7693699e+02		1.3517246e+03		1.0718029e+03		4.1997644e+02		6.5182643e+02
4.2500000e+02		4.2600000e+02		4.2550000e+02		1.2367256e+03		6.5283098e+02		1.3026869e+03		1.0331965e+03		4.0173987e+02		6.3145665e+02
4.2600000e+02		4.2700000e+02		4.2650000e+02		1.2316584e+03		6.5148671e+02		1.2991140e+03		1.0306347e+03		3.9766624e+02		6.3296841e+02
4.2700000e+02		4.2800000e+02		4.2750000e+02		1.1420512e+03		6.0531232e+02		1.2062205e+03		9.5718786e+02		3.6649092e+02		5.9069694e+02
4.2800000e+02		4.2900000e+02		4.2850000e+02		1.1495483e+03		6.1050706e+02		1.2157560e+03		9.6500225e+02		3.6664570e+02		5.9835654e+02
4.2900000e+02		4.3000000e+02		4.2950000e+02		1.0698649e+03		5.6931538e+02		1.1329747e+03		8.9952240e+02		3.3914292e+02		5.6037949e+02
4.3000000e+02		4.3100000e+02		4.3050000e+02		8.6065012e+02		4.5888325e+02		9.1260746e+02		7.2474324e+02		2.7114886e+02		4.5359437e+02
4.3100000e+02		4.3200000e+02		4.3150000e+02		1.0641754e+03		5.6850144e+02		1.1298762e+03		8.9750709e+02		3.3320751e+02		5.6429957e+02
4.3200000e+02		4.3300000e+02		4.3250000e+02		1.1990384e+03		6.4177902e+02		1.2746918e+03		1.0127859e+03		3.7311984e+02		6.3966603e+02
4.3300000e+02		4.3400000e+02		4.3350000e+02		1.3017454e+03		6.9807797e+02		1.3856287e+03		1.1011926e+03		4.0257648e+02		6.9861613e+02
4.3400000e+02		4.3500000e+02		4.3450000e+02		1.1054356e+03		5.9392045e+02		1.1781412e+03		9.3651837e+02		3.3974768e+02		5.9677069e+02
4.3500000e+02		4.3600000e+02		4.3550000e+02		1.2347447e+03		6.6463093e+02		1.3175847e+03		1.0476076e+03		3.7713314e+02		6.7047448e+02
4.3600000e+02		4.3700000e+02		4.3650000e+02		1.3814970e+03		7.4499532e+02		1.4759894e+03		1.1738244e+03		4.1932995e+02		7.5449447e+02
4.3700000e+02		4.3800000e+02		4.3750000e+02		1.2223713e+03		6.6038735e+02		1.3075639e+03		1.0401147e+03		3.6871567e+02		6.7139905e+02
4.3800000e+02		4.3900000e+02		4.3850000e+02		1.1905029e+03		6.4433236e+02		1.2750033e+03		1.0144408e+03		3.5685819e+02		6.5758264e+02
4.3900000e+02		4.4000000e+02		4.3950000e+02		1.3250738e+03		7.1844810e+02		1.4208121e+03		1.1307012e+03		3.9470849e+02		7.3599271e+02
4.4000000e+02		4.4100000e+02		4.4050000e+02		1.2562739e+03		6.8235060e+02		1.3486256e+03		1.0734877e+03		3.7186603e+02		7.0162171e+02
4.4100000e+02		4.4200000e+02		4.4150000e+02		1.3817384e+03		7.5181178e+02		1.4850399e+03		1.1823255e+03		4.0643255e+02		7.7589295e+02
4.4200000e+02		4.4300000e+02		4.4250000e+02		1.4526378e+03		7.9175888e+02		1.5630387e+03		1.2446884e+03		4.2459547e+02		8.2009294e+02
4.4300000e+02		4.4400000e+02		4.4350000e+02		1.4050936e+03		7.6715919e+02		1.5136054e+03		1.2055752e+03		4.0810663e+02		7.9746860e+02
4.4400000e+02		4.4500000e+02		4.4450000e+02		1.4475318e+03		7.9167222e+02		1.5610812e+03		1.2436458e+03		4.1777463e+02		8.2587113e+02
4.4500000e+02		4.4600000e+02		4.4550000e+02		1.3420773e+03		7.3523197e+02		1.4489717e+03		1.1545679e+03		3.8488620e+02		7.6968165e+02
4.4600000e+02		4.4700000e+02		4.4650000e+02		1.3689269e+03		7.5118907e+02		1.4795945e+03		1.1792054e+03		3.9009590e+02		7.8910949e+02
4.4700000e+02		4.4800000e+02		4.4750000e+02		1.4837056e+03		8.1551427e+02		1.6054079e+03		1.2797295e+03		4.2011749e+02		8.5961202e+02
4.4800000e+02		4.4900000e+02		4.4850000e+02		1.4587166e+03		8.0308653e+02		1.5800797e+03		1.2597857e+03		4.1041344e+02		8.4937230e+02
4.4900000e+02		4.5000000e+02		4.4950000e+02		1.4737837e+03		8.1269127e+02		1.5981130e+03		1.2744094e+03		4.1201011e+02		8.6239928e+02
4.5000000e+02		4.5100000e+02		4.5050000e+02		1.5636828e+03		8.6364221e+02		1.6973967e+03		1.3538406e+03		4.3435242e+02		9.1948817e+02
4.5100000e+02		4.5200000e+02		4.5150000e+02		1.5589734e+03		8.6240301e+02		1.6940637e+03		1.3514361e+03		4.3027674e+02		9.2115936e+02
4.5200000e+02		4.5300000e+02		4.5250000e+02		1.4757889e+03		8.1766469e+02		1.6053399e+03		1.2808944e+03		4.0471120e+02		8.7618322e+02
4.5300000e+02		4.5400000e+02		4.5350000e+02		1.4141855e+03		7.8474759e+02		1.5399136e+03		1.2289160e+03		3.8533242e+02		8.4358354e+02
4.5400000e+02		4.5500000e+02		4.5450000e+02		1.5096596e+03		8.3901263e+02		1.6455525e+03		1.3134575e+03		4.0870775e+02		9.0474977e+02
4.5500000e+02		4.5600000e+02		4.5550000e+02		1.4952815e+03		8.3228409e+02		1.6315259e+03		1.3024939e+03		4.0221483e+02		9.0027910e+02
4.5600000e+02		4.5700000e+02		4.5650000e+02		1.5527317e+03		8.6556087e+02		1.6959043e+03		1.3541274e+03		4.1498227e+02		9.3914516e+02
4.5700000e+02		4.5800000e+02		4.5750000e+02		1.5677329e+03		8.7522416e+02		1.7139833e+03		1.3688008e+03		4.1629389e+02		9.5250689e+02
4.5800000e+02		4.5900000e+02		4.5850000e+02		1.4734199e+03		8.2378396e+02		1.6124504e+03		1.2879367e+03		3.8872842e+02		8.9920827e+02
4.5900000e+02		4.6000000e+02		4.5950000e+02		1.5222067e+03		8.5230223e+02		1.6674566e+03		1.3320982e+03		3.9900860e+02		9.3308958e+02
4.6000000e+02		4.6100000e+02		4.6050000e+02		1.5039223e+03		8.4328092e+02		1.6490097e+03		1.3175816e+03		3.9166978e+02		9.2591178e+02
4.6100000e+02		4.6200000e+02		4.6150000e+02		1.5386000e+03		8.6395922e+02		1.6886370e+03		1.3494670e+03		3.9811058e+02		9.5135645e+02
4.6200000e+02		4.6300000e+02		4.6250000e+02		1.5538294e+03		8.7374624e+02		1.7069570e+03		1.3643297e+03		3.9944965e+02		9.6488005e+02
4.6300000e+02		4.6400000e+02		4.6350000e+02		1.5018384e+03		8.4569461e+02		1.6513802e+03		1.3201209e+03		3.8358368e+02		9.3653722e+02
4.6400000e+02		4.6500000e+02		4.6450000e+02		1.5281564e+03		8.6170876e+02		1.6818696e+03		1.3447078e+03		3.8777565e+02		9.5693219e+02
4.6500000e+02		4.6600000e+02		4.6550000e+02		1.4760608e+03		8.3347644e+02		1.6260183e+03		1.3002570e+03		3.7212641e+02		9.2813056e+02
4.6600000e+02		4.6700000e+02		4.6650000e+02		1.4854121e+03		8.3989795e+02		1.6378002e+03		1.3098813e+03		3.7205274e+02		9.3782858e+02
4.6700000e+02		4.6800000e+02		4.6750000e+02		1.4997486e+03		8.4914661e+02		1.6550890e+03		1.3239110e+03		3.7320308e+02		9.5070794e+02
4.6800000e+02		4.6900000e+02		4.6850000e+02		1.4665907e+03		8.3148043e+02		1.6199325e+03		1.2959849e+03		3.6257919e+02		9.3340575e+02
4.6900000e+02		4.7000000e+02		4.6950000e+02		1.5086728e+03		8.5646843e+02		1.6678784e+03		1.3345418e+03		3.7055637e+02		9.6398546e+02
4.7000000e+02		4.7100000e+02		4.7050000e+02		1.4256243e+03		8.1038043e+02		1.5774369e+03		1.2623616e+03		3.4787865e+02		9.1448298e+02
4.7100000e+02		4.7200000e+02		4.7150000e+02		1.4904926e+03		8.4835117e+02		1.6506334e+03		1.3211301e+03		3.6133850e+02		9.5979164e+02
4.7200000e+02		4.7300000e+02		4.7250000e+02		1.5269264e+03		8.7020268e+02		1.6924240e+03		1.3547730e+03		3.6775840e+02		9.8701459e+02
4.7300000e+02		4.7400000e+02		4.7350000e+02		1.4995420e+03		8.5568117e+02		1.6634753e+03		1.3317887e+03		3.5880762e+02		9.7298110e+02
4.7400000e+02		4.7500000e+02		4.7450000e+02		1.5448084e+03		8.8261968e+02		1.7151236e+03		1.3733311e+03		3.6722709e+02		1.0061040e+03
4.7500000e+02		4.7600000e+02		4.7550000e+02		1.5413846e+03		8.8175983e+02		1.7127397e+03		1.3716122e+03		3.6402129e+02		1.0075909e+03
4.7600000e+02		4.7700000e+02		4.7650000e+02		1.4853490e+03		8.5075175e+02		1.6518284e+03		1.3230135e+03		3.4849669e+02		9.7451681e+02
4.7700000e+02		4.7800000e+02		4.7750000e+02		1.5508368e+03		8.8934502e+02		1.7260570e+03		1.3826528e+03		3.6148427e+02		1.0211685e+03
4.7800000e+02		4.7900000e+02		4.7850000e+02		1.5358791e+03		8.8183209e+02		1.7107844e+03		1.3706016e+03		3.5565782e+02		1.0149437e+03
4.7900000e+02		4.8000000e+02		4.7950000e+02		1.5403519e+03		8.8545891e+02		1.7171334e+03		1.3758694e+03		3.5436126e+02		1.0215081e+03
4.8000000e+02		4.8100000e+02		4.8050000e+02		1.5442750e+03		8.8876647e+02		1.7228649e+03		1.3806416e+03		3.5294003e+02		1.0277015e+03
4.8100000e+02		4.8200000e+02		4.8150000e+02		1.5475498e+03		8.9169685e+02		1.7278674e+03		1.3848285e+03		3.5137430e+02		1.0334542e+03
4.8200000e+02		4.8300000e+02		4.8250000e+02		1.5416562e+03		8.8933377e+02		1.7226191e+03		1.3807976e+03		3.4774520e+02		1.0330524e+03
4.8300000e+02		4.8400000e+02		4.8350000e+02		1.5183412e+03		8.7689260e+02		1.6978675e+03		1.3611285e+03		3.4024400e+02		1.0208845e+03
4.8400000e+02		4.8500000e+02		4.8450000e+02		1.4920771e+03		8.6270687e+02		1.6697645e+03		1.3387651e+03		3.3216906e+02		1.0065961e+03
4.8500000e+02		4.8600000e+02		4.8550000e+02		1.4021236e+03		8.1161206e+02		1.5702783e+03		1.2591545e+03		3.1009903e+02		9.4905549e+02
4.8600000e+02		4.8700000e+02		4.8650000e+02		1.2173217e+03		7.0542857e+02		1.3643285e+03		1.0941426e+03		2.6746387e+02		8.2667875e+02
4.8700000e+02		4.8800000e+02		4.8750000e+02		1.3927585e+03		8.0798691e+02		1.5621026e+03		1.2529003e+03		3.0400502e+02		9.4889531e+02
4.8800000e+02		4.8900000e+02		4.8850000e+02		1.4651201e+03		8.5089889e+02		1.6444629e+03		1.3191142e+03		3.1770419e+02		1.0014100e+03
4.8900000e+02		4.9000000e+02		4.8950000e+02		1.4372192e+03		8.3560187e+02		1.6143138e+03		1.2950813e+03		3.0961155e+02		9.8546971e+02
4.9000000e+02		4.9100000e+02		4.9050000e+02		1.5307557e+03		8.9094201e+02		1.7206081e+03		1.3805151e+03		3.2760022e+02		1.0529148e+03
4.9100000e+02		4.9200000e+02		4.9150000e+02		1.4425606e+03		8.4050503e+02		1.6226255e+03		1.3020482e+03		3.0670179e+02		9.9534636e+02
4.9200000e+02		4.9300000e+02		4.9250000e+02		1.3729411e+03		8.0078596e+02		1.5454017e+03		1.2402211e+03		2.8998662e+02		9.5023444e+02
4.9300000e+02		4.9400000e+02		4.9350000e+02		1.4509629e+03		8.4717822e+02		1.6343615e+03		1.3117596e+03		3.0445707e+02		1.0073025e+03
4.9400000e+02		4.9500000e+02		4.9450000e+02		1.4929449e+03		8.7259329e+02		1.6828101e+03		1.3507938e+03		3.1121264e+02		1.0395811e+03
4.9500000e+02		4.9600000e+02		4.9550000e+02		1.4663156e+03		8.5790835e+02		1.6539236e+03		1.3277511e+03		3.0365792e+02		1.0240932e+03
4.9600000e+02		4.9700000e+02		4.9650000e+02		1.4846220e+03		8.6950176e+02		1.6757058e+03		1.3453823e+03		3.0543363e+02		1.0399487e+03
4.9700000e+02		4.9800000e+02		4.9750000e+02		1.5123203e+03		8.8661550e+02		1.7081137e+03		1.3715477e+03		3.0909267e+02		1.0624550e+03
4.9800000e+02		4.9900000e+02		4.9850000e+02		1.3744029e+03		8.0656325e+02		1.5533719e+03		1.2474272e+03		2.7906357e+02		9.6836367e+02
4.9900000e+02		5.0000000e+02		4.9950000e+02		1.4721832e+03		8.6479860e+02		1.6649796e+03		1.3371922e+03		2.9695823e+02		1.0402339e+03
