Left Bin Edge (nm)	Right Bin Edge (nm)	Bin Center (nm)		Top of Atm Intensity (erg/s/nm/cm2)		Total Surface Flux (erg/s/nm/cm2)		Total Intensity at BOA (erg/s/nm/cm2)		Total Surface Intensity (erg/s/nm/cm2)		Total Surface Diffuse Intensity (erg/s/nm/cm2)		Total Surface Direct Intensity (erg/s/nm/cm2)
1.0000000e+02		1.0100000e+02		1.0050000e+02		4.4569042e-02		0.0000000e+00		0.0000000e+00		0.0000000e+00		0.0000000e+00		0.0000000e+00
1.0100000e+02		1.0200000e+02		1.0150000e+02		1.7387199e-01		0.0000000e+00		0.0000000e+00		0.0000000e+00		0.0000000e+00		0.0000000e+00
1.0200000e+02		1.0300000e+02		1.0250000e+02		9.2286085e-01		0.0000000e+00		0.0000000e+00		0.0000000e+00		0.0000000e+00		0.0000000e+00
1.0300000e+02		1.0400000e+02		1.0350000e+02		7.0094286e-01		0.0000000e+00		0.0000000e+00		0.0000000e+00		0.0000000e+00		0.0000000e+00
1.0400000e+02		1.0500000e+02		1.0450000e+02		1.4124828e-01		0.0000000e+00		0.0000000e+00		0.0000000e+00		0.0000000e+00		0.0000000e+00
1.0500000e+02		1.0600000e+02		1.0550000e+02		4.8389941e-02		0.0000000e+00		0.0000000e+00		0.0000000e+00		0.0000000e+00		0.0000000e+00
1.0600000e+02		1.0700000e+02		1.0650000e+02		4.5487167e-02		0.0000000e+00		0.0000000e+00		0.0000000e+00		0.0000000e+00		0.0000000e+00
1.0700000e+02		1.0800000e+02		1.0750000e+02		5.0757295e-02		0.0000000e+00		0.0000000e+00		0.0000000e+00		0.0000000e+00		0.0000000e+00
1.0800000e+02		1.0900000e+02		1.0850000e+02		7.1152114e-02		0.0000000e+00		0.0000000e+00		0.0000000e+00		0.0000000e+00		0.0000000e+00
1.0900000e+02		1.1000000e+02		1.0950000e+02		5.5817450e-02		0.0000000e+00		0.0000000e+00		0.0000000e+00		0.0000000e+00		0.0000000e+00
1.1000000e+02		1.1100000e+02		1.1050000e+02		5.4043772e-02		0.0000000e+00		0.0000000e+00		0.0000000e+00		0.0000000e+00		0.0000000e+00
1.1100000e+02		1.1200000e+02		1.1150000e+02		5.0797691e-02		0.0000000e+00		0.0000000e+00		0.0000000e+00		0.0000000e+00		0.0000000e+00
1.1200000e+02		1.1300000e+02		1.1250000e+02		5.1969037e-02		0.0000000e+00		0.0000000e+00		0.0000000e+00		0.0000000e+00		0.0000000e+00
1.1300000e+02		1.1400000e+02		1.1350000e+02		4.1221387e-02		0.0000000e+00		0.0000000e+00		0.0000000e+00		0.0000000e+00		0.0000000e+00
1.1400000e+02		1.1500000e+02		1.1450000e+02		3.1562600e-02		0.0000000e+00		0.0000000e+00		0.0000000e+00		0.0000000e+00		0.0000000e+00
1.1500000e+02		1.1600000e+02		1.1550000e+02		4.3552050e-02		0.0000000e+00		0.0000000e+00		0.0000000e+00		0.0000000e+00		0.0000000e+00
1.1600000e+02		1.1700000e+02		1.1650000e+02		1.0143732e-01		0.0000000e+00		0.0000000e+00		0.0000000e+00		0.0000000e+00		0.0000000e+00
1.1700000e+02		1.1800000e+02		1.1750000e+02		3.6108525e-01		0.0000000e+00		0.0000000e+00		0.0000000e+00		0.0000000e+00		0.0000000e+00
1.1800000e+02		1.1900000e+02		1.1850000e+02		1.2283927e-01		0.0000000e+00		0.0000000e+00		0.0000000e+00		0.0000000e+00		0.0000000e+00
1.1900000e+02		1.2000000e+02		1.1950000e+02		1.7115732e-01		0.0000000e+00		0.0000000e+00		0.0000000e+00		0.0000000e+00		0.0000000e+00
1.2000000e+02		1.2100000e+02		1.2050000e+02		9.3056497e-01		0.0000000e+00		0.0000000e+00		0.0000000e+00		0.0000000e+00		0.0000000e+00
1.2100000e+02		1.2200000e+02		1.2150000e+02		3.6941242e+01		0.0000000e+00		0.0000000e+00		0.0000000e+00		0.0000000e+00		0.0000000e+00
1.2200000e+02		1.2300000e+02		1.2250000e+02		2.4773856e-01		0.0000000e+00		0.0000000e+00		0.0000000e+00		0.0000000e+00		0.0000000e+00
1.2300000e+02		1.2400000e+02		1.2350000e+02		1.3344721e-01		0.0000000e+00		0.0000000e+00		0.0000000e+00		0.0000000e+00		0.0000000e+00
1.2400000e+02		1.2500000e+02		1.2450000e+02		1.0726631e-01		0.0000000e+00		0.0000000e+00		0.0000000e+00		0.0000000e+00		0.0000000e+00
1.2500000e+02		1.2600000e+02		1.2550000e+02		1.0471361e-01		0.0000000e+00		0.0000000e+00		0.0000000e+00		0.0000000e+00		0.0000000e+00
1.2600000e+02		1.2700000e+02		1.2650000e+02		1.4644878e-01		0.0000000e+00		0.0000000e+00		0.0000000e+00		0.0000000e+00		0.0000000e+00
1.2700000e+02		1.2800000e+02		1.2750000e+02		7.6659940e-02		0.0000000e+00		0.0000000e+00		0.0000000e+00		0.0000000e+00		0.0000000e+00
1.2800000e+02		1.2900000e+02		1.2850000e+02		6.1165494e-02		0.0000000e+00		0.0000000e+00		0.0000000e+00		0.0000000e+00		0.0000000e+00
1.2900000e+02		1.3000000e+02		1.2950000e+02		8.1594975e-02		0.0000000e+00		0.0000000e+00		0.0000000e+00		0.0000000e+00		0.0000000e+00
1.3000000e+02		1.3100000e+02		1.3050000e+02		6.7007791e-01		0.0000000e+00		0.0000000e+00		0.0000000e+00		0.0000000e+00		0.0000000e+00
1.3100000e+02		1.3200000e+02		1.3150000e+02		9.0731094e-02		0.0000000e+00		0.0000000e+00		0.0000000e+00		0.0000000e+00		0.0000000e+00
1.3200000e+02		1.3300000e+02		1.3250000e+02		7.0547730e-02		0.0000000e+00		0.0000000e+00		0.0000000e+00		0.0000000e+00		0.0000000e+00
1.3300000e+02		1.3400000e+02		1.3350000e+02		9.5357088e-01		0.0000000e+00		0.0000000e+00		0.0000000e+00		0.0000000e+00		0.0000000e+00
1.3400000e+02		1.3500000e+02		1.3450000e+02		6.5246966e-02		0.0000000e+00		0.0000000e+00		0.0000000e+00		0.0000000e+00		0.0000000e+00
1.3500000e+02		1.3600000e+02		1.3550000e+02		1.3692679e-01		0.0000000e+00		0.0000000e+00		0.0000000e+00		0.0000000e+00		0.0000000e+00
1.3600000e+02		1.3700000e+02		1.3650000e+02		8.9861989e-02		0.0000000e+00		0.0000000e+00		0.0000000e+00		0.0000000e+00		0.0000000e+00
1.3700000e+02		1.3800000e+02		1.3750000e+02		9.2282630e-02		0.0000000e+00		0.0000000e+00		0.0000000e+00		0.0000000e+00		0.0000000e+00
1.3800000e+02		1.3900000e+02		1.3850000e+02		9.4180145e-02		0.0000000e+00		0.0000000e+00		0.0000000e+00		0.0000000e+00		0.0000000e+00
1.3900000e+02		1.4000000e+02		1.3950000e+02		3.1801144e-01		0.0000000e+00		0.0000000e+00		0.0000000e+00		0.0000000e+00		0.0000000e+00
1.4000000e+02		1.4100000e+02		1.4050000e+02		2.7729440e-01		0.0000000e+00		0.0000000e+00		0.0000000e+00		0.0000000e+00		0.0000000e+00
1.4100000e+02		1.4200000e+02		1.4150000e+02		1.3359910e-01		0.0000000e+00		0.0000000e+00		0.0000000e+00		0.0000000e+00		0.0000000e+00
1.4200000e+02		1.4300000e+02		1.4250000e+02		1.4479671e-01		0.0000000e+00		0.0000000e+00		0.0000000e+00		0.0000000e+00		0.0000000e+00
1.4300000e+02		1.4400000e+02		1.4350000e+02		1.6064305e-01		0.0000000e+00		0.0000000e+00		0.0000000e+00		0.0000000e+00		0.0000000e+00
1.4400000e+02		1.4500000e+02		1.4450000e+02		1.5363637e-01		0.0000000e+00		0.0000000e+00		0.0000000e+00		0.0000000e+00		0.0000000e+00
1.4500000e+02		1.4600000e+02		1.4550000e+02		1.6382583e-01		0.0000000e+00		0.0000000e+00		0.0000000e+00		0.0000000e+00		0.0000000e+00
1.4600000e+02		1.4700000e+02		1.4650000e+02		1.9977093e-01		0.0000000e+00		0.0000000e+00		0.0000000e+00		0.0000000e+00		0.0000000e+00
1.4700000e+02		1.4800000e+02		1.4750000e+02		2.4643334e-01		0.0000000e+00		0.0000000e+00		0.0000000e+00		0.0000000e+00		0.0000000e+00
1.4800000e+02		1.4900000e+02		1.4850000e+02		2.4167300e-01		0.0000000e+00		0.0000000e+00		0.0000000e+00		0.0000000e+00		0.0000000e+00
1.4900000e+02		1.5000000e+02		1.4950000e+02		2.1832777e-01		0.0000000e+00		0.0000000e+00		0.0000000e+00		0.0000000e+00		0.0000000e+00
1.5000000e+02		1.5100000e+02		1.5050000e+02		2.4023073e-01		0.0000000e+00		0.0000000e+00		0.0000000e+00		0.0000000e+00		0.0000000e+00
1.5100000e+02		1.5200000e+02		1.5150000e+02		2.5258505e-01		0.0000000e+00		0.0000000e+00		0.0000000e+00		0.0000000e+00		0.0000000e+00
1.5200000e+02		1.5300000e+02		1.5250000e+02		3.2229547e-01		0.0000000e+00		0.0000000e+00		0.0000000e+00		0.0000000e+00		0.0000000e+00
1.5300000e+02		1.5400000e+02		1.5350000e+02		3.5701286e-01		0.0000000e+00		0.0000000e+00		0.0000000e+00		0.0000000e+00		0.0000000e+00
1.5400000e+02		1.5500000e+02		1.5450000e+02		9.5486931e-01		0.0000000e+00		0.0000000e+00		0.0000000e+00		0.0000000e+00		0.0000000e+00
1.5500000e+02		1.5600000e+02		1.5550000e+02		7.8587524e-01		0.0000000e+00		0.0000000e+00		0.0000000e+00		0.0000000e+00		0.0000000e+00
1.5600000e+02		1.5700000e+02		1.5650000e+02		4.6648084e-01		0.0000000e+00		0.0000000e+00		0.0000000e+00		0.0000000e+00		0.0000000e+00
1.5700000e+02		1.5800000e+02		1.5750000e+02		4.2309893e-01		0.0000000e+00		0.0000000e+00		0.0000000e+00		0.0000000e+00		0.0000000e+00
1.5800000e+02		1.5900000e+02		1.5850000e+02		3.9008072e-01		0.0000000e+00		0.0000000e+00		0.0000000e+00		0.0000000e+00		0.0000000e+00
1.5900000e+02		1.6000000e+02		1.5950000e+02		3.8042347e-01		0.0000000e+00		0.0000000e+00		0.0000000e+00		0.0000000e+00		0.0000000e+00
1.6000000e+02		1.6100000e+02		1.6050000e+02		4.1635449e-01		0.0000000e+00		0.0000000e+00		0.0000000e+00		0.0000000e+00		0.0000000e+00
1.6100000e+02		1.6200000e+02		1.6150000e+02		4.7164413e-01		0.0000000e+00		0.0000000e+00		0.0000000e+00		0.0000000e+00		0.0000000e+00
1.6200000e+02		1.6300000e+02		1.6250000e+02		5.2241459e-01		0.0000000e+00		0.0000000e+00		0.0000000e+00		0.0000000e+00		0.0000000e+00
1.6300000e+02		1.6400000e+02		1.6350000e+02		1.1072121e+00		0.0000000e+00		0.0000000e+00		0.0000000e+00		0.0000000e+00		0.0000000e+00
1.6400000e+02		1.6500000e+02		1.6450000e+02		1.1323318e+00		0.0000000e+00		0.0000000e+00		0.0000000e+00		0.0000000e+00		0.0000000e+00
1.6500000e+02		1.6600000e+02		1.6550000e+02		1.3255566e+00		0.0000000e+00		0.0000000e+00		0.0000000e+00		0.0000000e+00		0.0000000e+00
1.6600000e+02		1.6700000e+02		1.6650000e+02		6.2522883e-01		0.0000000e+00		0.0000000e+00		0.0000000e+00		0.0000000e+00		0.0000000e+00
1.6700000e+02		1.6800000e+02		1.6750000e+02		6.6723830e-01		0.0000000e+00		0.0000000e+00		0.0000000e+00		0.0000000e+00		0.0000000e+00
1.6800000e+02		1.6900000e+02		1.6850000e+02		7.1904320e-01		0.0000000e+00		0.0000000e+00		0.0000000e+00		0.0000000e+00		0.0000000e+00
1.6900000e+02		1.7000000e+02		1.6950000e+02		9.0554889e-01		0.0000000e+00		0.0000000e+00		0.0000000e+00		0.0000000e+00		0.0000000e+00
1.7000000e+02		1.7100000e+02		1.7050000e+02		1.0161854e+00		0.0000000e+00		0.0000000e+00		0.0000000e+00		0.0000000e+00		0.0000000e+00
1.7100000e+02		1.7200000e+02		1.7150000e+02		1.0130704e+00		0.0000000e+00		0.0000000e+00		0.0000000e+00		0.0000000e+00		0.0000000e+00
1.7200000e+02		1.7300000e+02		1.7250000e+02		1.0571150e+00		0.0000000e+00		0.0000000e+00		0.0000000e+00		0.0000000e+00		0.0000000e+00
1.7300000e+02		1.7400000e+02		1.7350000e+02		1.0479596e+00		0.0000000e+00		0.0000000e+00		0.0000000e+00		0.0000000e+00		0.0000000e+00
1.7400000e+02		1.7500000e+02		1.7450000e+02		1.2530722e+00		0.0000000e+00		0.0000000e+00		0.0000000e+00		0.0000000e+00		0.0000000e+00
1.7500000e+02		1.7600000e+02		1.7550000e+02		1.4954862e+00		0.0000000e+00		0.0000000e+00		0.0000000e+00		0.0000000e+00		0.0000000e+00
1.7600000e+02		1.7700000e+02		1.7650000e+02		1.6135596e+00		0.0000000e+00		0.0000000e+00		0.0000000e+00		0.0000000e+00		0.0000000e+00
1.7700000e+02		1.7800000e+02		1.7750000e+02		1.9010195e+00		0.0000000e+00		0.0000000e+00		0.0000000e+00		0.0000000e+00		0.0000000e+00
1.7800000e+02		1.7900000e+02		1.7850000e+02		2.0776624e+00		0.0000000e+00		0.0000000e+00		0.0000000e+00		0.0000000e+00		0.0000000e+00
1.7900000e+02		1.8000000e+02		1.7950000e+02		2.0198657e+00		0.0000000e+00		0.0000000e+00		0.0000000e+00		0.0000000e+00		0.0000000e+00
1.8000000e+02		1.8100000e+02		1.8050000e+02		2.4976225e+00		0.0000000e+00		0.0000000e+00		0.0000000e+00		0.0000000e+00		0.0000000e+00
1.8100000e+02		1.8200000e+02		1.8150000e+02		3.0410490e+00		0.0000000e+00		0.0000000e+00		0.0000000e+00		0.0000000e+00		0.0000000e+00
1.8200000e+02		1.8300000e+02		1.8250000e+02		2.8073836e+00		0.0000000e+00		0.0000000e+00		0.0000000e+00		0.0000000e+00		0.0000000e+00
1.8300000e+02		1.8400000e+02		1.8350000e+02		2.9562417e+00		0.0000000e+00		0.0000000e+00		0.0000000e+00		0.0000000e+00		0.0000000e+00
1.8400000e+02		1.8500000e+02		1.8450000e+02		2.5409769e+00		0.0000000e+00		0.0000000e+00		0.0000000e+00		0.0000000e+00		0.0000000e+00
1.8500000e+02		1.8600000e+02		1.8550000e+02		2.8735562e+00		0.0000000e+00		0.0000000e+00		0.0000000e+00		0.0000000e+00		0.0000000e+00
1.8600000e+02		1.8700000e+02		1.8650000e+02		3.2604304e+00		0.0000000e+00		0.0000000e+00		0.0000000e+00		0.0000000e+00		0.0000000e+00
1.8700000e+02		1.8800000e+02		1.8750000e+02		3.6946466e+00		0.0000000e+00		0.0000000e+00		0.0000000e+00		0.0000000e+00		0.0000000e+00
1.8800000e+02		1.8900000e+02		1.8850000e+02		3.8870616e+00		0.0000000e+00		0.0000000e+00		0.0000000e+00		0.0000000e+00		0.0000000e+00
1.8900000e+02		1.9000000e+02		1.8950000e+02		4.3106081e+00		0.0000000e+00		0.0000000e+00		0.0000000e+00		0.0000000e+00		0.0000000e+00
1.9000000e+02		1.9100000e+02		1.9050000e+02		4.4384288e+00		0.0000000e+00		0.0000000e+00		0.0000000e+00		0.0000000e+00		0.0000000e+00
1.9100000e+02		1.9200000e+02		1.9150000e+02		4.8094361e+00		0.0000000e+00		0.0000000e+00		0.0000000e+00		0.0000000e+00		0.0000000e+00
1.9200000e+02		1.9300000e+02		1.9250000e+02		5.0365493e+00		3.6970381e-273		0.0000000e+00		6.4034578e-273		6.4034578e-273		7.3524679e-284
1.9300000e+02		1.9400000e+02		1.9350000e+02		3.8447944e+00		2.0539511e-194		0.0000000e+00		3.1547688e-194		5.4724812e-195		2.6075207e-194
1.9400000e+02		1.9500000e+02		1.9450000e+02		6.1679797e+00		1.8923983e-150		0.0000000e+00		2.9244356e-150		6.3726780e-151		2.2871678e-150
1.9500000e+02		1.9600000e+02		1.9550000e+02		5.9528271e+00		2.5685616e-96		2.1688612e-88		4.0340928e-96		1.3488370e-96		2.6852558e-96
1.9600000e+02		1.9700000e+02		1.9650000e+02		6.5508102e+00		2.1484449e-74		3.3460159e-68		3.4173284e-74		1.4500140e-74		1.9673144e-74
1.9700000e+02		1.9800000e+02		1.9750000e+02		6.5190955e+00		3.4979338e-54		1.3932837e-49		5.6829869e-54		3.2513387e-54		2.4316482e-54
1.9800000e+02		1.9900000e+02		1.9850000e+02		6.3883794e+00		8.3521659e-35		1.0389585e-31		1.4130737e-34		1.1957873e-34		2.1728646e-35
1.9900000e+02		2.0000000e+02		1.9950000e+02		6.7274707e+00		1.0409099e-22		1.4275251e-20		1.7972399e-22		1.7605401e-22		3.6699809e-24
2.0000000e+02		2.0100000e+02		2.0050000e+02		7.1125146e+00		9.7624110e-15		3.0705932e-13		1.6902195e-14		1.6858193e-14		4.4001834e-17
2.0100000e+02		2.0200000e+02		2.0150000e+02		7.5701275e+00		3.3077316e-05		1.9615098e-04		5.7291173e-05		5.7288470e-05		2.7034869e-09
2.0200000e+02		2.0300000e+02		2.0250000e+02		7.4828608e+00		3.7352936e-04		1.8840328e-03		6.4696897e-04		6.4695047e-04		1.8499163e-08
2.0300000e+02		2.0400000e+02		2.0350000e+02		8.0092047e+00		3.0537714e-02		1.2122543e-01		5.2892825e-02		5.2892519e-02		3.0642288e-07
2.0400000e+02		2.0500000e+02		2.0450000e+02		8.6207445e+00		3.5002658e-01		1.2671748e+00		6.0626364e-01		6.0626251e-01		1.1264949e-06
2.0500000e+02		2.0600000e+02		2.0550000e+02		8.6400754e+00		3.0443639e-01		1.0994045e+00		5.2729906e-01		5.2729755e-01		1.5090906e-06
2.0600000e+02		2.0700000e+02		2.0650000e+02		8.6510225e+00		3.5813408e-01		1.2790798e+00		6.2030608e-01		6.2030388e-01		2.1928832e-06
2.0700000e+02		2.0800000e+02		2.0750000e+02		9.3957826e+00		4.6860323e-01		1.6543785e+00		8.1164407e-01		8.1164062e-01		3.4494465e-06
2.0800000e+02		2.0900000e+02		2.0850000e+02		1.0163489e+01		4.6118889e-01		1.6222391e+00		7.9880182e-01		7.9879689e-01		4.9268882e-06
2.0900000e+02		2.1000000e+02		2.0950000e+02		1.3129215e+01		7.7120286e-01		2.6768124e+00		1.3357611e+00		1.3357518e+00		9.2638272e-06
2.1000000e+02		2.1100000e+02		2.1050000e+02		1.6183343e+01		8.4903534e-01		2.9379239e+00		1.4705701e+00		1.4705553e+00		1.4756000e-05
2.1100000e+02		2.1200000e+02		2.1150000e+02		1.8424170e+01		1.1385844e+00		3.8984925e+00		1.9720823e+00		1.9720589e+00		2.3411063e-05
2.1200000e+02		2.1300000e+02		2.1250000e+02		1.6428561e+01		1.1004681e+00		3.7373395e+00		1.9060623e+00		1.9060341e+00		2.8154828e-05
2.1300000e+02		2.1400000e+02		2.1350000e+02		1.6737981e+01		1.1106388e+00		3.7505374e+00		1.9236771e+00		1.9236397e+00		3.7383761e-05
2.1400000e+02		2.1500000e+02		2.1450000e+02		2.1432541e+01		1.6653296e+00		5.5674799e+00		2.8844254e+00		2.8843602e+00		6.5149344e-05
2.1500000e+02		2.1600000e+02		2.1550000e+02		1.8408135e+01		1.3732948e+00		4.5695602e+00		2.3786054e+00		2.3785341e+00		7.1258695e-05
2.1600000e+02		2.1700000e+02		2.1650000e+02		1.7036901e+01		1.4361811e+00		4.7363274e+00		2.4875251e+00		2.4874374e+00		8.7644463e-05
2.1700000e+02		2.1800000e+02		2.1750000e+02		1.7640866e+01		1.5079225e+00		4.9431416e+00		2.6117804e+00		2.6116644e+00		1.1597446e-04
2.1800000e+02		2.1900000e+02		2.1850000e+02		2.3730294e+01		2.1414338e+00		6.9710147e+00		3.7090411e+00		3.7088406e+00		2.0057768e-04
2.1900000e+02		2.2000000e+02		2.1950000e+02		2.5052511e+01		2.4147141e+00		7.8041654e+00		4.1823656e+00		4.1820940e+00		2.7160623e-04
2.2000000e+02		2.2100000e+02		2.2050000e+02		2.5203754e+01		2.4181094e+00		7.7738192e+00		4.1882357e+00		4.1878948e+00		3.4097903e-04
2.2100000e+02		2.2200000e+02		2.2150000e+02		2.0176768e+01		2.0939547e+00		6.6821256e+00		3.6267822e+00		3.6264347e+00		3.4756209e-04
2.2200000e+02		2.2300000e+02		2.2250000e+02		2.7154039e+01		2.8595812e+00		9.0738586e+00		4.9528502e+00		4.9522695e+00		5.8068484e-04
2.2300000e+02		2.2400000e+02		2.2350000e+02		3.5163062e+01		3.9346497e+00		1.2400784e+01		6.8148677e+00		6.8139256e+00		9.4209095e-04
2.2400000e+02		2.2500000e+02		2.2450000e+02		3.2875934e+01		3.7069519e+00		1.1620970e+01		6.4204623e+00		6.4193826e+00		1.0796824e-03
2.2500000e+02		2.2600000e+02		2.2550000e+02		2.8720078e+01		3.3670297e+00		1.0491333e+01		5.8316870e+00		5.8305251e+00		1.1618894e-03
2.2600000e+02		2.2700000e+02		2.2650000e+02		2.1037217e+01		2.5267644e+00		7.8289555e+00		4.3763239e+00		4.3752855e+00		1.0384239e-03
2.2700000e+02		2.2800000e+02		2.2750000e+02		2.0463841e+01		2.5239012e+00		7.7762482e+00		4.3713355e+00		4.3701079e+00		1.2276041e-03
2.2800000e+02		2.2900000e+02		2.2850000e+02		2.8509984e+01		3.6343163e+00		1.1133539e+01		6.2945001e+00		6.2924266e+00		2.0735281e-03
2.2900000e+02		2.3000000e+02		2.2950000e+02		2.5620938e+01		3.3483230e+00		1.0201687e+01		5.7991190e+00		5.7968758e+00		2.2432043e-03
2.3000000e+02		2.3100000e+02		2.3050000e+02		2.9055844e+01		3.8673709e+00		1.1721915e+01		6.6980129e+00		6.6949703e+00		3.0425596e-03
2.3100000e+02		2.3200000e+02		2.3150000e+02		2.7387429e+01		3.7229887e+00		1.1225571e+01		6.4478775e+00		6.4444587e+00		3.4187779e-03
2.3200000e+02		2.3300000e+02		2.3250000e+02		2.9413108e+01		4.0766438e+00		1.2229275e+01		7.0602812e+00		7.0559246e+00		4.3566602e-03
2.3300000e+02		2.3400000e+02		2.3350000e+02		2.6543685e+01		3.7492356e+00		1.1190627e+01		6.4931488e+00		6.4885029e+00		4.6459774e-03
2.3400000e+02		2.3500000e+02		2.3450000e+02		2.3194371e+01		3.3340937e+00		9.9025358e+00		5.7740818e+00		5.7693052e+00		4.7765816e-03
2.3500000e+02		2.3600000e+02		2.3550000e+02		3.1223226e+01		4.5641076e+00		1.3490152e+01		7.9041023e+00		7.8965672e+00		7.5350621e-03
2.3600000e+02		2.3700000e+02		2.3650000e+02		2.8911473e+01		4.2979713e+00		1.2642759e+01		7.4430462e+00		7.4348995e+00		8.1467475e-03
2.3700000e+02		2.3800000e+02		2.3750000e+02		3.0878004e+01		4.6657420e+00		1.3659930e+01		8.0797387e+00		8.0696172e+00		1.0121541e-02
2.3800000e+02		2.3900000e+02		2.3850000e+02		2.5598090e+01		3.9297590e+00		1.1451791e+01		6.8050399e+00		6.7953141e+00		9.7257959e-03
2.3900000e+02		2.4000000e+02		2.3950000e+02		2.7890834e+01		4.3486074e+00		1.2614395e+01		7.5301182e+00		7.5178780e+00		1.2240235e-02
2.4000000e+02		2.4100000e+02		2.4050000e+02		2.5623038e+01		4.0565198e+00		1.1714004e+01		7.0240987e+00		7.0111530e+00		1.2945611e-02
2.4100000e+02		2.4200000e+02		2.4150000e+02		3.0005079e+01		4.8222995e+00		1.3863343e+01		8.3497806e+00		8.3323849e+00		1.7395697e-02
2.4200000e+02		2.4300000e+02		2.4250000e+02		4.1301739e+01		6.7368491e+00		1.9282302e+01		1.1664334e+01		1.1636944e+01		2.7390257e-02
2.4300000e+02		2.4400000e+02		2.4350000e+02		3.8791639e+01		6.4189432e+00		1.8292882e+01		1.1113405e+01		1.1084070e+01		2.9334272e-02
2.4400000e+02		2.4500000e+02		2.4450000e+02		3.6329084e+01		6.0937229e+00		1.7292183e+01		1.0549814e+01		1.0518589e+01		3.1225375e-02
2.4500000e+02		2.4600000e+02		2.4550000e+02		2.9476122e+01		5.0095932e+00		1.4156172e+01		8.6724352e+00		8.6437254e+00		2.8709879e-02
2.4600000e+02		2.4700000e+02		2.4650000e+02		2.8685918e+01		4.9453394e+00		1.3916271e+01		8.5606996e+00		8.5291103e+00		3.1589351e-02
2.4700000e+02		2.4800000e+02		2.4750000e+02		3.1678139e+01		5.5359847e+00		1.5514378e+01		9.5825323e+00		9.5432075e+00		3.9324804e-02
2.4800000e+02		2.4900000e+02		2.4850000e+02		2.5406301e+01		4.4997097e+00		1.2559149e+01		7.7882487e+00		7.7527908e+00		3.5457925e-02
2.4900000e+02		2.5000000e+02		2.4950000e+02		3.0967514e+01		5.5565464e+00		1.5446904e+01		9.6167352e+00		9.5682755e+00		4.8459760e-02
2.5000000e+02		2.5100000e+02		2.5050000e+02		3.3448743e+01		6.0739833e+00		1.6819161e+01		1.0511408e+01		1.0452890e+01		5.8518585e-02
2.5100000e+02		2.5200000e+02		2.5150000e+02		2.7888154e+01		5.1263330e+00		1.4139960e+01		8.8706628e+00		8.8162412e+00		5.4421526e-02
2.5200000e+02		2.5300000e+02		2.5250000e+02		2.5069906e+01		4.6705082e+00		1.2832727e+01		8.0811436e+00		8.0266738e+00		5.4469745e-02
2.5300000e+02		2.5400000e+02		2.5350000e+02		3.1592540e+01		5.9567776e+00		1.6304835e+01		1.0305670e+01		1.0229464e+01		7.6206298e-02
2.5400000e+02		2.5500000e+02		2.5450000e+02		3.5730773e+01		6.8139741e+00		1.8581570e+01		1.1787406e+01		1.1691958e+01		9.5447848e-02
2.5500000e+02		2.5600000e+02		2.5550000e+02		4.8755658e+01		9.4007311e+00		2.5541289e+01		1.6260316e+01		1.6116416e+01		1.4389992e-01
2.5600000e+02		2.5700000e+02		2.5650000e+02		6.2803876e+01		1.2282089e+01		3.3245111e+01		2.1241589e+01		2.1036927e+01		2.0466178e-01
2.5700000e+02		2.5800000e+02		2.5750000e+02		7.8843355e+01		1.5573259e+01		4.2003184e+01		2.6930028e+01		2.6647458e+01		2.8257004e-01
2.5800000e+02		2.5900000e+02		2.5850000e+02		8.2991293e+01		1.6598810e+01		4.4607640e+01		2.8699496e+01		2.8372653e+01		3.2684363e-01
2.5900000e+02		2.6000000e+02		2.5950000e+02		7.0629481e+01		1.4273849e+01		3.8225006e+01		2.4675954e+01		2.4371181e+01		3.0477363e-01
2.6000000e+02		2.6100000e+02		2.6050000e+02		5.7868388e+01		1.1825147e+01		3.1556847e+01		2.0439559e+01		2.0166389e+01		2.7317076e-01
2.6100000e+02		2.6200000e+02		2.6150000e+02		5.9092703e+01		1.2200280e+01		3.2446172e+01		2.1084472e+01		2.0779984e+01		3.0448771e-01
2.6200000e+02		2.6300000e+02		2.6250000e+02		7.0528613e+01		1.4734329e+01		3.9050347e+01		2.5459397e+01		2.5063138e+01		3.9625806e-01
2.6300000e+02		2.6400000e+02		2.6350000e+02		1.0614195e+02		2.2444317e+01		5.9280580e+01		3.8774416e+01		3.8125209e+01		6.4920698e-01
2.6400000e+02		2.6500000e+02		2.6450000e+02		1.6548208e+02		3.5306202e+01		9.2945073e+01		6.0982480e+01		5.9884155e+01		1.0983246e+00
2.6500000e+02		2.6600000e+02		2.6550000e+02		1.7356948e+02		3.7431802e+01		9.8214253e+01		6.4640836e+01		6.3391738e+01		1.2490980e+00
2.6600000e+02		2.6700000e+02		2.6650000e+02		1.6826276e+02		3.6655048e+01		9.5862537e+01		6.3285987e+01		6.1975563e+01		1.3104239e+00
2.6700000e+02		2.6800000e+02		2.6750000e+02		1.6940220e+02		3.7296884e+01		9.7224355e+01		6.4379849e+01		6.2954000e+01		1.4258494e+00
2.6800000e+02		2.6900000e+02		2.6850000e+02		1.6778062e+02		3.7300621e+01		9.6924045e+01		6.4371279e+01		6.2848040e+01		1.5232386e+00
2.6900000e+02		2.7000000e+02		2.6950000e+02		1.5737310e+02		3.5388339e+01		9.1659555e+01		6.1056505e+01		5.9516399e+01		1.5401056e+00
2.7000000e+02		2.7100000e+02		2.7050000e+02		1.8181465e+02		4.1234657e+01		1.0647190e+02		7.1125120e+01		6.9212740e+01		1.9123801e+00
2.7100000e+02		2.7200000e+02		2.7150000e+02		1.5108640e+02		3.4592002e+01		8.9043530e+01		5.9651516e+01		5.7945091e+01		1.7064246e+00
2.7200000e+02		2.7300000e+02		2.7250000e+02		1.2154404e+02		2.8079331e+01		7.2058720e+01		4.8407509e+01		4.6935883e+01		1.4716261e+00
2.7300000e+02		2.7400000e+02		2.7350000e+02		1.2960124e+02		3.0173561e+01		7.7202059e+01		5.2002817e+01		5.0324003e+01		1.6788141e+00
2.7400000e+02		2.7500000e+02		2.7450000e+02		8.9183780e+01		2.1062281e+01		5.3719148e+01		3.6289616e+01		3.5051009e+01		1.2386068e+00
2.7500000e+02		2.7600000e+02		2.7550000e+02		1.1893609e+02		2.8279666e+01		7.1917953e+01		4.8709690e+01		4.6947981e+01		1.7617088e+00
2.7600000e+02		2.7700000e+02		2.7650000e+02		1.6564211e+02		3.9830165e+01		1.0098621e+02		6.8583207e+01		6.5963492e+01		2.6197148e+00
2.7700000e+02		2.7800000e+02		2.7750000e+02		1.5837296e+02		3.8391898e+01		9.7058181e+01		6.6084807e+01		6.3418170e+01		2.6666369e+00
2.7800000e+02		2.7900000e+02		2.7850000e+02		1.0921797e+02		2.6752899e+01		6.7434758e+01		4.6034938e+01		4.4076987e+01		1.9579515e+00
2.7900000e+02		2.8000000e+02		2.7950000e+02		6.1368404e+01		1.5154024e+01		3.8089495e+01		2.6067047e+01		2.4898571e+01		1.1684763e+00
2.8000000e+02		2.8100000e+02		2.8050000e+02		6.7313201e+01		1.6787630e+01		4.2074104e+01		2.8866782e+01		2.7505681e+01		1.3611006e+00
2.8100000e+02		2.8200000e+02		2.8150000e+02		1.3943196e+02		3.4971019e+01		8.7408456e+01		6.0110694e+01		5.7126992e+01		2.9837027e+00
2.8200000e+02		2.8300000e+02		2.8250000e+02		1.8983287e+02		4.8393405e+01		1.2058911e+02		8.3152531e+01		7.8832515e+01		4.3200166e+00
2.8300000e+02		2.8400000e+02		2.8350000e+02		1.9610227e+02		5.0238186e+01		1.2485503e+02		8.6287432e+01		8.1576696e+01		4.7107360e+00
2.8400000e+02		2.8500000e+02		2.8450000e+02		1.4459284e+02		3.7451927e+01		9.2815072e+01		6.4300924e+01		6.0625626e+01		3.6752985e+00
2.8500000e+02		2.8600000e+02		2.8550000e+02		9.2944992e+01		2.4239086e+01		5.9910464e+01		4.1598488e+01		3.9107104e+01		2.4913847e+00
2.8600000e+02		2.8700000e+02		2.8650000e+02		1.9045522e+02		5.0254175e+01		1.2386235e+02		8.6209650e+01		8.0816072e+01		5.3935775e+00
2.8700000e+02		2.8800000e+02		2.8750000e+02		2.2108403e+02		5.8801557e+01		1.4454415e+02		1.0082871e+02		9.4234667e+01		6.5940475e+00
2.8800000e+02		2.8900000e+02		2.8850000e+02		2.1010240e+02		5.6448195e+01		1.3838347e+02		9.6751336e+01		9.0149290e+01		6.6020463e+00
2.8900000e+02		2.9000000e+02		2.8950000e+02		3.1885068e+02		8.6693653e+01		2.1194660e+02		1.4852700e+02		1.3796937e+02		1.0557629e+01
2.9000000e+02		2.9100000e+02		2.9050000e+02		4.1860542e+02		1.1443270e+02		2.7906022e+02		1.9595785e+02		1.8142147e+02		1.4536377e+01
2.9100000e+02		2.9200000e+02		2.9150000e+02		4.0318642e+02		1.1186731e+02		2.7203900e+02		1.9148090e+02		1.7672726e+02		1.4753632e+01
2.9200000e+02		2.9300000e+02		2.9250000e+02		3.5818014e+02		9.9619489e+01		2.4168068e+02		1.7043021e+02		1.5673284e+02		1.3697369e+01
2.9300000e+02		2.9400000e+02		2.9350000e+02		3.7393440e+02		1.0555921e+02		2.5538243e+02		1.8051005e+02		1.6546572e+02		1.5044330e+01
2.9400000e+02		2.9500000e+02		2.9450000e+02		3.4819581e+02		9.8910172e+01		2.3870786e+02		1.6905450e+02		1.5440458e+02		1.4649916e+01
2.9500000e+02		2.9600000e+02		2.9550000e+02		3.7701055e+02		1.0872163e+02		2.6166945e+02		1.8573723e+02		1.6907262e+02		1.6664613e+01
2.9600000e+02		2.9700000e+02		2.9650000e+02		3.4493460e+02		9.9625468e+01		2.3923437e+02		1.7010439e+02		1.5423066e+02		1.5873730e+01
2.9700000e+02		2.9800000e+02		2.9750000e+02		3.5165811e+02		1.0310474e+02		2.4692233e+02		1.7596036e+02		1.5898405e+02		1.6976303e+01
2.9800000e+02		2.9900000e+02		2.9850000e+02		3.0223333e+02		8.8794237e+01		2.1217394e+02		1.5145259e+02		1.3628091e+02		1.5171683e+01
2.9900000e+02		3.0000000e+02		2.9950000e+02		3.4101318e+02		1.0184690e+02		2.4270541e+02		1.7363159e+02		1.5568349e+02		1.7948101e+01
3.0000000e+02		3.0100000e+02		3.0050000e+02		2.7131061e+02		8.1283299e+01		1.9326748e+02		1.3849492e+02		1.2365768e+02		1.4837239e+01
3.0100000e+02		3.0200000e+02		3.0150000e+02		3.1202593e+02		9.5261689e+01		2.2588161e+02		1.6223388e+02		1.4433887e+02		1.7895007e+01
3.0200000e+02		3.0300000e+02		3.0250000e+02		3.2846528e+02		1.0019336e+02		2.3708344e+02		1.7052827e+02		1.5103096e+02		1.9497314e+01
3.0300000e+02		3.0400000e+02		3.0350000e+02		4.2601061e+02		1.3241952e+02		3.1248964e+02		2.2526610e+02		1.9878012e+02		2.6485979e+01
3.0400000e+02		3.0500000e+02		3.0450000e+02		4.0776836e+02		1.2664592e+02		2.9825607e+02		2.1530930e+02		1.8910408e+02		2.6205219e+01
3.0500000e+02		3.0600000e+02		3.0550000e+02		4.1174793e+02		1.3018900e+02		3.0578994e+02		2.2122055e+02		1.9355526e+02		2.7665287e+01
3.0600000e+02		3.0700000e+02		3.0650000e+02		3.9053943e+02		1.2336851e+02		2.8919100e+02		2.0949647e+02		1.8240961e+02		2.7086867e+01
3.0700000e+02		3.0800000e+02		3.0750000e+02		4.3847484e+02		1.4070878e+02		3.2900218e+02		2.3881572e+02		2.0710017e+02		3.1715546e+01
3.0800000e+02		3.0900000e+02		3.0850000e+02		4.3035211e+02		1.3854339e+02		3.2325877e+02		2.3499347e+02		2.0281393e+02		3.2179545e+01
3.0900000e+02		3.1000000e+02		3.0950000e+02		3.4901328e+02		1.1370742e+02		2.6467980e+02		1.9275802e+02		1.6563913e+02		2.7118892e+01
3.1000000e+02		3.1100000e+02		3.1050000e+02		4.3927411e+02		1.4391514e+02		3.3427638e+02		2.4381551e+02		2.0851486e+02		3.5300644e+01
3.1100000e+02		3.1200000e+02		3.1150000e+02		5.2246540e+02		1.7283345e+02		4.0053673e+02		2.9263427e+02		2.4911694e+02		4.3517332e+01
3.1200000e+02		3.1300000e+02		3.1250000e+02		4.6521908e+02		1.5509341e+02		3.5863978e+02		2.6243700e+02		2.2234677e+02		4.0090230e+01
3.1300000e+02		3.1400000e+02		3.1350000e+02		4.9544367e+02		1.6624812e+02		3.8361692e+02		2.8113614e+02		2.3702323e+02		4.4112915e+01
3.1400000e+02		3.1500000e+02		3.1450000e+02		4.6729179e+02		1.5821546e+02		3.6428168e+02		2.6738923e+02		2.2435133e+02		4.3037895e+01
3.1500000e+02		3.1600000e+02		3.1550000e+02		4.5343123e+02		1.5445017e+02		3.5487407e+02		2.6085936e+02		2.1776839e+02		4.3090969e+01
3.1600000e+02		3.1700000e+02		3.1650000e+02		4.4229406e+02		1.5186123e+02		3.4818439e+02		2.5632639e+02		2.1291955e+02		4.3406844e+01
3.1700000e+02		3.1800000e+02		3.1750000e+02		5.6102832e+02		1.9390817e+02		4.4367162e+02		3.2708798e+02		2.7030716e+02		5.6780826e+01
3.1800000e+02		3.1900000e+02		3.1850000e+02		4.6340678e+02		1.6132104e+02		3.6834835e+02		2.7194570e+02		2.2358274e+02		4.8362960e+01
3.1900000e+02		3.2000000e+02		3.1950000e+02		4.9774832e+02		1.7447813e+02		3.9757749e+02		2.9393590e+02		2.4040330e+02		5.3532600e+01
3.2000000e+02		3.2100000e+02		3.2050000e+02		5.7184857e+02		2.0183507e+02		4.5898465e+02		3.3980314e+02		2.7645374e+02		6.3349401e+01
3.2100000e+02		3.2200000e+02		3.2150000e+02		4.8024660e+02		1.7062162e+02		3.8722880e+02		2.8706593e+02		2.3230136e+02		5.4764575e+01
3.2200000e+02		3.2300000e+02		3.2250000e+02		4.8228681e+02		1.7246809e+02		3.9064480e+02		2.8998264e+02		2.3339578e+02		5.6586854e+01
3.2300000e+02		3.2400000e+02		3.2350000e+02		4.6607071e+02		1.6778074e+02		3.7928024e+02		2.8191652e+02		2.2567031e+02		5.6246217e+01
3.2400000e+02		3.2500000e+02		3.2450000e+02		5.4882129e+02		1.9879485e+02		4.4851990e+02		3.3380745e+02		2.6573299e+02		6.8074462e+01
3.2500000e+02		3.2600000e+02		3.2550000e+02		6.3196128e+02		2.3031916e+02		5.1864785e+02		3.8648486e+02		3.0595282e+02		8.0532045e+01
3.2600000e+02		3.2700000e+02		3.2650000e+02		7.1301257e+02		2.6149352e+02		5.8772502e+02		4.3850518e+02		3.4518571e+02		9.3319464e+01
3.2700000e+02		3.2800000e+02		3.2750000e+02		6.8984049e+02		2.5451642e+02		5.7096645e+02		4.2651984e+02		3.3384358e+02		9.2676264e+01
3.2800000e+02		3.2900000e+02		3.2850000e+02		6.6596082e+02		2.4717994e+02		5.5347302e+02		4.1394793e+02		3.2214719e+02		9.1800742e+01
3.2900000e+02		3.3000000e+02		3.2950000e+02		7.7527139e+02		2.8944296e+02		6.4690885e+02		4.8439938e+02		3.7479403e+02		1.0960535e+02
3.3000000e+02		3.3100000e+02		3.3050000e+02		7.3029799e+02		2.7423319e+02		6.1179337e+02		4.5863586e+02		3.5278901e+02		1.0584685e+02
3.3100000e+02		3.3200000e+02		3.3150000e+02		6.9881652e+02		2.6395142e+02		5.8778562e+02		4.4114302e+02		3.3734001e+02		1.0380301e+02
3.3200000e+02		3.3300000e+02		3.3250000e+02		6.8562051e+02		2.6043702e+02		5.7891823e+02		4.3497522e+02		3.3064985e+02		1.0432537e+02
3.3300000e+02		3.3400000e+02		3.3350000e+02		6.5878216e+02		2.5165182e+02		5.5839466e+02		4.2001802e+02		3.1737082e+02		1.0264720e+02
3.3400000e+02		3.3500000e+02		3.3450000e+02		6.9405546e+02		2.6659892e+02		5.9051895e+02		4.4466393e+02		3.3396823e+02		1.1069569e+02
3.3500000e+02		3.3600000e+02		3.3550000e+02		6.8541663e+02		2.6473042e+02		5.8535683e+02		4.4124806e+02		3.2939019e+02		1.1185788e+02
3.3600000e+02		3.3700000e+02		3.3650000e+02		5.6469084e+02		2.1928892e+02		4.8404113e+02		3.6525898e+02		2.7099633e+02		9.4262652e+01
3.3700000e+02		3.3800000e+02		3.3750000e+02		5.9573781e+02		2.3259248e+02		5.1252739e+02		3.8715516e+02		2.8547180e+02		1.0168336e+02
3.3800000e+02		3.3900000e+02		3.3850000e+02		6.4448401e+02		2.5296770e+02		5.5647972e+02		4.2078437e+02		3.0834348e+02		1.1244090e+02
3.3900000e+02		3.4000000e+02		3.3950000e+02		6.7448220e+02		2.6613693e+02		5.8446645e+02		4.4238948e+02		3.2214976e+02		1.2023972e+02
3.4000000e+02		3.4100000e+02		3.4050000e+02		7.1196374e+02		2.8238505e+02		6.1911830e+02		4.6907952e+02		3.3943633e+02		1.2964319e+02
3.4100000e+02		3.4200000e+02		3.4150000e+02		6.4984945e+02		2.5905568e+02		5.6703583e+02		4.3003405e+02		3.0920945e+02		1.2082460e+02
3.4200000e+02		3.4300000e+02		3.4250000e+02		7.0477558e+02		2.8240426e+02		6.1713296e+02		4.6847549e+02		3.3470654e+02		1.3376895e+02
3.4300000e+02		3.4400000e+02		3.4350000e+02		6.9264465e+02		2.7893069e+02		6.0855880e+02		4.6239972e+02		3.2824637e+02		1.3415335e+02
3.4400000e+02		3.4500000e+02		3.4450000e+02		5.5710877e+02		2.2547686e+02		4.9114831e+02		3.7353351e+02		2.6345335e+02		1.1008016e+02
3.4500000e+02		3.4600000e+02		3.4550000e+02		6.7138909e+02		2.7306389e+02		5.9386401e+02		4.5206231e+02		3.1677082e+02		1.3529149e+02
3.4600000e+02		3.4700000e+02		3.4650000e+02		6.5194093e+02		2.6644411e+02		5.7855890e+02		4.4080556e+02		3.0686744e+02		1.3393813e+02
3.4700000e+02		3.4800000e+02		3.4750000e+02		6.4525828e+02		2.6497823e+02		5.7448315e+02		4.3808511e+02		3.0297208e+02		1.3511303e+02
3.4800000e+02		3.4900000e+02		3.4850000e+02		6.6761091e+02		2.7548951e+02		5.9635216e+02		4.5515761e+02		3.1270600e+02		1.4245161e+02
3.4900000e+02		3.5000000e+02		3.4950000e+02		6.3989005e+02		2.6529636e+02		5.7341300e+02		4.3802271e+02		2.9893859e+02		1.3908411e+02
3.5000000e+02		3.5100000e+02		3.5050000e+02		7.6650484e+02		3.1926509e+02		6.8902212e+02		5.2677590e+02		3.5711335e+02		1.6966254e+02
3.5100000e+02		3.5200000e+02		3.5150000e+02		7.1211510e+02		2.9798048e+02		6.4212726e+02		4.9132883e+02		3.3085231e+02		1.6047651e+02
3.5200000e+02		3.5300000e+02		3.5250000e+02		6.5785102e+02		2.7652905e+02		5.9502086e+02		4.5565470e+02		3.0476487e+02		1.5088983e+02
3.5300000e+02		3.5400000e+02		3.5350000e+02		7.5263834e+02		3.1780831e+02		6.8284294e+02		5.2332553e+02		3.4766070e+02		1.7566483e+02
3.5400000e+02		3.5500000e+02		3.5450000e+02		8.0329241e+02		3.4070846e+02		7.3098668e+02		5.6066291e+02		3.6993458e+02		1.9072834e+02
3.5500000e+02		3.5600000e+02		3.5550000e+02		7.5433512e+02		3.2135597e+02		6.8847803e+02		5.2846770e+02		3.4631247e+02		1.8215523e+02
3.5600000e+02		3.5700000e+02		3.5650000e+02		6.5576441e+02		2.8058004e+02		6.0026645e+02		4.6110821e+02		3.0009970e+02		1.6100851e+02
3.5700000e+02		3.5800000e+02		3.5750000e+02		5.7307986e+02		2.4625731e+02		5.2609751e+02		4.0443632e+02		2.6140450e+02		1.4303181e+02
3.5800000e+02		3.5900000e+02		3.5850000e+02		4.9194729e+02		2.1229895e+02		4.5291903e+02		3.4843751e+02		2.2365416e+02		1.2478335e+02
3.5900000e+02		3.6000000e+02		3.5950000e+02		7.1030971e+02		3.0782182e+02		6.5580433e+02		5.0488608e+02		3.2182591e+02		1.8306017e+02
3.6000000e+02		3.6100000e+02		3.6050000e+02		7.0092701e+02		3.0502694e+02		6.4896441e+02		4.9997732e+02		3.1647768e+02		1.8349964e+02
3.6100000e+02		3.6200000e+02		3.6150000e+02		6.5110481e+02		2.8450091e+02		6.0447878e+02		4.6603084e+02		2.9292587e+02		1.7310497e+02
3.6200000e+02		3.6300000e+02		3.6250000e+02		7.3500056e+02		3.2245174e+02		6.8419976e+02		5.2785627e+02		3.2945594e+02		1.9840034e+02
3.6300000e+02		3.6400000e+02		3.6350000e+02		7.1558904e+02		3.1521310e+02		6.6795590e+02		5.1567584e+02		3.1958841e+02		1.9608743e+02
3.6400000e+02		3.6500000e+02		3.6450000e+02		7.4837927e+02		3.3091860e+02		7.0032381e+02		5.4102267e+02		3.3292043e+02		2.0810224e+02
3.6500000e+02		3.6600000e+02		3.6550000e+02		8.5179486e+02		3.7816095e+02		7.9926500e+02		6.1786718e+02		3.7751466e+02		2.4035252e+02
3.6600000e+02		3.6700000e+02		3.6650000e+02		9.1042532e+02		4.0570261e+02		8.5638218e+02		6.6244595e+02		4.0186412e+02		2.6058183e+02
3.6700000e+02		3.6800000e+02		3.6750000e+02		8.7909512e+02		3.9326183e+02		8.2906818e+02		6.4172778e+02		3.8651855e+02		2.5520924e+02
3.6800000e+02		3.6900000e+02		3.6850000e+02		8.1047729e+02		3.6382343e+02		7.6605332e+02		5.9331524e+02		3.5478427e+02		2.3853097e+02
3.6900000e+02		3.7000000e+02		3.6950000e+02		8.9967825e+02		4.0544674e+02		8.5262929e+02		6.6078207e+02		3.9229760e+02		2.6848448e+02
3.7000000e+02		3.7100000e+02		3.7050000e+02		8.4427990e+02		3.8213726e+02		8.0260556e+02		6.2241092e+02		3.6688743e+02		2.5552349e+02
3.7100000e+02		3.7200000e+02		3.7150000e+02		8.7164560e+02		3.9598580e+02		8.3067935e+02		6.4456850e+02		3.7720568e+02		2.6736282e+02
3.7200000e+02		3.7300000e+02		3.7250000e+02		7.2411383e+02		3.3016661e+02		6.9177285e+02		5.3710057e+02		3.1203931e+02		2.2506126e+02
3.7300000e+02		3.7400000e+02		3.7350000e+02		6.3155746e+02		2.8900673e+02		6.0481183e+02		4.6985602e+02		2.7099083e+02		1.9886519e+02
3.7400000e+02		3.7500000e+02		3.7450000e+02		6.4642322e+02		2.9686795e+02		6.2053024e+02		4.8234294e+02		2.7616818e+02		2.0617476e+02
3.7500000e+02		3.7600000e+02		3.7550000e+02		7.4036161e+02		3.4121161e+02		7.1238715e+02		5.5405595e+02		3.1491346e+02		2.3914250e+02
3.7600000e+02		3.7700000e+02		3.7650000e+02		7.6758018e+02		3.5499577e+02		7.4030938e+02		5.7609180e+02		3.2504381e+02		2.5104800e+02
3.7700000e+02		3.7800000e+02		3.7750000e+02		9.0048278e+02		4.1790437e+02		8.7050245e+02		6.7777504e+02		3.7961276e+02		2.9816228e+02
3.7800000e+02		3.7900000e+02		3.7850000e+02		9.3786543e+02		4.3674402e+02		9.0871614e+02		7.0790868e+02		3.9357740e+02		3.1433128e+02
3.7900000e+02		3.8000000e+02		3.7950000e+02		7.6051322e+02		3.5535538e+02		7.3854577e+02		5.7564704e+02		3.1768741e+02		2.5795963e+02
3.8000000e+02		3.8100000e+02		3.8050000e+02		8.2814537e+02		3.8825418e+02		8.0602584e+02		6.2857070e+02		3.4433553e+02		2.8423517e+02
3.8100000e+02		3.8200000e+02		3.8150000e+02		7.4366886e+02		3.4980545e+02		7.2540862e+02		5.6599252e+02		3.0776255e+02		2.5822998e+02
3.8200000e+02		3.8300000e+02		3.8250000e+02		5.3336093e+02		2.5170374e+02		5.2140365e+02		4.0702532e+02		2.1968351e+02		1.8734182e+02
3.8300000e+02		3.8400000e+02		3.8350000e+02		4.7073026e+02		2.2286698e+02		4.6117243e+02		3.6018587e+02		1.9296002e+02		1.6722585e+02
3.8400000e+02		3.8500000e+02		3.8450000e+02		6.2969557e+02		2.9908602e+02		6.1823233e+02		4.8308974e+02		2.5687832e+02		2.2621142e+02
3.8500000e+02		3.8600000e+02		3.8550000e+02		6.6694888e+02		3.1778611e+02		6.5619558e+02		5.1300183e+02		2.7075207e+02		2.4224976e+02
3.8600000e+02		3.8700000e+02		3.8650000e+02		6.6977732e+02		3.2013574e+02		6.6035902e+02		5.1650202e+02		2.7056552e+02		2.4593650e+02
3.8700000e+02		3.8800000e+02		3.8750000e+02		6.6902499e+02		3.2076908e+02		6.6098369e+02		5.1723250e+02		2.6892327e+02		2.4830923e+02
3.8800000e+02		3.8900000e+02		3.8850000e+02		6.7841027e+02		3.2626763e+02		6.7162862e+02		5.2580450e+02		2.7133372e+02		2.5447078e+02
3.8900000e+02		3.9000000e+02		3.8950000e+02		8.1451188e+02		3.9291249e+02		8.0800236e+02		6.3285574e+02		3.2412762e+02		3.0872812e+02
3.9000000e+02		3.9100000e+02		3.9050000e+02		8.5560997e+02		4.1397917e+02		8.5047468e+02		6.6641933e+02		3.3875538e+02		3.2766395e+02
3.9100000e+02		3.9200000e+02		3.9150000e+02		9.2006232e+02		4.4648776e+02		9.1635363e+02		7.1835719e+02		3.6241121e+02		3.5594598e+02
3.9200000e+02		3.9300000e+02		3.9250000e+02		7.0614281e+02		3.4368479e+02		7.0467522e+02		5.5265561e+02		2.7671571e+02		2.7593990e+02
3.9300000e+02		3.9400000e+02		3.9350000e+02		4.3291589e+02		2.1131629e+02		4.3285380e+02		3.3961920e+02		1.6876610e+02		1.7085310e+02
3.9400000e+02		3.9500000e+02		3.9450000e+02		7.1565803e+02		3.5033465e+02		7.1692762e+02		5.6274150e+02		2.7753104e+02		2.8521046e+02
3.9500000e+02		3.9600000e+02		3.9550000e+02		8.7888136e+02		4.3146191e+02		8.8211047e+02		6.9268616e+02		3.3903520e+02		3.5365095e+02
3.9600000e+02		3.9700000e+02		3.9650000e+02		6.0712893e+02		2.9889215e+02		6.1050274e+02		4.7959910e+02		2.3296385e+02		2.4663526e+02
3.9700000e+02		3.9800000e+02		3.9750000e+02		6.8053003e+02		3.3596122e+02		6.8558155e+02		5.3879609e+02		2.5973642e+02		2.7905967e+02
3.9800000e+02		3.9900000e+02		3.9850000e+02		1.0480559e+03		5.1882601e+02		1.0577737e+03		8.3162983e+02		3.9786275e+02		4.3376708e+02
3.9900000e+02		4.0000000e+02		3.9950000e+02		1.1577145e+03		5.7467373e+02		1.1705706e+03		9.2067069e+02		4.3711833e+02		4.8355235e+02
4.0000000e+02		4.0100000e+02		4.0050000e+02		1.1939713e+03		5.9426984e+02		1.2093982e+03		9.5157478e+02		4.4835906e+02		5.0321571e+02
4.0100000e+02		4.0200000e+02		4.0150000e+02		1.2509583e+03		6.2429529e+02		1.2693726e+03		9.9914189e+02		4.6719213e+02		5.3194976e+02
4.0200000e+02		4.0300000e+02		4.0250000e+02		1.2664199e+03		6.3368002e+02		1.2873201e+03		1.0136467e+03		4.7036763e+02		5.4327908e+02
4.0300000e+02		4.0400000e+02		4.0350000e+02		1.2115903e+03		6.0782832e+02		1.2337266e+03		9.7180388e+02		4.4751664e+02		5.2428724e+02
4.0400000e+02		4.0500000e+02		4.0450000e+02		1.1914959e+03		5.9929198e+02		1.2153514e+03		9.5767659e+02		4.3764967e+02		5.2002692e+02
4.0500000e+02		4.0600000e+02		4.0550000e+02		1.1904731e+03		6.0030829e+02		1.2163738e+03		9.5882436e+02		4.3483204e+02		5.2399232e+02
4.0600000e+02		4.0700000e+02		4.0650000e+02		1.1388815e+03		5.7574520e+02		1.1656180e+03		9.1913850e+02		4.1365272e+02		5.0548578e+02
4.0700000e+02		4.0800000e+02		4.0750000e+02		1.1575323e+03		5.8663813e+02		1.1866789e+03		9.3607025e+02		4.1805523e+02		5.1801502e+02
4.0800000e+02		4.0900000e+02		4.0850000e+02		1.2307397e+03		6.2528388e+02		1.2638077e+03		9.9725106e+02		4.4197530e+02		5.5527576e+02
4.0900000e+02		4.1000000e+02		4.0950000e+02		1.2243097e+03		6.2354066e+02		1.2592533e+03		9.9399171e+02		4.3716222e+02		5.5682949e+02
4.1000000e+02		4.1100000e+02		4.1050000e+02		1.1216634e+03		5.7264734e+02		1.1555369e+03		9.1242575e+02		3.9821903e+02		5.1420672e+02
4.1100000e+02		4.1200000e+02		4.1150000e+02		1.3003372e+03		6.6545818e+02		1.3417429e+03		1.0598025e+03		4.5899968e+02		6.0080282e+02
4.1200000e+02		4.1300000e+02		4.1250000e+02		1.2760342e+03		6.5457012e+02		1.3187433e+03		1.0419715e+03		4.4782127e+02		5.9415018e+02
4.1300000e+02		4.1400000e+02		4.1350000e+02		1.2308584e+03		6.3287825e+02		1.2740410e+03		1.0069708e+03		4.2946307e+02		5.7750770e+02
4.1400000e+02		4.1500000e+02		4.1450000e+02		1.2488872e+03		6.4363962e+02		1.2946987e+03		1.0236184e+03		4.3321733e+02		5.9040106e+02
4.1500000e+02		4.1600000e+02		4.1550000e+02		1.2477523e+03		6.4453245e+02		1.2954986e+03		1.0245668e+03		4.3029435e+02		5.9427246e+02
4.1600000e+02		4.1700000e+02		4.1650000e+02		1.2947363e+03		6.7032296e+02		1.3463127e+03		1.0650778e+03		4.4387765e+02		6.2120017e+02
4.1700000e+02		4.1800000e+02		4.1750000e+02		1.1781342e+03		6.1132692e+02		1.2268981e+03		9.7089903e+02		4.0152413e+02		5.6937490e+02
4.1800000e+02		4.1900000e+02		4.1850000e+02		1.2217101e+03		6.3534946e+02		1.2741606e+03		1.0085979e+03		4.1391433e+02		5.9468356e+02
4.1900000e+02		4.2000000e+02		4.1950000e+02		1.2338424e+03		6.4307228e+02		1.2886981e+03		1.0204027e+03		4.1554503e+02		6.0485762e+02
4.2000000e+02		4.2100000e+02		4.2050000e+02		1.2494927e+03		6.5264860e+02		1.3069351e+03		1.0351401e+03		4.1831087e+02		6.1682922e+02
4.2100000e+02		4.2200000e+02		4.2150000e+02		1.2299982e+03		6.4385171e+02		1.2883888e+03		1.0207398e+03		4.0932479e+02		6.1141497e+02
4.2200000e+02		4.2300000e+02		4.2250000e+02		1.1657134e+03		6.1150367e+02		1.2227845e+03		9.6903448e+02		3.8560694e+02		5.8342753e+02
4.2300000e+02		4.2400000e+02		4.2350000e+02		1.2419943e+03		6.5289465e+02		1.3046287e+03		1.0341791e+03		4.0836987e+02		6.2580927e+02
4.2400000e+02		4.2500000e+02		4.2450000e+02		1.2850442e+03		6.7693699e+02		1.3517246e+03		1.0718029e+03		4.1997644e+02		6.5182643e+02
4.2500000e+02		4.2600000e+02		4.2550000e+02		1.2367256e+03		6.5283098e+02		1.3026869e+03		1.0331965e+03		4.0173987e+02		6.3145664e+02
4.2600000e+02		4.2700000e+02		4.2650000e+02		1.2316584e+03		6.5148671e+02		1.2991140e+03		1.0306347e+03		3.9766624e+02		6.3296841e+02
4.2700000e+02		4.2800000e+02		4.2750000e+02		1.1420512e+03		6.0531232e+02		1.2062205e+03		9.5718786e+02		3.6649092e+02		5.9069694e+02
4.2800000e+02		4.2900000e+02		4.2850000e+02		1.1495483e+03		6.1050706e+02		1.2157560e+03		9.6500225e+02		3.6664570e+02		5.9835654e+02
4.2900000e+02		4.3000000e+02		4.2950000e+02		1.0698649e+03		5.6931538e+02		1.1329747e+03		8.9952240e+02		3.3914292e+02		5.6037948e+02
4.3000000e+02		4.3100000e+02		4.3050000e+02		8.6065012e+02		4.5888325e+02		9.1260745e+02		7.2474324e+02		2.7114886e+02		4.5359437e+02
4.3100000e+02		4.3200000e+02		4.3150000e+02		1.0641754e+03		5.6850144e+02		1.1298762e+03		8.9750709e+02		3.3320751e+02		5.6429957e+02
4.3200000e+02		4.3300000e+02		4.3250000e+02		1.1990384e+03		6.4177902e+02		1.2746918e+03		1.0127859e+03		3.7311984e+02		6.3966603e+02
4.3300000e+02		4.3400000e+02		4.3350000e+02		1.3017454e+03		6.9807797e+02		1.3856287e+03		1.1011926e+03		4.0257648e+02		6.9861613e+02
4.3400000e+02		4.3500000e+02		4.3450000e+02		1.1054356e+03		5.9392045e+02		1.1781412e+03		9.3651837e+02		3.3974768e+02		5.9677069e+02
4.3500000e+02		4.3600000e+02		4.3550000e+02		1.2347447e+03		6.6463093e+02		1.3175847e+03		1.0476076e+03		3.7713314e+02		6.7047448e+02
4.3600000e+02		4.3700000e+02		4.3650000e+02		1.3814970e+03		7.4499532e+02		1.4759894e+03		1.1738244e+03		4.1932995e+02		7.5449447e+02
4.3700000e+02		4.3800000e+02		4.3750000e+02		1.2223713e+03		6.6038735e+02		1.3075639e+03		1.0401147e+03		3.6871567e+02		6.7139905e+02
4.3800000e+02		4.3900000e+02		4.3850000e+02		1.1905029e+03		6.4433236e+02		1.2750033e+03		1.0144408e+03		3.5685819e+02		6.5758264e+02
4.3900000e+02		4.4000000e+02		4.3950000e+02		1.3250738e+03		7.1844810e+02		1.4208121e+03		1.1307012e+03		3.9470849e+02		7.3599271e+02
4.4000000e+02		4.4100000e+02		4.4050000e+02		1.2562739e+03		6.8235060e+02		1.3486256e+03		1.0734877e+03		3.7186603e+02		7.0162171e+02
4.4100000e+02		4.4200000e+02		4.4150000e+02		1.3817384e+03		7.5181178e+02		1.4850399e+03		1.1823255e+03		4.0643255e+02		7.7589295e+02
4.4200000e+02		4.4300000e+02		4.4250000e+02		1.4526378e+03		7.9175888e+02		1.5630387e+03		1.2446884e+03		4.2459547e+02		8.2009294e+02
4.4300000e+02		4.4400000e+02		4.4350000e+02		1.4050936e+03		7.6715919e+02		1.5136054e+03		1.2055752e+03		4.0810664e+02		7.9746860e+02
4.4400000e+02		4.4500000e+02		4.4450000e+02		1.4475318e+03		7.9167222e+02		1.5610812e+03		1.2436458e+03		4.1777463e+02		8.2587112e+02
4.4500000e+02		4.4600000e+02		4.4550000e+02		1.3420773e+03		7.3523197e+02		1.4489717e+03		1.1545679e+03		3.8488620e+02		7.6968165e+02
4.4600000e+02		4.4700000e+02		4.4650000e+02		1.3689269e+03		7.5118907e+02		1.4795945e+03		1.1792054e+03		3.9009590e+02		7.8910949e+02
4.4700000e+02		4.4800000e+02		4.4750000e+02		1.4837056e+03		8.1551427e+02		1.6054079e+03		1.2797295e+03		4.2011749e+02		8.5961202e+02
4.4800000e+02		4.4900000e+02		4.4850000e+02		1.4587166e+03		8.0308653e+02		1.5800797e+03		1.2597857e+03		4.1041344e+02		8.4937230e+02
4.4900000e+02		4.5000000e+02		4.4950000e+02		1.4737837e+03		8.1269127e+02		1.5981130e+03		1.2744094e+03		4.1201011e+02		8.6239928e+02
4.5000000e+02		4.5100000e+02		4.5050000e+02		1.5636828e+03		8.6364221e+02		1.6973967e+03		1.3538406e+03		4.3435242e+02		9.1948817e+02
4.5100000e+02		4.5200000e+02		4.5150000e+02		1.5589734e+03		8.6240301e+02		1.6940637e+03		1.3514361e+03		4.3027674e+02		9.2115936e+02
4.5200000e+02		4.5300000e+02		4.5250000e+02		1.4757889e+03		8.1766469e+02		1.6053399e+03		1.2808944e+03		4.0471120e+02		8.7618322e+02
4.5300000e+02		4.5400000e+02		4.5350000e+02		1.4141855e+03		7.8474759e+02		1.5399136e+03		1.2289160e+03		3.8533242e+02		8.4358354e+02
4.5400000e+02		4.5500000e+02		4.5450000e+02		1.5096596e+03		8.3901262e+02		1.6455525e+03		1.3134575e+03		4.0870775e+02		9.0474976e+02
4.5500000e+02		4.5600000e+02		4.5550000e+02		1.4952815e+03		8.3228409e+02		1.6315259e+03		1.3024939e+03		4.0221483e+02		9.0027910e+02
4.5600000e+02		4.5700000e+02		4.5650000e+02		1.5527317e+03		8.6556087e+02		1.6959043e+03		1.3541274e+03		4.1498227e+02		9.3914516e+02
4.5700000e+02		4.5800000e+02		4.5750000e+02		1.5677329e+03		8.7522416e+02		1.7139833e+03		1.3688008e+03		4.1629389e+02		9.5250689e+02
4.5800000e+02		4.5900000e+02		4.5850000e+02		1.4734199e+03		8.2378396e+02		1.6124504e+03		1.2879367e+03		3.8872842e+02		8.9920826e+02
4.5900000e+02		4.6000000e+02		4.5950000e+02		1.5222067e+03		8.5230223e+02		1.6674566e+03		1.3320982e+03		3.9900860e+02		9.3308958e+02
4.6000000e+02		4.6100000e+02		4.6050000e+02		1.5039223e+03		8.4328092e+02		1.6490097e+03		1.3175816e+03		3.9166978e+02		9.2591178e+02
4.6100000e+02		4.6200000e+02		4.6150000e+02		1.5386000e+03		8.6395922e+02		1.6886370e+03		1.3494670e+03		3.9811058e+02		9.5135645e+02
4.6200000e+02		4.6300000e+02		4.6250000e+02		1.5538294e+03		8.7374624e+02		1.7069570e+03		1.3643297e+03		3.9944965e+02		9.6488004e+02
4.6300000e+02		4.6400000e+02		4.6350000e+02		1.5018384e+03		8.4569461e+02		1.6513802e+03		1.3201209e+03		3.8358369e+02		9.3653722e+02
4.6400000e+02		4.6500000e+02		4.6450000e+02		1.5281564e+03		8.6170876e+02		1.6818696e+03		1.3447078e+03		3.8777565e+02		9.5693219e+02
4.6500000e+02		4.6600000e+02		4.6550000e+02		1.4760608e+03		8.3347644e+02		1.6260183e+03		1.3002570e+03		3.7212641e+02		9.2813056e+02
4.6600000e+02		4.6700000e+02		4.6650000e+02		1.4854121e+03		8.3989795e+02		1.6378002e+03		1.3098813e+03		3.7205274e+02		9.3782857e+02
4.6700000e+02		4.6800000e+02		4.6750000e+02		1.4997486e+03		8.4914661e+02		1.6550890e+03		1.3239110e+03		3.7320308e+02		9.5070794e+02
4.6800000e+02		4.6900000e+02		4.6850000e+02		1.4665907e+03		8.3148043e+02		1.6199325e+03		1.2959849e+03		3.6257919e+02		9.3340575e+02
4.6900000e+02		4.7000000e+02		4.6950000e+02		1.5086728e+03		8.5646843e+02		1.6678784e+03		1.3345418e+03		3.7055637e+02		9.6398546e+02
4.7000000e+02		4.7100000e+02		4.7050000e+02		1.4256243e+03		8.1038043e+02		1.5774369e+03		1.2623616e+03		3.4787865e+02		9.1448298e+02
4.7100000e+02		4.7200000e+02		4.7150000e+02		1.4904926e+03		8.4835117e+02		1.6506334e+03		1.3211301e+03		3.6133850e+02		9.5979164e+02
4.7200000e+02		4.7300000e+02		4.7250000e+02		1.5269264e+03		8.7020268e+02		1.6924240e+03		1.3547730e+03		3.6775840e+02		9.8701459e+02
4.7300000e+02		4.7400000e+02		4.7350000e+02		1.4995420e+03		8.5568117e+02		1.6634753e+03		1.3317887e+03		3.5880762e+02		9.7298110e+02
4.7400000e+02		4.7500000e+02		4.7450000e+02		1.5448084e+03		8.8261968e+02		1.7151236e+03		1.3733311e+03		3.6722709e+02		1.0061040e+03
4.7500000e+02		4.7600000e+02		4.7550000e+02		1.5413846e+03		8.8175983e+02		1.7127397e+03		1.3716122e+03		3.6402129e+02		1.0075909e+03
4.7600000e+02		4.7700000e+02		4.7650000e+02		1.4853490e+03		8.5075175e+02		1.6518284e+03		1.3230135e+03		3.4849669e+02		9.7451680e+02
4.7700000e+02		4.7800000e+02		4.7750000e+02		1.5508368e+03		8.8934502e+02		1.7260570e+03		1.3826528e+03		3.6148427e+02		1.0211685e+03
4.7800000e+02		4.7900000e+02		4.7850000e+02		1.5358791e+03		8.8183209e+02		1.7107844e+03		1.3706016e+03		3.5565782e+02		1.0149437e+03
4.7900000e+02		4.8000000e+02		4.7950000e+02		1.5403519e+03		8.8545891e+02		1.7171334e+03		1.3758694e+03		3.5436127e+02		1.0215081e+03
4.8000000e+02		4.8100000e+02		4.8050000e+02		1.5442750e+03		8.8876647e+02		1.7228649e+03		1.3806416e+03		3.5294003e+02		1.0277015e+03
4.8100000e+02		4.8200000e+02		4.8150000e+02		1.5475498e+03		8.9169685e+02		1.7278674e+03		1.3848285e+03		3.5137430e+02		1.0334542e+03
4.8200000e+02		4.8300000e+02		4.8250000e+02		1.5416562e+03		8.8933377e+02		1.7226191e+03		1.3807976e+03		3.4774520e+02		1.0330524e+03
4.8300000e+02		4.8400000e+02		4.8350000e+02		1.5183412e+03		8.7689260e+02		1.6978675e+03		1.3611285e+03		3.4024400e+02		1.0208845e+03
4.8400000e+02		4.8500000e+02		4.8450000e+02		1.4920771e+03		8.6270687e+02		1.6697645e+03		1.3387651e+03		3.3216906e+02		1.0065961e+03
4.8500000e+02		4.8600000e+02		4.8550000e+02		1.4021236e+03		8.1161206e+02		1.5702783e+03		1.2591545e+03		3.1009903e+02		9.4905549e+02
4.8600000e+02		4.8700000e+02		4.8650000e+02		1.2173217e+03		7.0542857e+02		1.3643285e+03		1.0941426e+03		2.6746387e+02		8.2667875e+02
4.8700000e+02		4.8800000e+02		4.8750000e+02		1.3927585e+03		8.0798691e+02		1.5621026e+03		1.2529003e+03		3.0400502e+02		9.4889530e+02
4.8800000e+02		4.8900000e+02		4.8850000e+02		1.4651201e+03		8.5089889e+02		1.6444629e+03		1.3191142e+03		3.1770419e+02		1.0014100e+03
4.8900000e+02		4.9000000e+02		4.8950000e+02		1.4372192e+03		8.3560187e+02		1.6143138e+03		1.2950813e+03		3.0961155e+02		9.8546971e+02
4.9000000e+02		4.9100000e+02		4.9050000e+02		1.5307557e+03		8.9094201e+02		1.7206081e+03		1.3805151e+03		3.2760023e+02		1.0529148e+03
4.9100000e+02		4.9200000e+02		4.9150000e+02		1.4425606e+03		8.4050503e+02		1.6226255e+03		1.3020482e+03		3.0670179e+02		9.9534636e+02
4.9200000e+02		4.9300000e+02		4.9250000e+02		1.3729411e+03		8.0078596e+02		1.5454017e+03		1.2402211e+03		2.8998662e+02		9.5023443e+02
4.9300000e+02		4.9400000e+02		4.9350000e+02		1.4509629e+03		8.4717821e+02		1.6343615e+03		1.3117596e+03		3.0445707e+02		1.0073025e+03
4.9400000e+02		4.9500000e+02		4.9450000e+02		1.4929449e+03		8.7259329e+02		1.6828101e+03		1.3507938e+03		3.1121264e+02		1.0395811e+03
4.9500000e+02		4.9600000e+02		4.9550000e+02		1.4663156e+03		8.5790835e+02		1.6539236e+03		1.3277511e+03		3.0365792e+02		1.0240932e+03
4.9600000e+02		4.9700000e+02		4.9650000e+02		1.4846220e+03		8.6950176e+02		1.6757058e+03		1.3453823e+03		3.0543363e+02		1.0399487e+03
4.9700000e+02		4.9800000e+02		4.9750000e+02		1.5123203e+03		8.8661550e+02		1.7081137e+03		1.3715477e+03		3.0909267e+02		1.0624550e+03
4.9800000e+02		4.9900000e+02		4.9850000e+02		1.3744029e+03		8.0656325e+02		1.5533719e+03		1.2474272e+03		2.7906357e+02		9.6836367e+02
4.9900000e+02		5.0000000e+02		4.9950000e+02		1.4721832e+03		8.6479860e+02		1.6649796e+03		1.3371922e+03		2.9695823e+02		1.0402339e+03
