Left Bin Edge (nm)	Right Bin Edge (nm)	Bin Center (nm)		Top of Atm Intensity (erg/s/nm/cm2)		Total Surface Flux (erg/s/nm/cm2)		Total Intensity at BOA (erg/s/nm/cm2)		Total Surface Intensity (erg/s/nm/cm2)		Total Surface Diffuse Intensity (erg/s/nm/cm2)		Total Surface Direct Intensity (erg/s/nm/cm2)
1.0000000e+02		1.0100000e+02		1.0050000e+02		4.4569042e-02		0.0000000e+00		0.0000000e+00		0.0000000e+00		0.0000000e+00		0.0000000e+00
1.0100000e+02		1.0200000e+02		1.0150000e+02		1.7387199e-01		0.0000000e+00		0.0000000e+00		0.0000000e+00		0.0000000e+00		0.0000000e+00
1.0200000e+02		1.0300000e+02		1.0250000e+02		9.2286085e-01		0.0000000e+00		0.0000000e+00		0.0000000e+00		0.0000000e+00		0.0000000e+00
1.0300000e+02		1.0400000e+02		1.0350000e+02		7.0094286e-01		0.0000000e+00		0.0000000e+00		0.0000000e+00		0.0000000e+00		0.0000000e+00
1.0400000e+02		1.0500000e+02		1.0450000e+02		1.4124828e-01		0.0000000e+00		0.0000000e+00		0.0000000e+00		0.0000000e+00		0.0000000e+00
1.0500000e+02		1.0600000e+02		1.0550000e+02		4.8389941e-02		0.0000000e+00		0.0000000e+00		0.0000000e+00		0.0000000e+00		0.0000000e+00
1.0600000e+02		1.0700000e+02		1.0650000e+02		4.5487167e-02		0.0000000e+00		0.0000000e+00		0.0000000e+00		0.0000000e+00		0.0000000e+00
1.0700000e+02		1.0800000e+02		1.0750000e+02		5.0757295e-02		0.0000000e+00		0.0000000e+00		0.0000000e+00		0.0000000e+00		0.0000000e+00
1.0800000e+02		1.0900000e+02		1.0850000e+02		7.1152114e-02		0.0000000e+00		0.0000000e+00		0.0000000e+00		0.0000000e+00		0.0000000e+00
1.0900000e+02		1.1000000e+02		1.0950000e+02		5.5817450e-02		3.0791950e-04		2.9993072e-03		5.3333222e-04		5.3333222e-04		7.3593538e-111
1.1000000e+02		1.1100000e+02		1.1050000e+02		5.4043772e-02		3.0827682e-04		2.9316920e-03		5.3395112e-04		5.3395112e-04		1.6421438e-105
1.1100000e+02		1.1200000e+02		1.1150000e+02		5.0797691e-02		2.8067843e-04		2.6080981e-03		4.8614931e-04		4.8614931e-04		1.6839458e-100
1.1200000e+02		1.1300000e+02		1.1250000e+02		5.1969037e-02		2.9703168e-04		2.6965561e-03		5.1447395e-04		5.1447395e-04		9.4060763e-96
1.1300000e+02		1.1400000e+02		1.1350000e+02		4.1221387e-02		2.6603050e-04		2.3589080e-03		4.6077834e-04		4.6077834e-04		2.1417708e-91
1.1400000e+02		1.1500000e+02		1.1450000e+02		3.1562600e-02		2.1799014e-04		1.8892636e-03		3.7757000e-04		3.7757000e-04		2.5804595e-87
1.1500000e+02		1.1600000e+02		1.1550000e+02		4.3552050e-02		3.3988516e-04		2.8790265e-03		5.8869837e-04		5.8869837e-04		3.2083761e-83
1.1600000e+02		1.1700000e+02		1.1650000e+02		1.0143732e-01		8.3073637e-04		6.8831576e-03		1.4388776e-03		1.4388776e-03		3.9927173e-79
1.1700000e+02		1.1800000e+02		1.1750000e+02		3.6108525e-01		3.1100277e-03		2.5213273e-02		5.3867259e-03		5.3867259e-03		4.6720849e-75
1.1800000e+02		1.1900000e+02		1.1850000e+02		1.2283927e-01		1.0933640e-03		8.6767117e-03		1.8937621e-03		1.8937621e-03		3.3183651e-72
1.1900000e+02		1.2000000e+02		1.1950000e+02		1.7115732e-01		1.5476055e-03		1.2027055e-02		2.6805314e-03		2.6805314e-03		6.3165938e-69
1.2000000e+02		1.2100000e+02		1.2050000e+02		9.3056497e-01		8.4333744e-03		6.4206893e-02		1.4607033e-02		1.4607033e-02		3.1562224e-65
1.2100000e+02		1.2200000e+02		1.2150000e+02		3.6941242e+01		3.3847034e-01		2.5251471e+00		5.8624783e-01		5.8624783e-01		7.9522809e-61
1.2200000e+02		1.2300000e+02		1.2250000e+02		2.4773856e-01		2.3728333e-03		1.7347746e-02		4.1098679e-03		4.1098679e-03		2.3957224e-60
1.2300000e+02		1.2400000e+02		1.2350000e+02		1.3344721e-01		1.2669881e-03		9.0834419e-03		2.1944877e-03		2.1944877e-03		4.1818905e-58
1.2400000e+02		1.2500000e+02		1.2450000e+02		1.0726631e-01		9.7234733e-04		6.8399459e-03		1.6841550e-03		1.6841550e-03		8.0216151e-56
1.2500000e+02		1.2600000e+02		1.2550000e+02		1.0471361e-01		9.3939462e-04		6.4840115e-03		1.6270792e-03		1.6270792e-03		1.4062386e-53
1.2600000e+02		1.2700000e+02		1.2650000e+02		1.4644878e-01		1.4503633e-03		9.8172324e-03		2.5121030e-03		2.5121030e-03		2.7140940e-51
1.2700000e+02		1.2800000e+02		1.2750000e+02		7.6659940e-02		8.9856897e-04		5.9631137e-03		1.5563671e-03		1.5563671e-03		1.5293391e-49
1.2800000e+02		1.2900000e+02		1.2850000e+02		6.1165494e-02		8.1301674e-04		5.2929072e-03		1.4081863e-03		1.4081863e-03		1.0353472e-47
1.2900000e+02		1.3000000e+02		1.2950000e+02		8.1594975e-02		1.1671228e-03		7.4587505e-03		2.0215160e-03		2.0215160e-03		9.3642816e-46
1.3000000e+02		1.3100000e+02		1.3050000e+02		6.7007791e-01		1.0104154e-02		6.3413470e-02		1.7500908e-02		1.7500908e-02		4.2268962e-43
1.3100000e+02		1.3200000e+02		1.3150000e+02		9.0731094e-02		1.4194093e-03		8.7515084e-03		2.4584890e-03		2.4584890e-03		2.5821173e-42
1.3200000e+02		1.3300000e+02		1.3250000e+02		7.0547730e-02		1.1587902e-03		7.0201554e-03		2.0070836e-03		2.0070836e-03		7.5298869e-41
1.3300000e+02		1.3400000e+02		1.3350000e+02		9.5357088e-01		1.6375617e-02		9.7505362e-02		2.8363401e-02		2.8363401e-02		3.2049360e-38
1.3400000e+02		1.3500000e+02		1.3450000e+02		6.5246966e-02		1.1772723e-03		6.8910996e-03		2.0390955e-03		2.0390955e-03		5.8585938e-38
1.3500000e+02		1.3600000e+02		1.3550000e+02		1.3692679e-01		2.5707074e-03		1.4797288e-02		4.4525958e-03		4.4525958e-03		2.8106856e-36
1.3600000e+02		1.3700000e+02		1.3650000e+02		8.9861989e-02		1.7517019e-03		9.9178948e-03		3.0340367e-03		3.0340367e-03		3.6413314e-35
1.3700000e+02		1.3800000e+02		1.3750000e+02		9.2282630e-02		1.8657575e-03		1.0393257e-02		3.2315867e-03		3.2315867e-03		6.4268173e-34
1.3800000e+02		1.3900000e+02		1.3850000e+02		9.4180145e-02		1.9741548e-03		1.0822279e-02		3.4193364e-03		3.4193364e-03		9.8898512e-33
1.3900000e+02		1.4000000e+02		1.3950000e+02		3.1801144e-01		6.9097164e-03		3.7285576e-02		1.1967980e-02		1.1967980e-02		4.4493706e-31
1.4000000e+02		1.4100000e+02		1.4050000e+02		2.7729440e-01		6.2454798e-03		3.3181012e-02		1.0817488e-02		1.0817488e-02		4.5984293e-30
1.4100000e+02		1.4200000e+02		1.4150000e+02		1.3359910e-01		3.1159983e-03		1.6302963e-02		5.3970675e-03		5.3970675e-03		2.3505572e-29
1.4200000e+02		1.4300000e+02		1.4250000e+02		1.4479671e-01		3.4970573e-03		1.8022520e-02		6.0570809e-03		6.0570809e-03		2.4338699e-28
1.4300000e+02		1.4400000e+02		1.4350000e+02		1.6064305e-01		4.0165149e-03		2.0394029e-02		6.9568079e-03		6.9568079e-03		2.3358357e-27
1.4400000e+02		1.4500000e+02		1.4450000e+02		1.5363637e-01		3.9731564e-03		1.9880565e-02		6.8817088e-03		6.8817088e-03		1.7588226e-26
1.4500000e+02		1.4600000e+02		1.4550000e+02		1.6382583e-01		4.3820005e-03		2.1612216e-02		7.5898475e-03		7.5898475e-03		1.3505537e-25
1.4600000e+02		1.4700000e+02		1.4650000e+02		1.9977093e-01		5.5251814e-03		2.6865902e-02		9.5698949e-03		9.5698949e-03		1.0896899e-24
1.4700000e+02		1.4800000e+02		1.4750000e+02		2.4643334e-01		7.0426444e-03		3.3768612e-02		1.2198218e-02		1.2198218e-02		8.2075267e-24
1.4800000e+02		1.4900000e+02		1.4850000e+02		2.4167300e-01		7.1336131e-03		3.3736658e-02		1.2355780e-02		1.2355780e-02		4.5536330e-23
1.4900000e+02		1.5000000e+02		1.4950000e+02		2.1832777e-01		6.6580469e-03		3.1063003e-02		1.1532075e-02		1.1532075e-02		2.1648011e-22
1.5000000e+02		1.5100000e+02		1.5050000e+02		2.4023073e-01		7.5696974e-03		3.4847174e-02		1.3111100e-02		1.3111100e-02		1.1701515e-21
1.5100000e+02		1.5200000e+02		1.5150000e+02		2.5258505e-01		8.2176120e-03		3.7335126e-02		1.4233321e-02		1.4233321e-02		5.6610028e-21
1.5200000e+02		1.5300000e+02		1.5250000e+02		3.2229547e-01		1.0829602e-02		4.8568316e-02		1.8757422e-02		1.8757422e-02		3.1233011e-20
1.5300000e+02		1.5400000e+02		1.5350000e+02		3.5701286e-01		1.2390907e-02		5.4865263e-02		2.1461680e-02		2.1461680e-02		1.4100188e-19
1.5400000e+02		1.5500000e+02		1.5450000e+02		9.5486931e-01		3.4190907e-02		1.4950231e-01		5.9220388e-02		5.9220388e-02		1.4526451e-18
1.5500000e+02		1.5600000e+02		1.5550000e+02		7.8587524e-01		2.9018406e-02		1.2532538e-01		5.0261354e-02		5.0261354e-02		4.3645368e-18
1.5600000e+02		1.5700000e+02		1.5650000e+02		4.6648084e-01		1.7780226e-02		7.5859468e-02		3.0796255e-02		3.0796255e-02		8.9877550e-18
1.5700000e+02		1.5800000e+02		1.5750000e+02		4.2309893e-01		1.6624380e-02		7.0082848e-02		2.8794271e-02		2.8794271e-02		2.6933790e-17
1.5800000e+02		1.5900000e+02		1.5850000e+02		3.9008072e-01		1.5794687e-02		6.5804107e-02		2.7357201e-02		2.7357201e-02		7.8322357e-17
1.5900000e+02		1.6000000e+02		1.5950000e+02		3.8042347e-01		1.5873725e-02		6.5369639e-02		2.7494097e-02		2.7494097e-02		2.3049591e-16
1.6000000e+02		1.6100000e+02		1.6050000e+02		4.1635449e-01		1.7890030e-02		7.2835839e-02		3.0986441e-02		3.0986441e-02		7.2972935e-16
1.6100000e+02		1.6200000e+02		1.6150000e+02		4.7164413e-01		2.0861151e-02		8.3982401e-02		3.6132573e-02		3.6132573e-02		2.2967189e-15
1.6200000e+02		1.6300000e+02		1.6250000e+02		5.2241459e-01		2.3778623e-02		9.4673968e-02		4.1185783e-02		4.1185783e-02		6.8013154e-15
1.6300000e+02		1.6400000e+02		1.6350000e+02		1.1072121e+00		5.1842515e-02		2.0417431e-01		8.9793871e-02		8.9793871e-02		3.7147456e-14
1.6400000e+02		1.6500000e+02		1.6450000e+02		1.1323318e+00		5.4521694e-02		2.1243774e-01		9.4434344e-02		9.4434344e-02		9.4524372e-14
1.6500000e+02		1.6600000e+02		1.6550000e+02		1.3255566e+00		6.5612932e-02		2.5297308e-01		1.1364493e-01		1.1364493e-01		2.6623594e-13
1.6600000e+02		1.6700000e+02		1.6650000e+02		6.2522883e-01		3.1805841e-02		1.2136356e-01		5.5089333e-02		5.5089333e-02		2.9260143e-13
1.6700000e+02		1.6800000e+02		1.6750000e+02		6.6723830e-01		3.4872521e-02		1.3171484e-01		6.0400979e-02		6.0400979e-02		7.0560762e-13
1.6800000e+02		1.6900000e+02		1.6850000e+02		7.1904320e-01		3.8598991e-02		1.4433426e-01		6.6855414e-02		6.6855414e-02		1.6685487e-12
1.6900000e+02		1.7000000e+02		1.6950000e+02		9.0554889e-01		4.9914686e-02		1.8481416e-01		8.6454773e-02		8.6454773e-02		4.4833396e-12
1.7000000e+02		1.7100000e+02		1.7050000e+02		1.0161854e+00		5.7499110e-02		2.1083944e-01		9.9591381e-02		9.9591381e-02		1.0449455e-11
1.7100000e+02		1.7200000e+02		1.7150000e+02		1.0130704e+00		5.8830709e-02		2.1367213e-01		1.0189778e-01		1.0189778e-01		2.1087055e-11
1.7200000e+02		1.7300000e+02		1.7250000e+02		1.0571150e+00		6.2983950e-02		2.2661855e-01		1.0909140e-01		1.0909140e-01		4.3455416e-11
1.7300000e+02		1.7400000e+02		1.7350000e+02		1.0479596e+00		6.4046776e-02		2.2832426e-01		1.1093227e-01		1.1093227e-01		8.3091124e-11
1.7400000e+02		1.7500000e+02		1.7450000e+02		1.2530722e+00		7.8531218e-02		2.7742988e-01		1.3602006e-01		1.3602006e-01		1.8734341e-10
1.7500000e+02		1.7600000e+02		1.7550000e+02		1.4954862e+00		9.6088313e-02		3.3643655e-01		1.6642984e-01		1.6642984e-01		4.1254644e-10
1.7600000e+02		1.7700000e+02		1.7650000e+02		1.6135596e+00		1.0626159e-01		3.6880400e-01		1.8405047e-01		1.8405047e-01		8.0437954e-10
1.7700000e+02		1.7800000e+02		1.7750000e+02		1.9010195e+00		1.2828709e-01		4.4142090e-01		2.2219976e-01		2.2219976e-01		1.6787148e-09
1.7800000e+02		1.7900000e+02		1.7850000e+02		2.0776624e+00		1.4363616e-01		4.9005805e-01		2.4878513e-01		2.4878513e-01		3.1882788e-09
1.7900000e+02		1.8000000e+02		1.7950000e+02		2.0198657e+00		1.4301800e-01		4.8389435e-01		2.4771444e-01		2.4771444e-01		5.2881660e-09
1.8000000e+02		1.8100000e+02		1.8050000e+02		2.4976225e+00		1.8109676e-01		6.0772562e-01		3.1366878e-01		3.1366877e-01		1.0960962e-08
1.8100000e+02		1.8200000e+02		1.8150000e+02		3.0410490e+00		2.2572077e-01		7.5139184e-01		3.9095983e-01		3.9095981e-01		2.1994271e-08
1.8200000e+02		1.8300000e+02		1.8250000e+02		2.8073836e+00		2.1324192e-01		7.0424819e-01		3.6934584e-01		3.6934581e-01		3.2920630e-08
1.8300000e+02		1.8400000e+02		1.8350000e+02		2.9562417e+00		2.2972738e-01		7.5280609e-01		3.9789948e-01		3.9789943e-01		5.5332787e-08
1.8400000e+02		1.8500000e+02		1.8450000e+02		2.5409769e+00		2.0201553e-01		6.5694493e-01		3.4990114e-01		3.4990107e-01		7.4783561e-08
1.8500000e+02		1.8600000e+02		1.8550000e+02		2.8735562e+00		2.3373725e-01		7.5440001e-01		4.0484477e-01		4.0484463e-01		1.3107763e-07
1.8600000e+02		1.8700000e+02		1.8650000e+02		3.2604304e+00		2.7111669e-01		8.6859816e-01		4.6958784e-01		4.6958762e-01		2.2729566e-07
1.8700000e+02		1.8800000e+02		1.8750000e+02		3.6946466e+00		3.1404309e-01		9.9883897e-01		5.4393852e-01		5.4393813e-01		3.8841501e-07
1.8800000e+02		1.8900000e+02		1.8850000e+02		3.8870616e+00		3.3778811e-01		1.0667107e+00		5.8506608e-01		5.8506547e-01		6.0840962e-07
1.8900000e+02		1.9000000e+02		1.8950000e+02		4.3106081e+00		3.8286404e-01		1.2005963e+00		6.6313981e-01		6.6313882e-01		9.9214878e-07
1.9000000e+02		1.9100000e+02		1.9050000e+02		4.4384288e+00		4.0250074e-01		1.2535072e+00		6.9715151e-01		6.9715002e-01		1.4841125e-06
1.9100000e+02		1.9200000e+02		1.9150000e+02		4.8094361e+00		4.4559070e-01		1.3783241e+00		7.7178538e-01		7.7178307e-01		2.3100797e-06
1.9200000e+02		1.9300000e+02		1.9250000e+02		5.0365493e+00		4.7685001e-01		1.4652131e+00		8.2592791e-01		8.2592447e-01		3.4371951e-06
1.9300000e+02		1.9400000e+02		1.9350000e+02		3.8447944e+00		3.7163089e-01		1.1344606e+00		6.4368301e-01		6.4367932e-01		3.6878694e-06
1.9400000e+02		1.9500000e+02		1.9450000e+02		6.1679797e+00		6.0835739e-01		1.8452124e+00		1.0537046e+00		1.0536964e+00		8.2297194e-06
1.9500000e+02		1.9600000e+02		1.9550000e+02		5.9528271e+00		5.9967483e-01		1.8074056e+00		1.0386656e+00		1.0386546e+00		1.0942848e-05
1.9600000e+02		1.9700000e+02		1.9650000e+02		6.5508102e+00		6.7373610e-01		2.0180460e+00		1.1669426e+00		1.1669262e+00		1.6432492e-05
1.9700000e+02		1.9800000e+02		1.9750000e+02		6.5190955e+00		6.8357527e-01		2.0350893e+00		1.1839837e+00		1.1839616e+00		2.2103822e-05
1.9800000e+02		1.9900000e+02		1.9850000e+02		6.3883794e+00		6.8438783e-01		2.0252927e+00		1.1853900e+00		1.1853610e+00		2.9037247e-05
1.9900000e+02		2.0000000e+02		1.9950000e+02		6.7274707e+00		7.3499901e-01		2.1623018e+00		1.2730494e+00		1.2730087e+00		4.0625282e-05
2.0000000e+02		2.0100000e+02		2.0050000e+02		7.1125146e+00		7.9214200e-01		2.3169838e+00		1.3720215e+00		1.3719649e+00		5.6589286e-05
2.0100000e+02		2.0200000e+02		2.0150000e+02		7.5701275e+00		8.6066180e-01		2.5030932e+00		1.4906978e+00		1.4906190e+00		7.8761565e-05
2.0200000e+02		2.0300000e+02		2.0250000e+02		7.4828608e+00		8.6642112e-01		2.5058508e+00		1.5006698e+00		1.5005688e+00		1.0096529e-04
2.0300000e+02		2.0400000e+02		2.0350000e+02		8.0092047e+00		9.4556422e-01		2.7197739e+00		1.6377438e+00		1.6376046e+00		1.3916544e-04
2.0400000e+02		2.0500000e+02		2.0450000e+02		8.6207445e+00		1.0385474e+00		2.9711129e+00		1.7987873e+00		1.7985958e+00		1.9157423e-04
2.0500000e+02		2.0600000e+02		2.0550000e+02		8.6400754e+00		1.0591239e+00		3.0140415e+00		1.8344187e+00		1.8341750e+00		2.4367264e-04
2.0600000e+02		2.0700000e+02		2.0650000e+02		8.6510225e+00		1.0810940e+00		3.0605690e+00		1.8724622e+00		1.8721544e+00		3.0776508e-04
2.0700000e+02		2.0800000e+02		2.0750000e+02		9.3957826e+00		1.1969720e+00		3.3712999e+00		2.0731515e+00		2.0727326e+00		4.1895093e-04
2.0800000e+02		2.0900000e+02		2.0850000e+02		1.0163489e+01		1.3173476e+00		3.6918104e+00		2.2816258e+00		2.2810617e+00		5.6415082e-04
2.0900000e+02		2.1000000e+02		2.0950000e+02		1.3129215e+01		1.7349963e+00		4.8382219e+00		3.0049624e+00		3.0040600e+00		9.0240341e-04
2.1000000e+02		2.1100000e+02		2.1050000e+02		1.6183343e+01		2.1749663e+00		6.0358899e+00		3.7669408e+00		3.7655725e+00		1.3682948e-03
2.1100000e+02		2.1200000e+02		2.1150000e+02		1.8424170e+01		2.5221303e+00		6.9659817e+00		4.3681633e+00		4.3662568e+00		1.9065165e-03
2.1200000e+02		2.1300000e+02		2.1250000e+02		1.6428561e+01		2.2891590e+00		6.2929776e+00		3.9646201e+00		3.9625511e+00		2.0689417e-03
2.1300000e+02		2.1400000e+02		2.1350000e+02		1.6737981e+01		2.3723250e+00		6.4917031e+00		4.1085933e+00		4.1060419e+00		2.5513809e-03
2.1400000e+02		2.1500000e+02		2.1450000e+02		2.1432541e+01		3.0923946e+00		8.4238519e+00		5.3555766e+00		5.3516411e+00		3.9354695e-03
2.1500000e+02		2.1600000e+02		2.1550000e+02		1.8408135e+01		2.7002652e+00		7.3231103e+00		4.6763709e+00		4.6723209e+00		4.0500444e-03
2.1600000e+02		2.1700000e+02		2.1650000e+02		1.7036901e+01		2.5427250e+00		6.8657461e+00		4.4034383e+00		4.3989670e+00		4.4712787e-03
2.1700000e+02		2.1800000e+02		2.1750000e+02		1.7640866e+01		2.6767098e+00		7.1965684e+00		4.6353485e+00		4.6298525e+00		5.4959512e-03
2.1800000e+02		2.1900000e+02		2.1850000e+02		2.3730294e+01		3.6608973e+00		9.8011514e+00		6.3395104e+00		6.3307728e+00		8.7376453e-03
2.1900000e+02		2.2000000e+02		2.1950000e+02		2.5052511e+01		3.9291425e+00		1.0475693e+01		6.8037977e+00		6.7929426e+00		1.0855093e-02
2.2000000e+02		2.2100000e+02		2.2050000e+02		2.5203754e+01		4.0163875e+00		1.0664706e+01		6.9546108e+00		6.9418157e+00		1.2795170e-02
2.2100000e+02		2.2200000e+02		2.2150000e+02		2.0176768e+01		3.2679588e+00		8.6425860e+00		5.6584240e+00		5.6464695e+00		1.1954576e-02
2.2200000e+02		2.2300000e+02		2.2250000e+02		2.7154039e+01		4.4678000e+00		1.1769170e+01		7.7355680e+00		7.7168680e+00		1.8700084e-02
2.2300000e+02		2.2400000e+02		2.2350000e+02		3.5163062e+01		5.8778948e+00		1.5423561e+01		1.0176481e+01		1.0148439e+01		2.8041454e-02
2.2400000e+02		2.2500000e+02		2.2450000e+02		3.2875934e+01		5.5808161e+00		1.4588160e+01		9.6615854e+00		9.6313417e+00		3.0243687e-02
2.2500000e+02		2.2600000e+02		2.2550000e+02		2.8720078e+01		4.9510398e+00		1.2893301e+01		8.5707612e+00		8.5403909e+00		3.0370372e-02
2.2600000e+02		2.2700000e+02		2.2650000e+02		2.1037217e+01		3.6820510e+00		9.5531961e+00		6.3735634e+00		6.3480815e+00		2.5481816e-02
2.2700000e+02		2.2800000e+02		2.2750000e+02		2.0463841e+01		3.6359564e+00		9.3992579e+00		6.2932902e+00		6.2649934e+00		2.8296852e-02
2.2800000e+02		2.2900000e+02		2.2850000e+02		2.8509984e+01		5.1417240e+00		1.3244137e+01		8.8987980e+00		8.8539404e+00		4.4857677e-02
2.2900000e+02		2.3000000e+02		2.2950000e+02		2.5620938e+01		4.6892478e+00		1.2035996e+01		8.1149527e+00		8.0692300e+00		4.5722703e-02
2.3000000e+02		2.3100000e+02		2.3050000e+02		2.9055844e+01		5.3958281e+00		1.3801434e+01		9.3367921e+00		9.2781623e+00		5.8629747e-02
2.3100000e+02		2.3200000e+02		2.3150000e+02		2.7387429e+01		5.1598237e+00		1.3152564e+01		8.9274535e+00		8.8651542e+00		6.2299283e-02
2.3200000e+02		2.3300000e+02		2.3250000e+02		2.9413108e+01		5.6210359e+00		1.4279834e+01		9.7243028e+00		9.6490966e+00		7.5206206e-02
2.3300000e+02		2.3400000e+02		2.3350000e+02		2.6543685e+01		5.1447500e+00		1.3026371e+01		8.8992177e+00		8.8231454e+00		7.6072325e-02
2.3400000e+02		2.3500000e+02		2.3450000e+02		2.3194371e+01		4.5587658e+00		1.1504809e+01		7.8845366e+00		7.8102334e+00		7.4303161e-02
2.3500000e+02		2.3600000e+02		2.3550000e+02		3.1223226e+01		6.2221421e+00		1.5651825e+01		1.0759842e+01		1.0648335e+01		1.1150732e-01
2.3600000e+02		2.3700000e+02		2.3650000e+02		2.8911473e+01		5.8407412e+00		1.4645538e+01		1.0098726e+01		9.9839183e+00		1.1480813e-01
2.3700000e+02		2.3800000e+02		2.3750000e+02		3.0878004e+01		6.3229502e+00		1.5804774e+01		1.0930663e+01		1.0794664e+01		1.3599907e-01
2.3800000e+02		2.3900000e+02		2.3850000e+02		2.5598090e+01		5.3123752e+00		1.3237524e+01		9.1820348e+00		9.0572915e+00		1.2474335e-01
2.3900000e+02		2.4000000e+02		2.3950000e+02		2.7890834e+01		5.8653206e+00		1.4570587e+01		1.0135859e+01		9.9858343e+00		1.5002495e-01
2.4000000e+02		2.4100000e+02		2.4050000e+02		2.5623038e+01		5.4594525e+00		1.3521316e+01		9.4326034e+00		9.2808205e+00		1.5178297e-01
2.4100000e+02		2.4200000e+02		2.4150000e+02		3.0005079e+01		6.4765098e+00		1.5992348e+01		1.1187476e+01		1.0992176e+01		1.9530082e-01
2.4200000e+02		2.4300000e+02		2.4250000e+02		4.1301739e+01		9.0298855e+00		2.2231622e+01		1.5594692e+01		1.5299946e+01		2.9474614e-01
2.4300000e+02		2.4400000e+02		2.4350000e+02		3.8791639e+01		8.5893355e+00		2.1085409e+01		1.4830380e+01		1.4527502e+01		3.0287831e-01
2.4400000e+02		2.4500000e+02		2.4450000e+02		3.6329084e+01		8.1455972e+00		1.9938589e+01		1.4060750e+01		1.3751051e+01		3.0969890e-01
2.4500000e+02		2.4600000e+02		2.4550000e+02		2.9476122e+01		6.6915461e+00		1.6332851e+01		1.1547804e+01		1.1273999e+01		2.7380452e-01
2.4600000e+02		2.4700000e+02		2.4650000e+02		2.8685918e+01		6.5926090e+00		1.6046172e+01		1.1373971e+01		1.1084183e+01		2.8978755e-01
2.4700000e+02		2.4800000e+02		2.4750000e+02		3.1678139e+01		7.3692221e+00		1.7886632e+01		1.2710210e+01		1.2362844e+01		3.4736651e-01
2.4800000e+02		2.4900000e+02		2.4850000e+02		2.5406301e+01		5.9816263e+00		1.4478810e+01		1.0313855e+01		1.0012008e+01		3.0184686e-01
2.4900000e+02		2.5000000e+02		2.4950000e+02		3.0967514e+01		7.3780671e+00		1.7810509e+01		1.2717722e+01		1.2319808e+01		3.9791423e-01
2.5000000e+02		2.5100000e+02		2.5050000e+02		3.3448743e+01		8.0633553e+00		1.9412561e+01		1.3894464e+01		1.3430438e+01		4.6402566e-01
2.5100000e+02		2.5200000e+02		2.5150000e+02		2.7888154e+01		6.8014307e+00		1.6331024e+01		1.1716012e+01		1.1299024e+01		4.1698849e-01
2.5200000e+02		2.5300000e+02		2.5250000e+02		2.5069906e+01		6.1847944e+00		1.4811427e+01		1.0650073e+01		1.0246722e+01		4.0335098e-01
2.5300000e+02		2.5400000e+02		2.5350000e+02		3.1592540e+01		7.8829890e+00		1.8829263e+01		1.3569389e+01		1.3023328e+01		5.4606051e-01
2.5400000e+02		2.5500000e+02		2.5450000e+02		3.5730773e+01		9.0162627e+00		2.1480860e+01		1.5514300e+01		1.4851864e+01		6.6243552e-01
2.5500000e+02		2.5600000e+02		2.5550000e+02		4.8755658e+01		1.2440334e+01		2.9563201e+01		2.1397753e+01		2.0429679e+01		9.6807420e-01
2.5600000e+02		2.5700000e+02		2.5650000e+02		6.2803876e+01		1.6202057e+01		3.8405651e+01		2.7856794e+01		2.6523236e+01		1.3335578e+00
2.5700000e+02		2.5800000e+02		2.5750000e+02		7.8843355e+01		2.0561857e+01		4.8618793e+01		3.5338036e+01		3.3550319e+01		1.7877173e+00
2.5800000e+02		2.5900000e+02		2.5850000e+02		8.2991293e+01		2.1877443e+01		5.1601938e+01		3.7582883e+01		3.5576258e+01		2.0066256e+00
2.5900000e+02		2.6000000e+02		2.5950000e+02		7.0629481e+01		1.8817404e+01		4.4275915e+01		3.2311794e+01		3.0493260e+01		1.8185341e+00
2.6000000e+02		2.6100000e+02		2.6050000e+02		5.7868388e+01		1.5580250e+01		3.6570515e+01		2.6741026e+01		2.5156502e+01		1.5845243e+00
2.6100000e+02		2.6200000e+02		2.6150000e+02		5.9092703e+01		1.6075802e+01		3.7643361e+01		2.7578654e+01		2.5860165e+01		1.7184885e+00
2.6200000e+02		2.6300000e+02		2.6250000e+02		7.0528613e+01		1.9384850e+01		4.5284261e+01		3.3239480e+01		3.1063854e+01		2.1756265e+00
2.6300000e+02		2.6400000e+02		2.6350000e+02		1.0614195e+02		2.9470847e+01		6.8684135e+01		5.0509190e+01		4.7040420e+01		3.4687706e+00
2.6400000e+02		2.6500000e+02		2.6450000e+02		1.6548208e+02		4.6409517e+01		1.0790951e+02		7.9499707e+01		7.3777271e+01		5.7224360e+00
2.6500000e+02		2.6600000e+02		2.6550000e+02		1.7356948e+02		4.9162580e+01		1.1404747e+02		8.4172200e+01		7.7828582e+01		6.3436181e+00
2.6600000e+02		2.6700000e+02		2.6650000e+02		1.6826276e+02		4.8128645e+01		1.1139415e+02		8.2358431e+01		7.5866307e+01		6.4921243e+00
2.6700000e+02		2.6800000e+02		2.6750000e+02		1.6940220e+02		4.8926181e+01		1.1298404e+02		8.3677980e+01		7.6785610e+01		6.8923702e+00
2.6800000e+02		2.6900000e+02		2.6850000e+02		1.6778062e+02		4.8923794e+01		1.1272548e+02		8.3627772e+01		7.6437129e+01		7.1906425e+00
2.6900000e+02		2.7000000e+02		2.6950000e+02		1.5737310e+02		4.6325601e+01		1.0650210e+02		7.9142038e+01		7.2045052e+01		7.0969853e+00
2.7000000e+02		2.7100000e+02		2.7050000e+02		1.8181465e+02		5.4022795e+01		1.2392483e+02		9.2238930e+01		8.3620355e+01		8.6185754e+00
2.7100000e+02		2.7200000e+02		2.7150000e+02		1.5108640e+02		4.5309198e+01		1.0370998e+02		7.7316127e+01		6.9795438e+01		7.5206893e+00
2.7200000e+02		2.7300000e+02		2.7250000e+02		1.2154404e+02		3.6784046e+01		8.4014700e+01		6.2731440e+01		5.6384527e+01		6.3469129e+00
2.7300000e+02		2.7400000e+02		2.7350000e+02		1.2960124e+02		3.9577699e+01		9.0202087e+01		6.7454982e+01		6.0362227e+01		7.0927545e+00
2.7400000e+02		2.7500000e+02		2.7450000e+02		8.9183780e+01		2.7479768e+01		6.2496761e+01		4.6806931e+01		4.1696343e+01		5.1105885e+00
2.7500000e+02		2.7600000e+02		2.7550000e+02		1.1893609e+02		3.6971140e+01		8.3906281e+01		6.2934589e+01		5.5804933e+01		7.1296555e+00
2.7600000e+02		2.7700000e+02		2.7650000e+02		1.6564211e+02		5.1940715e+01		1.1763453e+02		8.8360885e+01		7.7982875e+01		1.0378011e+01
2.7700000e+02		2.7800000e+02		2.7750000e+02		1.5837296e+02		5.0090330e+01		1.1320991e+02		8.5158452e+01		7.4796802e+01		1.0361650e+01
2.7800000e+02		2.7900000e+02		2.7850000e+02		1.0921797e+02		3.4838889e+01		7.8579011e+01		5.9191079e+01		5.1735521e+01		7.4555587e+00
2.7900000e+02		2.8000000e+02		2.7950000e+02		6.1368404e+01		1.9740719e+01		4.4434996e+01		3.3517334e+01		2.9150122e+01		4.3672118e+00
2.8000000e+02		2.8100000e+02		2.8050000e+02		6.7313201e+01		2.1833717e+01		4.9047592e+01		3.7046342e+01		3.2056541e+01		4.9898019e+00
2.8100000e+02		2.8200000e+02		2.8150000e+02		1.3943196e+02		4.5597984e+01		1.0222842e+02		7.7316310e+01		6.6558653e+01		1.0757657e+01
2.8200000e+02		2.8300000e+02		2.8250000e+02		1.8983287e+02		6.2588522e+01		1.4004386e+02		1.0605352e+02		9.0820699e+01		1.5232817e+01
2.8300000e+02		2.8400000e+02		2.8350000e+02		1.9610227e+02		6.5174194e+01		1.4554484e+02		1.1035900e+02		9.4005984e+01		1.6353013e+01
2.8400000e+02		2.8500000e+02		2.8450000e+02		1.4459284e+02		4.8437671e+01		1.0796019e+02		8.1962330e+01		6.9440796e+01		1.2521535e+01
2.8500000e+02		2.8600000e+02		2.8550000e+02		9.2944992e+01		3.1380106e+01		6.9807481e+01		5.3061757e+01		4.4709342e+01		8.3524149e+00
2.8600000e+02		2.8700000e+02		2.8650000e+02		1.9045522e+02		6.4801468e+01		1.4388218e+02		1.0949789e+02		9.1749609e+01		1.7748283e+01
2.8700000e+02		2.8800000e+02		2.8750000e+02		2.2108403e+02		7.5798963e+01		1.6798397e+02		1.2798980e+02		1.0664005e+02		2.1349749e+01
2.8800000e+02		2.8900000e+02		2.8850000e+02		2.1010240e+02		7.2579913e+01		1.6055022e+02		1.2246654e+02		1.0145540e+02		2.1011148e+01
2.8900000e+02		2.9000000e+02		2.8950000e+02		3.1885068e+02		1.1097306e+02		2.4502441e+02		1.8711362e+02		1.5411414e+02		3.2999480e+01
2.9000000e+02		2.9100000e+02		2.9050000e+02		4.1860542e+02		1.4676568e+02		3.2346061e+02		2.4728453e+02		2.0247863e+02		4.4805899e+01
2.9100000e+02		2.9200000e+02		2.9150000e+02		4.0318642e+02		1.4239681e+02		3.1326311e+02		2.3974835e+02		1.9514264e+02		4.4605712e+01
2.9200000e+02		2.9300000e+02		2.9250000e+02		3.5818014e+02		1.2740928e+02		2.7978869e+02		2.1435682e+02		1.7342586e+02		4.0930958e+01
2.9300000e+02		2.9400000e+02		2.9350000e+02		3.7393440e+02		1.3396580e+02		2.9366344e+02		2.2522143e+02		1.8110779e+02		4.4113639e+01
2.9400000e+02		2.9500000e+02		2.9450000e+02		3.4819581e+02		1.2562096e+02		2.7488599e+02		2.1103557e+02		1.6865585e+02		4.2379723e+01
2.9500000e+02		2.9600000e+02		2.9550000e+02		3.7701055e+02		1.3696747e+02		2.9919156e+02		2.2992575e+02		1.8260935e+02		4.7316394e+01
2.9600000e+02		2.9700000e+02		2.9650000e+02		3.4493460e+02		1.2616979e+02		2.7512912e+02		2.1164136e+02		1.6702947e+02		4.4611892e+01
2.9700000e+02		2.9800000e+02		2.9750000e+02		3.5165811e+02		1.2950667e+02		2.8192211e+02		2.1707585e+02		1.7022944e+02		4.6846410e+01
2.9800000e+02		2.9900000e+02		2.9850000e+02		3.0223333e+02		1.1204645e+02		2.4349985e+02		1.8766804e+02		1.4622198e+02		4.1446063e+01
2.9900000e+02		3.0000000e+02		2.9950000e+02		3.4101318e+02		1.2726604e+02		2.7611063e+02		2.1299875e+02		1.6488207e+02		4.8116682e+01
3.0000000e+02		3.0100000e+02		3.0050000e+02		2.7131061e+02		1.0191193e+02		2.2073610e+02		1.7043576e+02		1.3106919e+02		3.9366571e+01
3.0100000e+02		3.0200000e+02		3.0150000e+02		3.1202593e+02		1.1796999e+02		2.5509611e+02		1.9714154e+02		1.5060450e+02		4.6537041e+01
3.0200000e+02		3.0300000e+02		3.0250000e+02		3.2846528e+02		1.2497081e+02		2.6979431e+02		2.0868198e+02		1.5835568e+02		5.0326296e+01
3.0300000e+02		3.0400000e+02		3.0350000e+02		4.2601061e+02		1.6311522e+02		3.5157387e+02		2.7217027e+02		2.0514304e+02		6.7027234e+01
3.0400000e+02		3.0500000e+02		3.0450000e+02		4.0776836e+02		1.5709378e+02		3.3805462e+02		2.6192331e+02		1.9607741e+02		6.5845903e+01
3.0500000e+02		3.0600000e+02		3.0550000e+02		4.1174793e+02		1.5961117e+02		3.4292795e+02		2.6591795e+02		1.9770508e+02		6.8212866e+01
3.0600000e+02		3.0700000e+02		3.0650000e+02		3.9053943e+02		1.5230091e+02		3.2670937e+02		2.5354520e+02		1.8720324e+02		6.6341958e+01
3.0700000e+02		3.0800000e+02		3.0750000e+02		4.3847484e+02		1.7202785e+02		3.6845399e+02		2.8616766e+02		2.0981981e+02		7.6347856e+01
3.0800000e+02		3.0900000e+02		3.0850000e+02		4.3035211e+02		1.6983629e+02		3.6320164e+02		2.8230651e+02		2.0553616e+02		7.6770351e+01
3.0900000e+02		3.1000000e+02		3.0950000e+02		3.4901328e+02		1.3854540e+02		2.9583427e+02		2.3011846e+02		1.6635641e+02		6.3762053e+01
3.1000000e+02		3.1100000e+02		3.1050000e+02		4.3927411e+02		1.7538082e+02		3.7392501e+02		2.9107872e+02		2.0892732e+02		8.2151396e+01
3.1100000e+02		3.1200000e+02		3.1150000e+02		5.2246540e+02		2.0978781e+02		4.4661687e+02		3.4791889e+02		2.4793548e+02		9.9983413e+01
3.1200000e+02		3.1300000e+02		3.1250000e+02		4.6521908e+02		1.8785439e+02		3.9933314e+02		3.1130697e+02		2.2024371e+02		9.1063265e+01
3.1300000e+02		3.1400000e+02		3.1350000e+02		4.9544367e+02		2.0117132e+02		4.2701762e+02		3.3312232e+02		2.3396513e+02		9.9157189e+01
3.1400000e+02		3.1500000e+02		3.1450000e+02		4.6729179e+02		1.9078527e+02		4.0438652e+02		3.1568452e+02		2.2009679e+02		9.5587732e+01
3.1500000e+02		3.1600000e+02		3.1550000e+02		4.5343123e+02		1.8612994e+02		3.9395514e+02		3.0774854e+02		2.1298483e+02		9.4763711e+01
3.1600000e+02		3.1700000e+02		3.1650000e+02		4.4229406e+02		1.8253253e+02		3.8579431e+02		3.0157276e+02		2.0716583e+02		9.4406932e+01
3.1700000e+02		3.1800000e+02		3.1750000e+02		5.6102832e+02		2.3275893e+02		4.9126218e+02		3.8426514e+02		2.6200583e+02		1.2225931e+02
3.1800000e+02		3.1900000e+02		3.1850000e+02		4.6340678e+02		1.9326346e+02		4.0733754e+02		3.1882181e+02		2.1575635e+02		1.0306546e+02
3.1900000e+02		3.2000000e+02		3.1950000e+02		4.9774832e+02		2.0865776e+02		4.3918069e+02		3.4395953e+02		2.3101509e+02		1.1294444e+02
3.2000000e+02		3.2100000e+02		3.2050000e+02		5.7184857e+02		2.4094371e+02		5.0644761e+02		3.9688428e+02		2.6454327e+02		1.3234101e+02
3.2100000e+02		3.2200000e+02		3.2150000e+02		4.8024660e+02		2.0336724e+02		4.2689036e+02		3.3473862e+02		2.2142222e+02		1.1331640e+02
3.2200000e+02		3.2300000e+02		3.2250000e+02		4.8228681e+02		2.0524714e+02		4.3026403e+02		3.3758220e+02		2.2159538e+02		1.1598682e+02
3.2300000e+02		3.2400000e+02		3.2350000e+02		4.6607071e+02		1.9932082e+02		4.1729123e+02		3.2759243e+02		2.1338533e+02		1.1420710e+02
3.2400000e+02		3.2500000e+02		3.2450000e+02		5.4882129e+02		2.3584877e+02		4.9312263e+02		3.8734214e+02		2.5035656e+02		1.3698558e+02
3.2500000e+02		3.2600000e+02		3.2550000e+02		6.3196128e+02		2.7287850e+02		5.6981171e+02		4.4782843e+02		2.8720630e+02		1.6062213e+02
3.2600000e+02		3.2700000e+02		3.2650000e+02		7.1301257e+02		3.0933331e+02		6.4511244e+02		5.0728444e+02		3.2280248e+02		1.8448196e+02
3.2700000e+02		3.2800000e+02		3.2750000e+02		6.8984049e+02		3.0067913e+02		6.2627433e+02		4.9273338e+02		3.1108971e+02		1.8164367e+02
3.2800000e+02		3.2900000e+02		3.2850000e+02		6.6596082e+02		2.9161078e+02		6.0662925e+02		4.7752655e+02		2.9911989e+02		1.7840666e+02
3.2900000e+02		3.3000000e+02		3.2950000e+02		7.7527139e+02		3.4102341e+02		7.0854630e+02		5.5803936e+02		3.4679501e+02		2.1124435e+02
3.3000000e+02		3.3100000e+02		3.3050000e+02		7.3029799e+02		3.2268723e+02		6.6963147e+02		5.2765565e+02		3.2531597e+02		2.0233968e+02
3.3100000e+02		3.3200000e+02		3.3150000e+02		6.9881652e+02		3.1015020e+02		6.4283852e+02		5.0679298e+02		3.0996958e+02		1.9682339e+02
3.3200000e+02		3.3300000e+02		3.3250000e+02		6.8562051e+02		3.0563012e+02		6.3271394e+02		4.9905215e+02		3.0279969e+02		1.9625246e+02
3.3300000e+02		3.3400000e+02		3.3350000e+02		6.5878216e+02		2.9494040e+02		6.0986339e+02		4.8125684e+02		2.8966438e+02		1.9159246e+02
3.3400000e+02		3.3500000e+02		3.3450000e+02		6.9405546e+02		3.1206392e+02		6.4451714e+02		5.0883937e+02		3.0380547e+02		2.0503389e+02
3.3500000e+02		3.3600000e+02		3.3550000e+02		6.8541663e+02		3.0948397e+02		6.3845046e+02		5.0427968e+02		2.9865616e+02		2.0562352e+02
3.3600000e+02		3.3700000e+02		3.3650000e+02		5.6469084e+02		2.5603885e+02		5.2759241e+02		4.1690494e+02		2.4491248e+02		1.7199246e+02
3.3700000e+02		3.3800000e+02		3.3750000e+02		5.9573781e+02		2.7123121e+02		5.5826626e+02		4.4133710e+02		2.5716229e+02		1.8417480e+02
3.3800000e+02		3.3900000e+02		3.3850000e+02		6.4448401e+02		2.9462125e+02		6.0573158e+02		4.7906694e+02		2.7687611e+02		2.0219083e+02
3.3900000e+02		3.4000000e+02		3.3950000e+02		6.7448220e+02		3.0957665e+02		6.3577597e+02		5.0304110e+02		2.8835996e+02		2.1468114e+02
3.4000000e+02		3.4100000e+02		3.4050000e+02		7.1196374e+02		3.2808015e+02		6.7304004e+02		5.3274596e+02		3.0288933e+02		2.2985664e+02
3.4100000e+02		3.4200000e+02		3.4150000e+02		6.4984945e+02		3.0063399e+02		6.1606893e+02		4.8784862e+02		2.7508799e+02		2.1276062e+02
3.4200000e+02		3.4300000e+02		3.4250000e+02		7.0477558e+02		3.2730949e+02		6.7001616e+02		5.3077959e+02		2.9683444e+02		2.3394515e+02
3.4300000e+02		3.4400000e+02		3.4350000e+02		6.9264465e+02		3.2290894e+02		6.6030920e+02		5.2329454e+02		2.9023572e+02		2.3305882e+02
3.4400000e+02		3.4500000e+02		3.4450000e+02		5.5710877e+02		2.6070605e+02		5.3255452e+02		4.2221110e+02		2.3223638e+02		1.8997471e+02
3.4500000e+02		3.4600000e+02		3.4550000e+02		6.7138909e+02		3.1536021e+02		6.4353263e+02		5.1038715e+02		2.7841203e+02		2.3197512e+02
3.4600000e+02		3.4700000e+02		3.4650000e+02		6.5194093e+02		3.0735662e+02		6.2655897e+02		4.9710901e+02		2.6891778e+02		2.2819123e+02
3.4700000e+02		3.4800000e+02		3.4750000e+02		6.4525828e+02		3.0531636e+02		6.2177050e+02		4.9348883e+02		2.6473850e+02		2.2875032e+02
3.4800000e+02		3.4900000e+02		3.4850000e+02		6.6761091e+02		3.1703181e+02		6.4498321e+02		5.1209461e+02		2.7242969e+02		2.3966492e+02
3.4900000e+02		3.5000000e+02		3.4950000e+02		6.3989005e+02		3.0495001e+02		6.1979006e+02		4.9226404e+02		2.5969264e+02		2.3257141e+02
3.5000000e+02		3.5100000e+02		3.5050000e+02		7.6650484e+02		3.6657538e+02		7.4431100e+02		5.9136666e+02		3.0936328e+02		2.8200338e+02
3.5100000e+02		3.5200000e+02		3.5150000e+02		7.1211510e+02		3.4174736e+02		6.9322822e+02		5.5096596e+02		2.8581201e+02		2.6515395e+02
3.5200000e+02		3.5300000e+02		3.5250000e+02		6.5785102e+02		3.1678952e+02		6.4198740e+02		5.1040917e+02		2.6254976e+02		2.4785942e+02
3.5300000e+02		3.5400000e+02		3.5350000e+02		7.5263834e+02		3.6366359e+02		7.3628303e+02		5.8556828e+02		2.9867718e+02		2.8689110e+02
3.5400000e+02		3.5500000e+02		3.5450000e+02		8.0329241e+02		3.8943910e+02		7.8773186e+02		6.2668509e+02		3.1695629e+02		3.0972880e+02
3.5500000e+02		3.5600000e+02		3.5550000e+02		7.5433512e+02		3.6691465e+02		7.4148496e+02		5.9007736e+02		2.9592311e+02		2.9415425e+02
3.5600000e+02		3.5700000e+02		3.5650000e+02		6.5576441e+02		3.2001183e+02		6.4610973e+02		5.1433497e+02		2.5575880e+02		2.5857617e+02
3.5700000e+02		3.5800000e+02		3.5750000e+02		5.7307986e+02		2.8056511e+02		5.6595426e+02		4.5066294e+02		2.2220093e+02		2.2846201e+02
3.5800000e+02		3.5900000e+02		3.5850000e+02		4.9194729e+02		2.4161313e+02		4.8694511e+02		3.8786347e+02		1.8961712e+02		1.9824635e+02
3.5900000e+02		3.6000000e+02		3.5950000e+02		7.1030971e+02		3.4995842e+02		7.0468030e+02		5.6145767e+02		2.7215460e+02		2.8930306e+02
3.6000000e+02		3.6100000e+02		3.6050000e+02		7.0092701e+02		3.4641108e+02		6.9692810e+02		5.5543928e+02		2.6695058e+02		2.8848870e+02
3.6100000e+02		3.6200000e+02		3.6150000e+02		6.5110481e+02		3.2277799e+02		6.4882101e+02		5.1724347e+02		2.4647945e+02		2.7076402e+02
3.6200000e+02		3.6300000e+02		3.6250000e+02		7.3500056e+02		3.6547582e+02		7.3402133e+02		5.8532636e+02		2.7654847e+02		3.0877789e+02
3.6300000e+02		3.6400000e+02		3.6350000e+02		7.1558904e+02		3.5689200e+02		7.1617648e+02		5.7125052e+02		2.6759839e+02		3.0365212e+02
3.6400000e+02		3.6500000e+02		3.6450000e+02		7.4837927e+02		3.7435308e+02		7.5058866e+02		5.9885764e+02		2.7813823e+02		3.2071941e+02
3.6500000e+02		3.6600000e+02		3.6550000e+02		8.5179486e+02		4.2733238e+02		8.5610657e+02		6.8322288e+02		3.1461278e+02		3.6861011e+02
3.6600000e+02		3.6700000e+02		3.6650000e+02		9.1042532e+02		4.5806910e+02		9.1693495e+02		7.3195446e+02		3.3417330e+02		3.9778116e+02
3.6700000e+02		3.6800000e+02		3.6750000e+02		8.7909512e+02		4.4357128e+02		8.8719779e+02		7.0839415e+02		3.2065163e+02		3.8774252e+02
3.6800000e+02		3.6900000e+02		3.6850000e+02		8.1047729e+02		4.1010441e+02		8.1960563e+02		6.5458566e+02		2.9376025e+02		3.6082541e+02
3.6900000e+02		3.7000000e+02		3.6950000e+02		8.9967825e+02		4.5651205e+02		9.1163315e+02		7.2826059e+02		3.2402526e+02		4.0423533e+02
3.7000000e+02		3.7100000e+02		3.7050000e+02		8.4427990e+02		4.2958438e+02		8.5719101e+02		6.8493221e+02		3.0213624e+02		3.8279597e+02
3.7100000e+02		3.7200000e+02		3.7150000e+02		8.7164560e+02		4.4471803e+02		8.8670455e+02		7.0868034e+02		3.0993212e+02		3.9874822e+02
3.7200000e+02		3.7300000e+02		3.7250000e+02		7.2411383e+02		3.7044209e+02		7.3804594e+02		5.9000340e+02		2.5581717e+02		3.3418623e+02
3.7300000e+02		3.7400000e+02		3.7350000e+02		6.3155746e+02		3.2395236e+02		6.4493633e+02		5.1568665e+02		2.2167576e+02		2.9401089e+02
3.7400000e+02		3.7500000e+02		3.7450000e+02		6.4642322e+02		3.3245000e+02		6.6136064e+02		5.2893658e+02		2.2541946e+02		3.0351712e+02
3.7500000e+02		3.7600000e+02		3.7550000e+02		7.4036161e+02		3.8175160e+02		7.5887955e+02		6.0706142e+02		2.5649236e+02		3.5056906e+02
3.7600000e+02		3.7700000e+02		3.7650000e+02		7.6758018e+02		3.9680303e+02		7.8822566e+02		6.3067155e+02		2.6417865e+02		3.6649290e+02
3.7700000e+02		3.7800000e+02		3.7750000e+02		9.0048278e+02		4.6668918e+02		9.2638282e+02		7.4136903e+02		3.0787925e+02		4.3348977e+02
3.7800000e+02		3.7900000e+02		3.7850000e+02		9.3786543e+02		4.8728264e+02		9.6657245e+02		7.7369190e+02		3.1854041e+02		4.5515149e+02
3.7900000e+02		3.8000000e+02		3.7950000e+02		7.6051322e+02		3.9611605e+02		7.8518163e+02		6.2862538e+02		2.5658900e+02		3.7203638e+02
3.8000000e+02		3.8100000e+02		3.8050000e+02		8.2814537e+02		4.3239918e+02		8.5650562e+02		6.8586497e+02		2.7754518e+02		4.0831979e+02
3.8100000e+02		3.8200000e+02		3.8150000e+02		7.4366886e+02		3.8923152e+02		7.7046770e+02		6.1708925e+02		2.4756624e+02		3.6952301e+02
3.8200000e+02		3.8300000e+02		3.8250000e+02		5.3336093e+02		2.7982557e+02		5.5352633e+02		4.4342024e+02		1.7636277e+02		2.6705746e+02
3.8300000e+02		3.8400000e+02		3.8350000e+02		4.7073026e+02		2.4755056e+02		4.8935340e+02		3.9208668e+02		1.5460416e+02		2.3748252e+02
3.8400000e+02		3.8500000e+02		3.8450000e+02		6.2969557e+02		3.3192201e+02		6.5570100e+02		5.2546788e+02		2.0541532e+02		3.2005256e+02
3.8500000e+02		3.8600000e+02		3.8550000e+02		6.6694888e+02		3.5237065e+02		6.9563892e+02		5.5757550e+02		2.1609161e+02		3.4148389e+02
3.8600000e+02		3.8700000e+02		3.8650000e+02		6.6977732e+02		3.5467263e+02		6.9972824e+02		5.6095412e+02		2.1553075e+02		3.4542337e+02
3.8700000e+02		3.8800000e+02		3.8750000e+02		6.6902499e+02		3.5507336e+02		7.0006857e+02		5.6132623e+02		2.1381846e+02		3.4750777e+02
3.8800000e+02		3.8900000e+02		3.8850000e+02		6.7841027e+02		3.6085712e+02		7.1101977e+02		5.7020623e+02		2.1533278e+02		3.5487345e+02
3.8900000e+02		3.9000000e+02		3.8950000e+02		8.1451188e+02		4.3420633e+02		8.5500681e+02		6.8579468e+02		2.5675632e+02		4.2903835e+02
3.9000000e+02		3.9100000e+02		3.9050000e+02		8.5560997e+02		4.5710854e+02		8.9954492e+02		7.2163968e+02		2.6785325e+02		4.5378643e+02
3.9100000e+02		3.9200000e+02		3.9150000e+02		9.2006232e+02		4.9260016e+02		9.6879348e+02		7.7732127e+02		2.8604034e+02		4.9128093e+02
3.9200000e+02		3.9300000e+02		3.9250000e+02		7.0614281e+02		3.7887228e+02		7.4467304e+02		5.9759311e+02		2.1801351e+02		3.7957960e+02
3.9300000e+02		3.9400000e+02		3.9350000e+02		4.3291589e+02		2.3276417e+02		4.5722296e+02		3.6697579e+02		1.3272946e+02		2.3424633e+02
3.9400000e+02		3.9500000e+02		3.9450000e+02		7.1565803e+02		3.8558483e+02		7.5696164e+02		6.0764724e+02		2.1788864e+02		3.8975860e+02
3.9500000e+02		3.9600000e+02		3.9550000e+02		8.7888136e+02		4.7449978e+02		9.3096828e+02		7.4744579e+02		2.6571563e+02		4.8173016e+02
3.9600000e+02		3.9700000e+02		3.9650000e+02		6.0712893e+02		3.2844889e+02		6.4404240e+02		5.1716048e+02		1.8227134e+02		3.3488914e+02
3.9700000e+02		3.9800000e+02		3.9750000e+02		6.8053003e+02		3.6889702e+02		7.2294029e+02		5.8060166e+02		2.0287493e+02		3.7772673e+02
3.9800000e+02		3.9900000e+02		3.9850000e+02		1.0480559e+03		5.6925032e+02		1.1149464e+03		8.9555801e+02		3.1024329e+02		5.8531472e+02
3.9900000e+02		4.0000000e+02		3.9950000e+02		1.1577145e+03		6.3004477e+02		1.2333271e+03		9.9078837e+02		3.4029043e+02		6.5049793e+02
4.0000000e+02		4.0100000e+02		4.0050000e+02		1.1939713e+03		6.5103627e+02		1.2737112e+03		1.0233765e+03		3.4847059e+02		6.7490587e+02
4.0100000e+02		4.0200000e+02		4.0150000e+02		1.2509583e+03		6.8341714e+02		1.3363285e+03		1.0738375e+03		3.6252079e+02		7.1131668e+02
4.0200000e+02		4.0300000e+02		4.0250000e+02		1.2664199e+03		6.9317517e+02		1.3546735e+03		1.0887291e+03		3.6440114e+02		7.2432792e+02
4.0300000e+02		4.0400000e+02		4.0350000e+02		1.2115903e+03		6.6440659e+02		1.2977543e+03		1.0431254e+03		3.4614971e+02		6.9697574e+02
4.0400000e+02		4.0500000e+02		4.0450000e+02		1.1914959e+03		6.5459745e+02		1.2779161e+03		1.0273167e+03		3.3798808e+02		6.8932867e+02
4.0500000e+02		4.0600000e+02		4.0550000e+02		1.1904731e+03		6.5523309e+02		1.2784858e+03		1.0279097e+03		3.3529241e+02		6.9261732e+02
4.0600000e+02		4.0700000e+02		4.0650000e+02		1.1388815e+03		6.2797194e+02		1.2246583e+03		9.8475934e+02		3.1847315e+02		6.6628620e+02
4.0700000e+02		4.0800000e+02		4.0750000e+02		1.1575323e+03		6.3939816e+02		1.2463017e+03		1.0022904e+03		3.2137536e+02		6.8091509e+02
4.0800000e+02		4.0900000e+02		4.0850000e+02		1.2307397e+03		6.8103942e+02		1.3267944e+03		1.0671572e+03		3.3925483e+02		7.2790235e+02
4.0900000e+02		4.1000000e+02		4.0950000e+02		1.2243097e+03		6.7866653e+02		1.3215082e+03		1.0630363e+03		3.3506332e+02		7.2797298e+02
4.1000000e+02		4.1100000e+02		4.1050000e+02		1.1216634e+03		6.2284249e+02		1.2122051e+03		9.7522987e+02		3.0476808e+02		6.7046179e+02
4.1100000e+02		4.1200000e+02		4.1150000e+02		1.3003372e+03		7.2329215e+02		1.4070141e+03		1.1320906e+03		3.5077608e+02		7.8131450e+02
4.1200000e+02		4.1300000e+02		4.1250000e+02		1.2760342e+03		7.1097416e+02		1.3823809e+03		1.1124012e+03		3.4174270e+02		7.7065851e+02
4.1300000e+02		4.1400000e+02		4.1350000e+02		1.2308584e+03		6.8694995e+02		1.3350285e+03		1.0744210e+03		3.2726837e+02		7.4715259e+02
4.1400000e+02		4.1500000e+02		4.1450000e+02		1.2488872e+03		6.9816421e+02		1.3561785e+03		1.0915666e+03		3.2966617e+02		7.6190040e+02
4.1500000e+02		4.1600000e+02		4.1550000e+02		1.2477523e+03		6.9866997e+02		1.3565239e+03		1.0919670e+03		3.2698751e+02		7.6497945e+02
4.1600000e+02		4.1700000e+02		4.1650000e+02		1.2947363e+03		7.2615014e+02		1.4092244e+03		1.1345147e+03		3.3684666e+02		7.9766801e+02
4.1700000e+02		4.1800000e+02		4.1750000e+02		1.1781342e+03		6.6181018e+02		1.2837715e+03		1.0336295e+03		3.0429199e+02		7.2933748e+02
4.1800000e+02		4.1900000e+02		4.1850000e+02		1.2217101e+03		6.8737335e+02		1.3327533e+03		1.0731819e+03		3.1326046e+02		7.5992148e+02
4.1900000e+02		4.2000000e+02		4.1950000e+02		1.2338424e+03		6.9528432e+02		1.3474866e+03		1.0851600e+03		3.1407671e+02		7.7108328e+02
4.2000000e+02		4.2100000e+02		4.2050000e+02		1.2494927e+03		7.0519163e+02		1.3660803e+03		1.1002481e+03		3.1575158e+02		7.8449648e+02
4.2100000e+02		4.2200000e+02		4.2150000e+02		1.2299982e+03		6.9525024e+02		1.3462305e+03		1.0843717e+03		3.0856688e+02		7.7580477e+02
4.2200000e+02		4.2300000e+02		4.2250000e+02		1.1657134e+03		6.5990948e+02		1.2772442e+03		1.0289075e+03		2.9031337e+02		7.3859414e+02
4.2300000e+02		4.2400000e+02		4.2350000e+02		1.2419943e+03		7.0414294e+02		1.3622717e+03		1.0975117e+03		3.0705969e+02		7.9045203e+02
4.2400000e+02		4.2500000e+02		4.2450000e+02		1.2850442e+03		7.2962681e+02		1.4109742e+03		1.1368597e+03		3.1538925e+02		8.2147046e+02
4.2500000e+02		4.2600000e+02		4.2550000e+02		1.2367256e+03		7.0321882e+02		1.3593340e+03		1.0953571e+03		3.0131835e+02		7.9403872e+02
4.2600000e+02		4.2700000e+02		4.2650000e+02		1.2316584e+03		7.0135008e+02		1.3551580e+03		1.0920954e+03		2.9789543e+02		7.9419998e+02
4.2700000e+02		4.2800000e+02		4.2750000e+02		1.1420512e+03		6.5125444e+02		1.2578450e+03		1.0137673e+03		2.7420700e+02		7.3956030e+02
4.2800000e+02		4.2900000e+02		4.2850000e+02		1.1495483e+03		6.5645670e+02		1.2673770e+03		1.0215435e+03		2.7399190e+02		7.4755159e+02
4.2900000e+02		4.3000000e+02		4.2950000e+02		1.0698649e+03		6.1180754e+02		1.1807006e+03		9.5176583e+02		2.5313680e+02		6.9862903e+02
4.3000000e+02		4.3100000e+02		4.3050000e+02		8.6065012e+02		4.9284789e+02		9.5074699e+02		7.6646798e+02		2.0214697e+02		5.6432102e+02
4.3100000e+02		4.3200000e+02		4.3150000e+02		1.0641754e+03		6.1022965e+02		1.1767233e+03		9.4872765e+02		2.4812275e+02		7.0060491e+02
4.3200000e+02		4.3300000e+02		4.3250000e+02		1.1990384e+03		6.8849461e+02		1.3271268e+03		1.0700824e+03		2.7752228e+02		7.9256010e+02
4.3300000e+02		4.3400000e+02		4.3350000e+02		1.3017454e+03		7.4847012e+02		1.4421785e+03		1.1629495e+03		2.9908936e+02		8.6386009e+02
4.3400000e+02		4.3500000e+02		4.3450000e+02		1.1054356e+03		6.3643861e+02		1.2258449e+03		9.8858462e+02		2.5212584e+02		7.3645878e+02
4.3500000e+02		4.3600000e+02		4.3550000e+02		1.2347447e+03		7.1181751e+02		1.3705154e+03		1.1053459e+03		2.7955615e+02		8.2578977e+02
4.3600000e+02		4.3700000e+02		4.3650000e+02		1.3814970e+03		7.9745045e+02		1.5348184e+03		1.2379603e+03		3.1049088e+02		9.2746939e+02
4.3700000e+02		4.3800000e+02		4.3750000e+02		1.2223713e+03		7.0650152e+02		1.3592713e+03		1.0964549e+03		2.7271450e+02		8.2374040e+02
4.3800000e+02		4.3900000e+02		4.3850000e+02		1.1905029e+03		6.8895459e+02		1.3250282e+03		1.0689175e+03		2.6365803e+02		8.0525943e+02
4.3900000e+02		4.4000000e+02		4.3950000e+02		1.3250738e+03		7.6779356e+02		1.4761217e+03		1.1908996e+03		2.9131003e+02		8.9958954e+02
4.4000000e+02		4.4100000e+02		4.4050000e+02		1.2562739e+03		7.2883151e+02		1.4007147e+03		1.1301500e+03		2.7415993e+02		8.5599010e+02
4.4100000e+02		4.4200000e+02		4.4150000e+02		1.3817384e+03		8.0260388e+02		1.5419501e+03		1.2441985e+03		2.9932935e+02		9.4486919e+02
4.4200000e+02		4.4300000e+02		4.4250000e+02		1.4526378e+03		8.4481123e+02		1.6224708e+03		1.3092686e+03		3.1238078e+02		9.9688781e+02
4.4300000e+02		4.4400000e+02		4.4350000e+02		1.4050936e+03		8.1814233e+02		1.5707094e+03		1.2675927e+03		2.9994072e+02		9.6765198e+02
4.4400000e+02		4.4500000e+02		4.4450000e+02		1.4475318e+03		8.4385420e+02		1.6195179e+03		1.3070772e+03		3.0673359e+02		1.0003436e+03
4.4500000e+02		4.4600000e+02		4.4550000e+02		1.3420773e+03		7.8329802e+02		1.5027901e+03		1.2129556e+03		2.8230185e+02		9.3065380e+02
4.4600000e+02		4.4700000e+02		4.4650000e+02		1.3689269e+03		7.9989783e+02		1.5341235e+03		1.2383335e+03		2.8583763e+02		9.5249582e+02
4.4700000e+02		4.4800000e+02		4.4750000e+02		1.4837056e+03		8.6796335e+02		1.6641146e+03		1.3433550e+03		3.0753174e+02		1.0358232e+03
4.4800000e+02		4.4900000e+02		4.4850000e+02		1.4587166e+03		8.5431625e+02		1.6374125e+03		1.3218905e+03		3.0013478e+02		1.0217557e+03
4.4900000e+02		4.5000000e+02		4.4950000e+02		1.4737837e+03		8.6411262e+02		1.6556512e+03		1.3367053e+03		3.0101117e+02		1.0356941e+03
4.5000000e+02		4.5100000e+02		4.5050000e+02		1.5636828e+03		9.1784413e+02		1.7580370e+03		1.4194622e+03		3.1703068e+02		1.1024315e+03
4.5100000e+02		4.5200000e+02		4.5150000e+02		1.5589734e+03		9.1608875e+02		1.7541175e+03		1.4163908e+03		3.1375851e+02		1.1026322e+03
4.5200000e+02		4.5300000e+02		4.5250000e+02		1.4757889e+03		8.6815368e+02		1.6618094e+03		1.3419423e+03		2.9483953e+02		1.0471028e+03
4.5300000e+02		4.5400000e+02		4.5350000e+02		1.4141855e+03		8.3281260e+02		1.5936642e+03		1.2869962e+03		2.8046137e+02		1.0065348e+03
4.5400000e+02		4.5500000e+02		4.5450000e+02		1.5096596e+03		8.8998676e+02		1.7025482e+03		1.3750146e+03		2.9720187e+02		1.0778127e+03
4.5500000e+02		4.5600000e+02		4.5550000e+02		1.4952815e+03		8.8244210e+02		1.6876013e+03		1.3630280e+03		2.9221465e+02		1.0708134e+03
4.5600000e+02		4.5700000e+02		4.5650000e+02		1.5527317e+03		9.1730470e+02		1.7537447e+03		1.4165373e+03		3.0121926e+02		1.1153180e+03
4.5700000e+02		4.5800000e+02		4.5750000e+02		1.5677329e+03		9.2712536e+02		1.7719918e+03		1.4313626e+03		3.0190235e+02		1.1294603e+03
4.5800000e+02		4.5900000e+02		4.5850000e+02		1.4734199e+03		8.7224285e+02		1.6666044e+03		1.3463143e+03		2.8166311e+02		1.0646512e+03
4.5900000e+02		4.6000000e+02		4.5950000e+02		1.5222067e+03		9.0203706e+02		1.7230293e+03		1.3919775e+03		2.8885977e+02		1.1031177e+03
4.6000000e+02		4.6100000e+02		4.6050000e+02		1.5039223e+03		8.9209568e+02		1.7035474e+03		1.3763188e+03		2.8330213e+02		1.0930167e+03
4.6100000e+02		4.6200000e+02		4.6150000e+02		1.5386000e+03		9.1357147e+02		1.7440587e+03		1.4091294e+03		2.8771484e+02		1.1214146e+03
4.6200000e+02		4.6300000e+02		4.6250000e+02		1.5538294e+03		9.2352027e+02		1.7625527e+03		1.4241524e+03		2.8843843e+02		1.1357140e+03
4.6300000e+02		4.6400000e+02		4.6350000e+02		1.5018384e+03		8.9348688e+02		1.7047560e+03		1.3775294e+03		2.7674990e+02		1.1007795e+03
4.6400000e+02		4.6500000e+02		4.6450000e+02		1.5281564e+03		9.1001866e+02		1.7358171e+03		1.4027057e+03		2.7954248e+02		1.1231632e+03
4.6500000e+02		4.6600000e+02		4.6550000e+02		1.4760608e+03		8.7983239e+02		1.6777779e+03		1.3558783e+03		2.6804106e+02		1.0878372e+03
4.6600000e+02		4.6700000e+02		4.6650000e+02		1.4854121e+03		8.8624053e+02		1.6895390e+03		1.3654562e+03		2.6777036e+02		1.0976858e+03
4.6700000e+02		4.6800000e+02		4.6750000e+02		1.4997486e+03		8.9562841e+02		1.7069775e+03		1.3796227e+03		2.6838232e+02		1.1112404e+03
4.6800000e+02		4.6900000e+02		4.6850000e+02		1.4665907e+03		8.7663520e+02		1.6703341e+03		1.3500772e+03		2.6053481e+02		1.0895424e+03
4.6900000e+02		4.7000000e+02		4.6950000e+02		1.5086728e+03		9.0261287e+02		1.7193791e+03		1.3897904e+03		2.6605710e+02		1.1237333e+03
4.7000000e+02		4.7100000e+02		4.7050000e+02		1.4256243e+03		8.5369742e+02		1.6257769e+03		1.3141978e+03		2.4957980e+02		1.0646180e+03
4.7100000e+02		4.7200000e+02		4.7150000e+02		1.4904926e+03		8.9334069e+02		1.7008347e+03		1.3749399e+03		2.5903614e+02		1.1159038e+03
4.7200000e+02		4.7300000e+02		4.7250000e+02		1.5269264e+03		9.1598812e+02		1.7435083e+03		1.4095067e+03		2.6343687e+02		1.1460699e+03
4.7300000e+02		4.7400000e+02		4.7350000e+02		1.4995420e+03		9.0034904e+02		1.7133077e+03		1.3851595e+03		2.5683059e+02		1.1283289e+03
4.7400000e+02		4.7500000e+02		4.7450000e+02		1.5448084e+03		9.2833250e+02		1.7661168e+03		1.4279231e+03		2.6266015e+02		1.1652630e+03
4.7500000e+02		4.7600000e+02		4.7550000e+02		1.5413846e+03		9.2707056e+02		1.7632796e+03		1.4256972e+03		2.6017400e+02		1.1655232e+03
4.7600000e+02		4.7700000e+02		4.7650000e+02		1.4853490e+03		8.9412728e+02		1.7002052e+03		1.3747632e+03		2.4889523e+02		1.1258680e+03
4.7700000e+02		4.7800000e+02		4.7750000e+02		1.5508368e+03		9.3433424e+02		1.7762289e+03		1.4363017e+03		2.5798313e+02		1.1783186e+03
4.7800000e+02		4.7900000e+02		4.7850000e+02		1.5358791e+03		9.2609350e+02		1.7601402e+03		1.4233573e+03		2.5364211e+02		1.1697152e+03
4.7900000e+02		4.8000000e+02		4.7950000e+02		1.5403519e+03		9.2955640e+02		1.7663020e+03		1.4284049e+03		2.5253723e+02		1.1758676e+03
4.8000000e+02		4.8100000e+02		4.8050000e+02		1.5442750e+03		9.3268464e+02		1.7718293e+03		1.4329389e+03		2.5134678e+02		1.1815921e+03
4.8100000e+02		4.8200000e+02		4.8150000e+02		1.5475498e+03		9.3541783e+02		1.7766079e+03		1.4368669e+03		2.5005678e+02		1.1868101e+03
4.8200000e+02		4.8300000e+02		4.8250000e+02		1.5416562e+03		9.3260095e+02		1.7708496e+03		1.4322722e+03		2.4730278e+02		1.1849695e+03
4.8300000e+02		4.8400000e+02		4.8350000e+02		1.5183412e+03		9.1922436e+02		1.7450515e+03		1.4114674e+03		2.4180234e+02		1.1696650e+03
4.8400000e+02		4.8500000e+02		4.8450000e+02		1.4920771e+03		9.0403200e+02		1.7158227e+03		1.3878850e+03		2.3590343e+02		1.1519815e+03
4.8500000e+02		4.8600000e+02		4.8550000e+02		1.4021236e+03		8.5018969e+02		1.6132709e+03		1.3049882e+03		2.2008145e+02		1.0849068e+03
4.8600000e+02		4.8700000e+02		4.8650000e+02		1.2173217e+03		7.3870074e+02		1.4014056e+03		1.1336556e+03		1.8969634e+02		9.4395928e+02
4.8700000e+02		4.8800000e+02		4.8750000e+02		1.3927585e+03		8.4580316e+02		1.6042403e+03		1.2977902e+03		2.1547068e+02		1.0823195e+03
4.8800000e+02		4.8900000e+02		4.8850000e+02		1.4651201e+03		8.9041763e+02		1.6884943e+03		1.3660049e+03		2.2503327e+02		1.1409716e+03
4.8900000e+02		4.9000000e+02		4.8950000e+02		1.4372192e+03		8.7411249e+02		1.6572189e+03		1.3407563e+03		2.1915939e+02		1.1215969e+03
4.9000000e+02		4.9100000e+02		4.9050000e+02		1.5307557e+03		9.3168862e+02		1.7660010e+03		1.4288217e+03		2.3174424e+02		1.1970775e+03
4.9100000e+02		4.9200000e+02		4.9150000e+02		1.4425606e+03		8.7865097e+02		1.6651182e+03		1.3472528e+03		2.1682313e+02		1.1304297e+03
4.9200000e+02		4.9300000e+02		4.9250000e+02		1.3729411e+03		8.3685173e+02		1.5855744e+03		1.2829430e+03		2.0487758e+02		1.0780654e+03
4.9300000e+02		4.9400000e+02		4.9350000e+02		1.4509629e+03		8.8504248e+02		1.6765347e+03		1.3565937e+03		2.1496727e+02		1.1416264e+03
4.9400000e+02		4.9500000e+02		4.9450000e+02		1.4929449e+03		9.1129654e+02		1.7259148e+03		1.3966028e+03		2.1960180e+02		1.1770010e+03
4.9500000e+02		4.9600000e+02		4.9550000e+02		1.4663156e+03		8.9567098e+02		1.6959781e+03		1.3724290e+03		2.1414023e+02		1.1582888e+03
4.9600000e+02		4.9700000e+02		4.9650000e+02		1.4846220e+03		9.0748418e+02		1.7180023e+03		1.3903025e+03		2.1526231e+02		1.1750402e+03
4.9700000e+02		4.9800000e+02		4.9750000e+02		1.5123203e+03		9.2505193e+02		1.7509131e+03		1.4169870e+03		2.1771074e+02		1.1992763e+03
4.9800000e+02		4.9900000e+02		4.9850000e+02		1.3744029e+03		8.4126465e+02		1.5920099e+03		1.2884352e+03		1.9644310e+02		1.0919921e+03
4.9900000e+02		5.0000000e+02		4.9950000e+02		1.4721832e+03		9.0172433e+02		1.7060918e+03		1.3808120e+03		2.0891708e+02		1.1718949e+03
