Left Bin Edge (nm)	Right Bin Edge (nm)	Bin Center (nm)		Top of Atm Intensity (erg/s/nm/cm2)		Total Surface Flux (erg/s/nm/cm2)		Total Intensity at BOA (erg/s/nm/cm2)		Total Surface Intensity (erg/s/nm/cm2)		Total Surface Diffuse Intensity (erg/s/nm/cm2)		Total Surface Direct Intensity (erg/s/nm/cm2)
1.0000000e+02		1.0100000e+02		1.0050000e+02		4.4569042e-02		0.0000000e+00		0.0000000e+00		0.0000000e+00		0.0000000e+00		0.0000000e+00
1.0100000e+02		1.0200000e+02		1.0150000e+02		1.7387199e-01		0.0000000e+00		0.0000000e+00		0.0000000e+00		0.0000000e+00		0.0000000e+00
1.0200000e+02		1.0300000e+02		1.0250000e+02		9.2286085e-01		0.0000000e+00		0.0000000e+00		0.0000000e+00		0.0000000e+00		0.0000000e+00
1.0300000e+02		1.0400000e+02		1.0350000e+02		7.0094286e-01		0.0000000e+00		0.0000000e+00		0.0000000e+00		0.0000000e+00		0.0000000e+00
1.0400000e+02		1.0500000e+02		1.0450000e+02		1.4124828e-01		0.0000000e+00		0.0000000e+00		0.0000000e+00		0.0000000e+00		0.0000000e+00
1.0500000e+02		1.0600000e+02		1.0550000e+02		4.8389941e-02		0.0000000e+00		0.0000000e+00		0.0000000e+00		0.0000000e+00		0.0000000e+00
1.0600000e+02		1.0700000e+02		1.0650000e+02		4.5487167e-02		0.0000000e+00		0.0000000e+00		0.0000000e+00		0.0000000e+00		0.0000000e+00
1.0700000e+02		1.0800000e+02		1.0750000e+02		5.0757295e-02		0.0000000e+00		0.0000000e+00		0.0000000e+00		0.0000000e+00		0.0000000e+00
1.0800000e+02		1.0900000e+02		1.0850000e+02		7.1152114e-02		0.0000000e+00		0.0000000e+00		0.0000000e+00		0.0000000e+00		0.0000000e+00
1.0900000e+02		1.1000000e+02		1.0950000e+02		5.5817450e-02		2.6636128e-04		2.5970663e-03		4.6135127e-04		4.6135127e-04		7.3391775e-111
1.1000000e+02		1.1100000e+02		1.1050000e+02		5.4043772e-02		2.6055018e-04		2.4806911e-03		4.5128616e-04		4.5128616e-04		1.6365985e-105
1.1100000e+02		1.1200000e+02		1.1150000e+02		5.0797691e-02		2.1319749e-04		1.9850196e-03		3.6926888e-04		3.6926888e-04		1.6737055e-100
1.1200000e+02		1.1300000e+02		1.1250000e+02		5.1969037e-02		2.2127325e-04		2.0131524e-03		3.8325650e-04		3.8325650e-04		9.3412578e-96
1.1300000e+02		1.1400000e+02		1.1350000e+02		4.1221387e-02		2.1764665e-04		1.9326311e-03		3.7697506e-04		3.7697506e-04		2.1316525e-91
1.1400000e+02		1.1500000e+02		1.1450000e+02		3.1562600e-02		1.8311318e-04		1.5889394e-03		3.1716133e-04		3.1716133e-04		2.5694941e-87
1.1500000e+02		1.1600000e+02		1.1550000e+02		4.3552050e-02		3.1668497e-04		2.6837839e-03		5.4851446e-04		5.4851446e-04		3.2028497e-83
1.1600000e+02		1.1700000e+02		1.1650000e+02		1.0143732e-01		7.7560432e-04		6.4293359e-03		1.3433861e-03		1.3433861e-03		3.9857309e-79
1.1700000e+02		1.1800000e+02		1.1750000e+02		3.6108525e-01		2.9211460e-03		2.3692034e-02		5.0595733e-03		5.0595733e-03		4.6643019e-75
1.1800000e+02		1.1900000e+02		1.1850000e+02		1.2283927e-01		1.0083384e-03		8.0064077e-03		1.7464933e-03		1.7464933e-03		3.3108346e-72
1.1900000e+02		1.2000000e+02		1.1950000e+02		1.7115732e-01		1.3696098e-03		1.0652913e-02		2.3722338e-03		2.3722338e-03		6.2935616e-69
1.2000000e+02		1.2100000e+02		1.2050000e+02		9.3056497e-01		7.0457698e-03		5.3712367e-02		1.2203631e-02		1.2203631e-02		3.1380758e-65
1.2100000e+02		1.2200000e+02		1.2150000e+02		3.6941242e+01		2.7068932e-01		2.0228239e+00		4.6884766e-01		4.6884766e-01		7.8917913e-61
1.2200000e+02		1.2300000e+02		1.2250000e+02		2.4773856e-01		1.8999182e-03		1.3913335e-02		3.2907548e-03		3.2907548e-03		2.3768210e-60
1.2300000e+02		1.2400000e+02		1.2350000e+02		1.3344721e-01		9.4946562e-04		6.8222273e-03		1.6445227e-03		1.6445227e-03		4.1359175e-58
1.2400000e+02		1.2500000e+02		1.2450000e+02		1.0726631e-01		6.5387860e-04		4.6146142e-03		1.1325510e-03		1.1325510e-03		7.8891517e-56
1.2500000e+02		1.2600000e+02		1.2550000e+02		1.0471361e-01		5.9426065e-04		4.1176634e-03		1.0292896e-03		1.0292896e-03		1.3775913e-53
1.2600000e+02		1.2700000e+02		1.2650000e+02		1.4644878e-01		9.8123956e-04		6.6632429e-03		1.6995568e-03		1.6995568e-03		2.6663618e-51
1.2700000e+02		1.2800000e+02		1.2750000e+02		7.6659940e-02		7.1220752e-04		4.7348649e-03		1.2335796e-03		1.2335796e-03		1.5137913e-49
1.2800000e+02		1.2900000e+02		1.2850000e+02		6.1165494e-02		7.2250964e-04		4.7077831e-03		1.2514234e-03		1.2514234e-03		1.0300599e-47
1.2900000e+02		1.3000000e+02		1.2950000e+02		8.1594975e-02		1.0870940e-03		6.9508951e-03		1.8829021e-03		1.8829021e-03		9.3349672e-46
1.3000000e+02		1.3100000e+02		1.3050000e+02		6.7007791e-01		9.5915782e-03		6.0219276e-02		1.6613101e-02		1.6613101e-02		4.2169005e-43
1.3100000e+02		1.3200000e+02		1.3150000e+02		9.0731094e-02		1.3427581e-03		8.2822682e-03		2.3257252e-03		2.3257252e-03		2.5753424e-42
1.3200000e+02		1.3300000e+02		1.3250000e+02		7.0547730e-02		1.1122657e-03		6.7403209e-03		1.9265007e-03		1.9265007e-03		7.5148398e-41
1.3300000e+02		1.3400000e+02		1.3350000e+02		9.5357088e-01		1.5860888e-02		9.4462629e-02		2.7471864e-02		2.7471864e-02		3.1997753e-38
1.3400000e+02		1.3500000e+02		1.3450000e+02		6.5246966e-02		1.1598639e-03		6.7899418e-03		2.0089433e-03		2.0089433e-03		5.8540621e-38
1.3500000e+02		1.3600000e+02		1.3550000e+02		1.3692679e-01		2.5409894e-03		1.4627482e-02		4.4011228e-03		4.4011228e-03		2.8089283e-36
1.3600000e+02		1.3700000e+02		1.3650000e+02		8.9861989e-02		1.7326363e-03		9.8107452e-03		3.0010141e-03		3.0010141e-03		3.6391107e-35
1.3700000e+02		1.3800000e+02		1.3750000e+02		9.2282630e-02		1.8448421e-03		1.0277615e-02		3.1953603e-03		3.1953603e-03		6.4226328e-34
1.3800000e+02		1.3900000e+02		1.3850000e+02		9.4180145e-02		1.9514217e-03		1.0698591e-02		3.3799616e-03		3.3799616e-03		9.8829978e-33
1.3900000e+02		1.4000000e+02		1.3950000e+02		3.1801144e-01		6.8298398e-03		3.6857812e-02		1.1829630e-02		1.1829630e-02		4.4461656e-31
1.4000000e+02		1.4100000e+02		1.4050000e+02		2.7729440e-01		6.1767463e-03		3.2818628e-02		1.0698438e-02		1.0698438e-02		4.5951673e-30
1.4100000e+02		1.4200000e+02		1.4150000e+02		1.3359910e-01		3.0805245e-03		1.6118790e-02		5.3356250e-03		5.3356250e-03		2.3487720e-29
1.4200000e+02		1.4300000e+02		1.4250000e+02		1.4479671e-01		3.4575700e-03		1.7820594e-02		5.9886869e-03		5.9886869e-03		2.4319742e-28
1.4300000e+02		1.4400000e+02		1.4350000e+02		1.6064305e-01		3.9720277e-03		2.0169909e-02		6.8797538e-03		6.8797538e-03		2.3339911e-27
1.4400000e+02		1.4500000e+02		1.4450000e+02		1.5363637e-01		3.9268412e-03		1.9650643e-02		6.8014884e-03		6.8014884e-03		1.7573112e-26
1.4500000e+02		1.4600000e+02		1.4550000e+02		1.6382583e-01		4.3305826e-03		2.1360637e-02		7.5007891e-03		7.5007891e-03		1.3493470e-25
1.4600000e+02		1.4700000e+02		1.4650000e+02		1.9977093e-01		5.4604492e-03		2.6553671e-02		9.4577755e-03		9.4577755e-03		1.0886861e-24
1.4700000e+02		1.4800000e+02		1.4750000e+02		2.4643334e-01		6.9566332e-03		3.3359539e-02		1.2049242e-02		1.2049242e-02		8.1993877e-24
1.4800000e+02		1.4900000e+02		1.4850000e+02		2.4167300e-01		7.0422473e-03		3.3308097e-02		1.2197530e-02		1.2197530e-02		4.5487440e-23
1.4900000e+02		1.5000000e+02		1.4950000e+02		2.1832777e-01		6.5746002e-03		3.0676895e-02		1.1387542e-02		1.1387542e-02		2.1624558e-22
1.5000000e+02		1.5100000e+02		1.5050000e+02		2.4023073e-01		7.4820131e-03		3.4446880e-02		1.2959227e-02		1.2959227e-02		1.1689445e-21
1.5100000e+02		1.5200000e+02		1.5150000e+02		2.5258505e-01		8.1251345e-03		3.6918505e-02		1.4073146e-02		1.4073146e-02		5.6551570e-21
1.5200000e+02		1.5300000e+02		1.5250000e+02		3.2229547e-01		1.0721248e-02		4.8086498e-02		1.8569747e-02		1.8569747e-02		3.1203499e-20
1.5300000e+02		1.5400000e+02		1.5350000e+02		3.5701286e-01		1.2289966e-02		5.4422143e-02		2.1286845e-02		2.1286845e-02		1.4089034e-19
1.5400000e+02		1.5500000e+02		1.5450000e+02		9.5486931e-01		3.3932093e-02		1.4838042e-01		5.8772109e-02		5.8772109e-02		1.4515462e-18
1.5500000e+02		1.5600000e+02		1.5550000e+02		7.8587524e-01		2.8809570e-02		1.2443135e-01		4.9899639e-02		4.9899639e-02		4.3613067e-18
1.5600000e+02		1.5700000e+02		1.5650000e+02		4.6648084e-01		1.7693134e-02		7.5491173e-02		3.0645407e-02		3.0645407e-02		8.9831062e-18
1.5700000e+02		1.5800000e+02		1.5750000e+02		4.2309893e-01		1.6555467e-02		6.9794926e-02		2.8674910e-02		2.8674910e-02		2.6921670e-17
1.5800000e+02		1.5900000e+02		1.5850000e+02		3.9008072e-01		1.5740153e-02		6.5578954e-02		2.7262744e-02		2.7262744e-02		7.8292190e-17
1.5900000e+02		1.6000000e+02		1.5950000e+02		3.8042347e-01		1.5837134e-02		6.5220329e-02		2.7430721e-02		2.7430721e-02		2.3043504e-16
1.6000000e+02		1.6100000e+02		1.6050000e+02		4.1635449e-01		1.7858321e-02		7.2707934e-02		3.0931520e-02		3.0931520e-02		7.2957715e-16
1.6100000e+02		1.6200000e+02		1.6150000e+02		4.7164413e-01		2.0832788e-02		8.3869281e-02		3.6083447e-02		3.6083447e-02		2.2963415e-15
1.6200000e+02		1.6300000e+02		1.6250000e+02		5.2241459e-01		2.3755613e-02		9.4583217e-02		4.1145928e-02		4.1145928e-02		6.8004987e-15
1.6300000e+02		1.6400000e+02		1.6350000e+02		1.1072121e+00		5.1805038e-02		2.0402811e-01		8.9728958e-02		8.9728958e-02		3.7144036e-14
1.6400000e+02		1.6500000e+02		1.6450000e+02		1.1323318e+00		5.4491086e-02		2.1231962e-01		9.4381329e-02		9.4381329e-02		9.4517434e-14
1.6500000e+02		1.6600000e+02		1.6550000e+02		1.3255566e+00		6.5580590e-02		2.5284960e-01		1.1358891e-01		1.1358891e-01		2.6621833e-13
1.6600000e+02		1.6700000e+02		1.6650000e+02		6.2522883e-01		3.1792093e-02		1.2131162e-01		5.5065521e-02		5.5065521e-02		2.9258403e-13
1.6700000e+02		1.6800000e+02		1.6750000e+02		6.6723830e-01		3.4856306e-02		1.3165421e-01		6.0372894e-02		6.0372894e-02		7.0556132e-13
1.6800000e+02		1.6900000e+02		1.6850000e+02		7.1904320e-01		3.8579520e-02		1.4426218e-01		6.6821689e-02		6.6821689e-02		1.6684269e-12
1.6900000e+02		1.7000000e+02		1.6950000e+02		9.0554889e-01		4.9885745e-02		1.8470809e-01		8.6404644e-02		8.6404644e-02		4.4829541e-12
1.7000000e+02		1.7100000e+02		1.7050000e+02		1.0161854e+00		5.7458996e-02		2.1069386e-01		9.9521901e-02		9.9521901e-02		1.0448347e-11
1.7100000e+02		1.7200000e+02		1.7150000e+02		1.0130704e+00		5.8785743e-02		2.1351051e-01		1.0181989e-01		1.0181989e-01		2.1084546e-11
1.7200000e+02		1.7300000e+02		1.7250000e+02		1.0571150e+00		6.2926415e-02		2.2641372e-01		1.0899175e-01		1.0899175e-01		4.3449086e-11
1.7300000e+02		1.7400000e+02		1.7350000e+02		1.0479596e+00		6.3980857e-02		2.2809176e-01		1.1081810e-01		1.1081810e-01		8.3077161e-11
1.7400000e+02		1.7500000e+02		1.7450000e+02		1.2530722e+00		7.8434597e-02		2.7709222e-01		1.3585271e-01		1.3585271e-01		1.8730489e-10
1.7500000e+02		1.7600000e+02		1.7550000e+02		1.4954862e+00		9.5955524e-02		3.3597668e-01		1.6619984e-01		1.6619984e-01		4.1244893e-10
1.7600000e+02		1.7700000e+02		1.7650000e+02		1.6135596e+00		1.0609338e-01		3.6822664e-01		1.8375913e-01		1.8375913e-01		8.0415672e-10
1.7700000e+02		1.7800000e+02		1.7750000e+02		1.9010195e+00		1.2806064e-01		4.4065038e-01		2.2180753e-01		2.2180753e-01		1.6781844e-09
1.7800000e+02		1.7900000e+02		1.7850000e+02		2.0776624e+00		1.4335163e-01		4.8909823e-01		2.4829231e-01		2.4829231e-01		3.1871227e-09
1.7900000e+02		1.8000000e+02		1.7950000e+02		2.0198657e+00		1.4269815e-01		4.8282452e-01		2.4716045e-01		2.4716045e-01		5.2859527e-09
1.8000000e+02		1.8100000e+02		1.8050000e+02		2.4976225e+00		1.8066814e-01		6.0630386e-01		3.1292639e-01		3.1292638e-01		1.0956000e-08
1.8100000e+02		1.8200000e+02		1.8150000e+02		3.0410490e+00		2.2511707e-01		7.4940568e-01		3.8991419e-01		3.8991417e-01		2.1982773e-08
1.8200000e+02		1.8300000e+02		1.8250000e+02		2.8073836e+00		2.1257492e-01		7.0207139e-01		3.6819056e-01		3.6819053e-01		3.2900065e-08
1.8300000e+02		1.8400000e+02		1.8350000e+02		2.9562417e+00		2.2888602e-01		7.5008196e-01		3.9644221e-01		3.9644216e-01		5.5291441e-08
1.8400000e+02		1.8500000e+02		1.8450000e+02		2.5409769e+00		2.0124080e-01		6.5445600e-01		3.4855927e-01		3.4855920e-01		7.4723817e-08
1.8500000e+02		1.8600000e+02		1.8550000e+02		2.8735562e+00		2.3288845e-01		7.5169398e-01		4.0337460e-01		4.0337447e-01		1.3097645e-07
1.8600000e+02		1.8700000e+02		1.8650000e+02		3.2604304e+00		2.6994949e-01		8.6490499e-01		4.6756620e-01		4.6756597e-01		2.2708328e-07
1.8700000e+02		1.8800000e+02		1.8750000e+02		3.6946466e+00		3.1253844e-01		9.9411324e-01		5.4133240e-01		5.4133201e-01		3.8800283e-07
1.8800000e+02		1.8900000e+02		1.8850000e+02		3.8870616e+00		3.3619505e-01		1.0617436e+00		5.8230681e-01		5.8230620e-01		6.0776150e-07
1.8900000e+02		1.9000000e+02		1.8950000e+02		4.3106081e+00		3.8104738e-01		1.1949726e+00		6.5999328e-01		6.5999228e-01		9.9106452e-07
1.9000000e+02		1.9100000e+02		1.9050000e+02		4.4384288e+00		4.0008466e-01		1.2460803e+00		6.9296672e-01		6.9296524e-01		1.4820187e-06
1.9100000e+02		1.9200000e+02		1.9150000e+02		4.8094361e+00		4.4290811e-01		1.3701350e+00		7.6713900e-01		7.6713669e-01		2.3067483e-06
1.9200000e+02		1.9300000e+02		1.9250000e+02		5.0365493e+00		4.7428039e-01		1.4574222e+00		8.2147720e-01		8.2147376e-01		3.4326767e-06
1.9300000e+02		1.9400000e+02		1.9350000e+02		3.8447944e+00		3.6944620e-01		1.1278809e+00		6.3989901e-01		6.3989533e-01		3.6824795e-06
1.9400000e+02		1.9500000e+02		1.9450000e+02		6.1679797e+00		6.0422779e-01		1.8328569e+00		1.0465520e+00		1.0465438e+00		8.2155636e-06
1.9500000e+02		1.9600000e+02		1.9550000e+02		5.9528271e+00		5.9605713e-01		1.7966516e+00		1.0323995e+00		1.0323886e+00		1.0925825e-05
1.9600000e+02		1.9700000e+02		1.9650000e+02		6.5508102e+00		6.6997286e-01		2.0069305e+00		1.1604245e+00		1.1604081e+00		1.6408406e-05
1.9700000e+02		1.9800000e+02		1.9750000e+02		6.5190955e+00		6.7886127e-01		2.0212523e+00		1.1758188e+00		1.1757967e+00		2.2063066e-05
1.9800000e+02		1.9900000e+02		1.9850000e+02		6.3883794e+00		6.8109767e-01		2.0156945e+00		1.1796913e+00		1.1796623e+00		2.8999331e-05
1.9900000e+02		2.0000000e+02		1.9950000e+02		6.7274707e+00		7.3123127e-01		2.1513767e+00		1.2665234e+00		1.2664829e+00		4.0567720e-05
2.0000000e+02		2.0100000e+02		2.0050000e+02		7.1125146e+00		7.8757217e-01		2.3038114e+00		1.3641063e+00		1.3640498e+00		5.6497455e-05
2.0100000e+02		2.0200000e+02		2.0150000e+02		7.5701275e+00		8.5716583e-01		2.4930751e+00		1.4846426e+00		1.4845640e+00		7.8670173e-05
2.0200000e+02		2.0300000e+02		2.0250000e+02		7.4828608e+00		8.6160064e-01		2.4921161e+00		1.4923205e+00		1.4922197e+00		1.0080193e-04
2.0300000e+02		2.0400000e+02		2.0350000e+02		8.0092047e+00		9.4079331e-01		2.7062572e+00		1.6294804e+00		1.6293414e+00		1.3895796e-04
2.0400000e+02		2.0500000e+02		2.0450000e+02		8.6207445e+00		1.0353457e+00		2.9620924e+00		1.7932419e+00		1.7930505e+00		1.9139715e-04
2.0500000e+02		2.0600000e+02		2.0550000e+02		8.6400754e+00		1.0537516e+00		2.9989878e+00		1.8251138e+00		1.8248705e+00		2.4329547e-04
2.0600000e+02		2.0700000e+02		2.0650000e+02		8.6510225e+00		1.0767930e+00		3.0485816e+00		1.8650126e+00		1.8647052e+00		3.0738582e-04
2.0700000e+02		2.0800000e+02		2.0750000e+02		9.3957826e+00		1.1937983e+00		3.3625013e+00		2.0676547e+00		2.0672361e+00		4.1860180e-04
2.0800000e+02		2.0900000e+02		2.0850000e+02		1.0163489e+01		1.3121176e+00		3.6773857e+00		2.2725673e+00		2.2720039e+00		5.6343520e-04
2.0900000e+02		2.1000000e+02		2.0950000e+02		1.3129215e+01		1.7316235e+00		4.8289671e+00		2.9991206e+00		2.9982188e+00		9.0183520e-04
2.1000000e+02		2.1100000e+02		2.1050000e+02		1.6183343e+01		2.1676611e+00		6.0159444e+00		3.7542880e+00		3.7529212e+00		1.3667820e-03
2.1100000e+02		2.1200000e+02		2.1150000e+02		1.8424170e+01		2.5165701e+00		6.9508756e+00		4.3585330e+00		4.3566279e+00		1.9051135e-03
2.1200000e+02		2.1300000e+02		2.1250000e+02		1.6428561e+01		2.2850023e+00		6.2817393e+00		3.9574208e+00		3.9553531e+00		2.0676695e-03
2.1300000e+02		2.1400000e+02		2.1350000e+02		1.6737981e+01		2.3670850e+00		6.4776032e+00		4.0995178e+00		4.0969683e+00		2.5494440e-03
2.1400000e+02		2.1500000e+02		2.1450000e+02		2.1432541e+01		3.0889275e+00		8.4145663e+00		5.3495717e+00		5.3456378e+00		3.9339325e-03
2.1500000e+02		2.1600000e+02		2.1550000e+02		1.8408135e+01		2.6955146e+00		7.3104453e+00		4.6681431e+00		4.6640955e+00		4.0475257e-03
2.1600000e+02		2.1700000e+02		2.1650000e+02		1.7036901e+01		2.5402219e+00		6.8591030e+00		4.3991029e+00		4.3946332e+00		4.4697018e-03
2.1700000e+02		2.1800000e+02		2.1750000e+02		1.7640866e+01		2.6736865e+00		7.1885804e+00		4.6301123e+00		4.6246186e+00		5.4936962e-03
2.1800000e+02		2.1900000e+02		2.1850000e+02		2.3730294e+01		3.6575261e+00		9.7922832e+00		6.3336717e+00		6.3249371e+00		8.7346828e-03
2.1900000e+02		2.2000000e+02		2.1950000e+02		2.5052511e+01		3.9267591e+00		1.0469451e+01		6.7996699e+00		6.7888173e+00		1.0852637e-02
2.2000000e+02		2.2100000e+02		2.2050000e+02		2.5203754e+01		4.0128962e+00		1.0655600e+01		6.9485643e+00		6.9357733e+00		1.2790965e-02
2.2100000e+02		2.2200000e+02		2.2150000e+02		2.0176768e+01		3.2665275e+00		8.6388685e+00		5.6559453e+00		5.6439928e+00		1.1952571e-02
2.2200000e+02		2.2300000e+02		2.2250000e+02		2.7154039e+01		4.4654518e+00		1.1763096e+01		7.7315014e+00		7.7128051e+00		1.8696271e-02
2.2300000e+02		2.2400000e+02		2.2350000e+02		3.5163062e+01		5.8765397e+00		1.5420069e+01		1.0174134e+01		1.0146095e+01		2.8038914e-02
2.2400000e+02		2.2500000e+02		2.2450000e+02		3.2875934e+01		5.5788158e+00		1.4583027e+01		9.6581213e+00		9.6278819e+00		3.0239372e-02
2.2500000e+02		2.2600000e+02		2.2550000e+02		2.8720078e+01		4.9499134e+00		1.2890422e+01		8.5688106e+00		8.5384430e+00		3.0367587e-02
2.2600000e+02		2.2700000e+02		2.2650000e+02		2.1037217e+01		3.6812797e+00		9.5512321e+00		6.3722277e+00		6.3467481e+00		2.5479638e-02
2.2700000e+02		2.2800000e+02		2.2750000e+02		2.0463841e+01		3.6353421e+00		9.3976998e+00		6.2922266e+00		6.2639317e+00		2.8294878e-02
2.2800000e+02		2.2900000e+02		2.2850000e+02		2.8509984e+01		5.1413663e+00		1.3243233e+01		8.8981788e+00		8.8533224e+00		4.4856373e-02
2.2900000e+02		2.3000000e+02		2.2950000e+02		2.5620938e+01		4.6891017e+00		1.2035628e+01		8.1146998e+00		8.0689777e+00		4.5722100e-02
2.3000000e+02		2.3100000e+02		2.3050000e+02		2.9055844e+01		5.3956030e+00		1.3800869e+01		9.3364023e+00		9.2777736e+00		5.8628701e-02
2.3100000e+02		2.3200000e+02		2.3150000e+02		2.7387429e+01		5.1596926e+00		1.3152236e+01		8.9272266e+00		8.8649280e+00		6.2298599e-02
2.3200000e+02		2.3300000e+02		2.3250000e+02		2.9413108e+01		5.6209390e+00		1.4279592e+01		9.7241350e+00		9.6489293e+00		7.5205639e-02
2.3300000e+02		2.3400000e+02		2.3350000e+02		2.6543685e+01		5.1447045e+00		1.3026258e+01		8.8991388e+00		8.8230668e+00		7.6072027e-02
2.3400000e+02		2.3500000e+02		2.3450000e+02		2.3194371e+01		4.5587293e+00		1.1504718e+01		7.8844733e+00		7.8101704e+00		7.4302894e-02
2.3500000e+02		2.3600000e+02		2.3550000e+02		3.1223226e+01		6.2220796e+00		1.5651671e+01		1.0759734e+01		1.0648227e+01		1.1150681e-01
2.3600000e+02		2.3700000e+02		2.3650000e+02		2.8911473e+01		5.8406908e+00		1.4645414e+01		1.0098639e+01		9.9838315e+00		1.1480767e-01
2.3700000e+02		2.3800000e+02		2.3750000e+02		3.0878004e+01		6.3228958e+00		1.5804641e+01		1.0930569e+01		1.0794571e+01		1.3599853e-01
2.3800000e+02		2.3900000e+02		2.3850000e+02		2.5598090e+01		5.3123255e+00		1.3237403e+01		9.1819489e+00		9.0572061e+00		1.2474281e-01
2.3900000e+02		2.4000000e+02		2.3950000e+02		2.7890834e+01		5.8652598e+00		1.4570439e+01		1.0135754e+01		9.9857299e+00		1.5002422e-01
2.4000000e+02		2.4100000e+02		2.4050000e+02		2.5623038e+01		5.4593932e+00		1.3521172e+01		9.4325009e+00		9.2807187e+00		1.5178218e-01
2.4100000e+02		2.4200000e+02		2.4150000e+02		3.0005079e+01		6.4764395e+00		1.5992178e+01		1.1187355e+01		1.0992055e+01		1.9529979e-01
2.4200000e+02		2.4300000e+02		2.4250000e+02		4.1301739e+01		9.0297868e+00		2.2231384e+01		1.5594521e+01		1.5299776e+01		2.9474457e-01
2.4300000e+02		2.4400000e+02		2.4350000e+02		3.8791639e+01		8.5892274e+00		2.1085149e+01		1.4830194e+01		1.4527317e+01		3.0287644e-01
2.4400000e+02		2.4500000e+02		2.4450000e+02		3.6329084e+01		8.1454456e+00		1.9938225e+01		1.4060487e+01		1.3750791e+01		3.0969604e-01
2.4500000e+02		2.4600000e+02		2.4550000e+02		2.9476122e+01		6.6913669e+00		1.6332423e+01		1.1547494e+01		1.1273693e+01		2.7380084e-01
2.4600000e+02		2.4700000e+02		2.4650000e+02		2.8685918e+01		6.5924495e+00		1.6045791e+01		1.1373695e+01		1.1083911e+01		2.8978400e-01
2.4700000e+02		2.4800000e+02		2.4750000e+02		3.1678139e+01		7.3690340e+00		1.7886185e+01		1.2709885e+01		1.2362523e+01		3.4736198e-01
2.4800000e+02		2.4900000e+02		2.4850000e+02		2.5406301e+01		5.9814630e+00		1.4478422e+01		1.0313573e+01		1.0011730e+01		3.0184261e-01
2.4900000e+02		2.5000000e+02		2.4950000e+02		3.0967514e+01		7.3778416e+00		1.7809975e+01		1.2717332e+01		1.2319425e+01		3.9790790e-01
2.5000000e+02		2.5100000e+02		2.5050000e+02		3.3448743e+01		8.0630240e+00		1.9411780e+01		1.3893892e+01		1.3429876e+01		4.6401565e-01
2.5100000e+02		2.5200000e+02		2.5150000e+02		2.7888154e+01		6.8011006e+00		1.6330247e+01		1.1715442e+01		1.1298464e+01		4.1697778e-01
2.5200000e+02		2.5300000e+02		2.5250000e+02		2.5069906e+01		6.1845172e+00		1.4810777e+01		1.0649595e+01		1.0246253e+01		4.0334132e-01
2.5300000e+02		2.5400000e+02		2.5350000e+02		3.1592540e+01		7.8825837e+00		1.8828315e+01		1.3568689e+01		1.3022643e+01		5.4604538e-01
2.5400000e+02		2.5500000e+02		2.5450000e+02		3.5730773e+01		9.0157011e+00		2.1479549e+01		1.5513331e+01		1.4850918e+01		6.6241310e-01
2.5500000e+02		2.5600000e+02		2.5550000e+02		4.8755658e+01		1.2439400e+01		2.9561029e+01		2.1396143e+01		2.0428109e+01		9.6803442e-01
2.5600000e+02		2.5700000e+02		2.5650000e+02		6.2803876e+01		1.6201073e+01		3.8403365e+01		2.7855096e+01		2.6521583e+01		1.3335130e+00
2.5700000e+02		2.5800000e+02		2.5750000e+02		7.8843355e+01		2.0560213e+01		4.8614984e+01		3.5335200e+01		3.3547562e+01		1.7876376e+00
2.5800000e+02		2.5900000e+02		2.5850000e+02		8.2991293e+01		2.1875751e+01		5.1598029e+01		3.7579966e+01		3.5573427e+01		2.0065385e+00
2.5900000e+02		2.6000000e+02		2.5950000e+02		7.0629481e+01		1.8815706e+01		4.4272003e+01		3.2308868e+01		3.0490427e+01		1.8184413e+00
2.6000000e+02		2.6100000e+02		2.6050000e+02		5.7868388e+01		1.5578745e+01		3.6567055e+01		2.6738434e+01		2.5153997e+01		1.5844370e+00
2.6100000e+02		2.6200000e+02		2.6150000e+02		5.9092703e+01		1.6074044e+01		3.7639330e+01		2.7575626e+01		2.5857246e+01		1.7183805e+00
2.6200000e+02		2.6300000e+02		2.6250000e+02		7.0528613e+01		1.9382743e+01		4.5279441e+01		3.3235852e+01		3.1060363e+01		2.1754895e+00
2.6300000e+02		2.6400000e+02		2.6350000e+02		1.0614195e+02		2.9467769e+01		6.8677109e+01		5.0503891e+01		4.7035332e+01		3.4685592e+00
2.6400000e+02		2.6500000e+02		2.6450000e+02		1.6548208e+02		4.6403663e+01		1.0789618e+02		7.9489634e+01		7.3767622e+01		5.7220117e+00
2.6500000e+02		2.6600000e+02		2.6550000e+02		1.7356948e+02		4.9156116e+01		1.1403278e+02		8.4161081e+01		7.7817957e+01		6.3431242e+00
2.6600000e+02		2.6700000e+02		2.6650000e+02		1.6826276e+02		4.8121837e+01		1.1137872e+02		8.2346725e+01		7.5855148e+01		6.4915765e+00
2.6700000e+02		2.6800000e+02		2.6750000e+02		1.6940220e+02		4.8919020e+01		1.1296784e+02		8.3665671e+01		7.6773907e+01		6.8917642e+00
2.6800000e+02		2.6900000e+02		2.6850000e+02		1.6778062e+02		4.8916072e+01		1.1270806e+02		8.3614504e+01		7.6424548e+01		7.1899560e+00
2.6900000e+02		2.7000000e+02		2.6950000e+02		1.5737310e+02		4.6318469e+01		1.0648604e+02		7.9129787e+01		7.2033467e+01		7.0963198e+00
2.7000000e+02		2.7100000e+02		2.7050000e+02		1.8181465e+02		5.4013416e+01		1.2390375e+02		9.2222827e+01		8.3605169e+01		8.6176578e+00
2.7100000e+02		2.7200000e+02		2.7150000e+02		1.5108640e+02		4.5300850e+01		1.0369126e+02		7.7301799e+01		6.9781965e+01		7.5198338e+00
2.7200000e+02		2.7300000e+02		2.7250000e+02		1.2154404e+02		3.6776741e+01		8.3998356e+01		6.2718909e+01		5.6372779e+01		6.3461297e+00
2.7300000e+02		2.7400000e+02		2.7350000e+02		1.2960124e+02		3.9568898e+01		9.0182436e+01		6.7439890e+01		6.0348122e+01		7.0917678e+00
2.7400000e+02		2.7500000e+02		2.7450000e+02		8.9183780e+01		2.7474550e+01		6.2485134e+01		4.6797987e+01		4.1688010e+01		5.1099776e+00
2.7500000e+02		2.7600000e+02		2.7550000e+02		1.1893609e+02		3.6963002e+01		8.3888187e+01		6.2920647e+01		5.5791986e+01		7.1286613e+00
2.7600000e+02		2.7700000e+02		2.7650000e+02		1.6564211e+02		5.1929716e+01		1.1761013e+02		8.8342052e+01		7.7965442e+01		1.0376610e+01
2.7700000e+02		2.7800000e+02		2.7750000e+02		1.5837296e+02		5.0078839e+01		1.1318447e+02		8.5138785e+01		7.4778660e+01		1.0360125e+01
2.7800000e+02		2.7900000e+02		2.7850000e+02		1.0921797e+02		3.4831001e+01		7.8561580e+01		5.9177586e+01		5.1723116e+01		7.4544696e+00
2.7900000e+02		2.8000000e+02		2.7950000e+02		6.1368404e+01		1.9735934e+01		4.4424443e+01		3.3509152e+01		2.9142627e+01		4.3665247e+00
2.8000000e+02		2.8100000e+02		2.8050000e+02		6.7313201e+01		2.1828438e+01		4.9035972e+01		3.7037320e+01		3.2048306e+01		4.9890142e+00
2.8100000e+02		2.8200000e+02		2.8150000e+02		1.3943196e+02		4.5585348e+01		1.0220066e+02		7.7294726e+01		6.6539027e+01		1.0755699e+01
2.8200000e+02		2.8300000e+02		2.8250000e+02		1.8983287e+02		6.2574734e+01		1.4001363e+02		1.0602998e+02		9.0799377e+01		1.5230601e+01
2.8300000e+02		2.8400000e+02		2.8350000e+02		1.9610227e+02		6.5157229e+01		1.4550771e+02		1.1033005e+02		9.3979863e+01		1.6350186e+01
2.8400000e+02		2.8500000e+02		2.8450000e+02		1.4459284e+02		4.8425697e+01		1.0793404e+02		8.1941908e+01		6.9422441e+01		1.2519467e+01
2.8500000e+02		2.8600000e+02		2.8550000e+02		9.2944992e+01		3.1371656e+01		6.9789061e+01		5.3047355e+01		4.4696450e+01		8.3509046e+00
2.8600000e+02		2.8700000e+02		2.8650000e+02		1.9045522e+02		6.4785381e+01		1.4384718e+02		1.0947049e+02		9.1725180e+01		1.7745308e+01
2.8700000e+02		2.8800000e+02		2.8750000e+02		2.2108403e+02		7.5779335e+01		1.6794134e+02		1.2795638e+02		1.0661038e+02		2.1345997e+01
2.8800000e+02		2.8900000e+02		2.8850000e+02		2.1010240e+02		7.2561753e+01		1.6051085e+02		1.2243564e+02		1.0142808e+02		2.1007562e+01
2.8900000e+02		2.9000000e+02		2.8950000e+02		3.1885068e+02		1.1094813e+02		2.4497045e+02		1.8707121e+02		1.5407682e+02		3.2994395e+01
2.9000000e+02		2.9100000e+02		2.9050000e+02		4.1860542e+02		1.4672823e+02		3.2337972e+02		2.4722088e+02		2.0242286e+02		4.4798019e+01
2.9100000e+02		2.9200000e+02		2.9150000e+02		4.0318642e+02		1.4236796e+02		3.1320090e+02		2.3969935e+02		1.9509990e+02		4.4599452e+01
2.9200000e+02		2.9300000e+02		2.9250000e+02		3.5818014e+02		1.2737643e+02		2.7971799e+02		2.1430106e+02		1.7337745e+02		4.0923612e+01
2.9300000e+02		2.9400000e+02		2.9350000e+02		3.7393440e+02		1.3393854e+02		2.9360485e+02		2.2517517e+02		1.8106781e+02		4.4107359e+01
2.9400000e+02		2.9500000e+02		2.9450000e+02		3.4819581e+02		1.2559291e+02		2.7482582e+02		2.1098801e+02		1.6861494e+02		4.2373072e+01
2.9500000e+02		2.9600000e+02		2.9550000e+02		3.7701055e+02		1.3694478e+02		2.9914297e+02		2.2988729e+02		1.8257644e+02		4.7310859e+01
2.9600000e+02		2.9700000e+02		2.9650000e+02		3.4493460e+02		1.2614132e+02		2.7506828e+02		2.1159317e+02		1.6698841e+02		4.4604753e+01
2.9700000e+02		2.9800000e+02		2.9750000e+02		3.5165811e+02		1.2948512e+02		2.8187612e+02		2.1703938e+02		1.7019853e+02		4.6840854e+01
2.9800000e+02		2.9900000e+02		2.9850000e+02		3.0223333e+02		1.1202174e+02		2.4344723e+02		1.8762627e+02		1.4618675e+02		4.1439523e+01
2.9900000e+02		3.0000000e+02		2.9950000e+02		3.4101318e+02		1.2724729e+02		2.7607076e+02		2.1296707e+02		1.6485548e+02		4.8111586e+01
3.0000000e+02		3.0100000e+02		3.0050000e+02		2.7131061e+02		1.0189252e+02		2.2069488e+02		1.7040297e+02		1.3104182e+02		3.9361156e+01
3.0100000e+02		3.0200000e+02		3.0150000e+02		3.1202593e+02		1.1795887e+02		2.5507254e+02		1.9712276e+02		1.5058890e+02		4.6533860e+01
3.0200000e+02		3.0300000e+02		3.0250000e+02		3.2846528e+02		1.2494941e+02		2.6974904e+02		2.0864589e+02		1.5832587e+02		5.0320021e+01
3.0300000e+02		3.0400000e+02		3.0350000e+02		4.2601061e+02		1.6310324e+02		3.5154857e+02		2.7215009e+02		2.0512645e+02		6.7023635e+01
3.0400000e+02		3.0500000e+02		3.0450000e+02		4.0776836e+02		1.5707042e+02		3.3800536e+02		2.6188397e+02		1.9604526e+02		6.5838715e+01
3.0500000e+02		3.0600000e+02		3.0550000e+02		4.1174793e+02		1.5960193e+02		3.4290850e+02		2.6590240e+02		1.9769244e+02		6.8209956e+01
3.0600000e+02		3.0700000e+02		3.0650000e+02		3.9053943e+02		1.5228070e+02		3.2666687e+02		2.5351119e+02		1.8717575e+02		6.6335440e+01
3.0700000e+02		3.0800000e+02		3.0750000e+02		4.3847484e+02		1.7201769e+02		3.6843268e+02		2.8615060e+02		2.0980609e+02		7.6344507e+01
3.0800000e+02		3.0900000e+02		3.0850000e+02		4.3035211e+02		1.6981997e+02		3.6316744e+02		2.8227910e+02		2.0551425e+02		7.6764849e+01
3.0900000e+02		3.1000000e+02		3.0950000e+02		3.4901328e+02		1.3853780e+02		2.9581837e+02		2.3010571e+02		1.6634627e+02		6.3759435e+01
3.1000000e+02		3.1100000e+02		3.1050000e+02		4.3927411e+02		1.7536868e+02		3.7389965e+02		2.9105836e+02		2.0891124e+02		8.2147124e+01
3.1100000e+02		3.1200000e+02		3.1150000e+02		5.2246540e+02		2.0977803e+02		4.4659646e+02		3.4790250e+02		2.4792260e+02		9.9979896e+01
3.1200000e+02		3.1300000e+02		3.1250000e+02		4.6521908e+02		1.8784682e+02		3.9931738e+02		3.1129430e+02		2.2023381e+02		9.1060489e+01
3.1300000e+02		3.1400000e+02		3.1350000e+02		4.9544367e+02		2.0116234e+02		4.2699895e+02		3.3310729e+02		2.3395346e+02		9.9153828e+01
3.1400000e+02		3.1500000e+02		3.1450000e+02		4.6729179e+02		1.9078031e+02		4.0437622e+02		3.1567622e+02		2.2009039e+02		9.5585838e+01
3.1500000e+02		3.1600000e+02		3.1550000e+02		4.5343123e+02		1.8612379e+02		3.9394239e+02		3.0773826e+02		2.1297695e+02		9.4761315e+01
3.1600000e+02		3.1700000e+02		3.1650000e+02		4.4229406e+02		1.8252850e+02		3.8578595e+02		3.0156602e+02		2.0716069e+02		9.4405329e+01
3.1700000e+02		3.1800000e+02		3.1750000e+02		5.6102832e+02		2.3275365e+02		4.9125124e+02		3.8425631e+02		2.6199915e+02		1.2225717e+02
3.1800000e+02		3.1900000e+02		3.1850000e+02		4.6340678e+02		1.9326007e+02		4.0733053e+02		3.1881615e+02		2.1575209e+02		1.0306406e+02
3.1900000e+02		3.2000000e+02		3.1950000e+02		4.9774832e+02		2.0865482e+02		4.3917462e+02		3.4395463e+02		2.3101142e+02		1.1294320e+02
3.2000000e+02		3.2100000e+02		3.2050000e+02		5.7184857e+02		2.4094117e+02		5.0644237e+02		3.9688004e+02		2.6454012e+02		1.3233992e+02
3.2100000e+02		3.2200000e+02		3.2150000e+02		4.8024660e+02		2.0336550e+02		4.2688679e+02		3.3473573e+02		2.2142009e+02		1.1331564e+02
3.2200000e+02		3.2300000e+02		3.2250000e+02		4.8228681e+02		2.0524566e+02		4.3026100e+02		3.3757975e+02		2.2159358e+02		1.1598617e+02
3.2300000e+02		3.2400000e+02		3.2350000e+02		4.6607071e+02		1.9932011e+02		4.1728977e+02		3.2759125e+02		2.1338447e+02		1.1420678e+02
3.2400000e+02		3.2500000e+02		3.2450000e+02		5.4882129e+02		2.3584791e+02		4.9312087e+02		3.8734072e+02		2.5035553e+02		1.3698519e+02
3.2500000e+02		3.2600000e+02		3.2550000e+02		6.3196128e+02		2.7287777e+02		5.6981021e+02		4.4782722e+02		2.8720542e+02		1.6062179e+02
3.2600000e+02		3.2700000e+02		3.2650000e+02		7.1301257e+02		3.0933281e+02		6.4511142e+02		5.0728360e+02		3.2280188e+02		1.8448172e+02
3.2700000e+02		3.2800000e+02		3.2750000e+02		6.8984049e+02		3.0067868e+02		6.2627339e+02		4.9273262e+02		3.1108917e+02		1.8164345e+02
3.2800000e+02		3.2900000e+02		3.2850000e+02		6.6596082e+02		2.9161050e+02		6.0662868e+02		4.7752609e+02		2.9911956e+02		1.7840653e+02
3.2900000e+02		3.3000000e+02		3.2950000e+02		7.7527139e+02		3.4102314e+02		7.0854574e+02		5.5803891e+02		3.4679469e+02		2.1124422e+02
3.3000000e+02		3.3100000e+02		3.3050000e+02		7.3029799e+02		3.2268704e+02		6.6963109e+02		5.2765534e+02		3.2531575e+02		2.0233959e+02
3.3100000e+02		3.3200000e+02		3.3150000e+02		6.9881652e+02		3.1015010e+02		6.4283831e+02		5.0679280e+02		3.0996946e+02		1.9682334e+02
3.3200000e+02		3.3300000e+02		3.3250000e+02		6.8562051e+02		3.0563001e+02		6.3271371e+02		4.9905197e+02		3.0279956e+02		1.9625240e+02
3.3300000e+02		3.3400000e+02		3.3350000e+02		6.5878216e+02		2.9494033e+02		6.0986324e+02		4.8125672e+02		2.8966430e+02		1.9159243e+02
3.3400000e+02		3.3500000e+02		3.3450000e+02		6.9405546e+02		3.1206385e+02		6.4451700e+02		5.0883925e+02		3.0380539e+02		2.0503386e+02
3.3500000e+02		3.3600000e+02		3.3550000e+02		6.8541663e+02		3.0948390e+02		6.3845034e+02		5.0427958e+02		2.9865609e+02		2.0562349e+02
3.3600000e+02		3.3700000e+02		3.3650000e+02		5.6469084e+02		2.5603879e+02		5.2759230e+02		4.1690486e+02		2.4491243e+02		1.7199243e+02
3.3700000e+02		3.3800000e+02		3.3750000e+02		5.9573781e+02		2.7123115e+02		5.5826615e+02		4.4133701e+02		2.5716223e+02		1.8417478e+02
3.3800000e+02		3.3900000e+02		3.3850000e+02		6.4448401e+02		2.9462120e+02		6.0573149e+02		4.7906686e+02		2.7687605e+02		2.0219081e+02
3.3900000e+02		3.4000000e+02		3.3950000e+02		6.7448220e+02		3.0957663e+02		6.3577593e+02		5.0304107e+02		2.8835994e+02		2.1468113e+02
3.4000000e+02		3.4100000e+02		3.4050000e+02		7.1196374e+02		3.2808013e+02		6.7304001e+02		5.3274594e+02		3.0288931e+02		2.2985663e+02
3.4100000e+02		3.4200000e+02		3.4150000e+02		6.4984945e+02		3.0063398e+02		6.1606891e+02		4.8784860e+02		2.7508798e+02		2.1276062e+02
3.4200000e+02		3.4300000e+02		3.4250000e+02		7.0477558e+02		3.2730948e+02		6.7001614e+02		5.3077958e+02		2.9683443e+02		2.3394515e+02
3.4300000e+02		3.4400000e+02		3.4350000e+02		6.9264465e+02		3.2290893e+02		6.6030918e+02		5.2329452e+02		2.9023571e+02		2.3305881e+02
3.4400000e+02		3.4500000e+02		3.4450000e+02		5.5710877e+02		2.6070604e+02		5.3255450e+02		4.2221108e+02		2.3223638e+02		1.8997471e+02
3.4500000e+02		3.4600000e+02		3.4550000e+02		6.7138909e+02		3.1536020e+02		6.4353261e+02		5.1038713e+02		2.7841202e+02		2.3197511e+02
3.4600000e+02		3.4700000e+02		3.4650000e+02		6.5194093e+02		3.0735661e+02		6.2655896e+02		4.9710900e+02		2.6891778e+02		2.2819122e+02
3.4700000e+02		3.4800000e+02		3.4750000e+02		6.4525828e+02		3.0531635e+02		6.2177048e+02		4.9348881e+02		2.6473849e+02		2.2875032e+02
3.4800000e+02		3.4900000e+02		3.4850000e+02		6.6761091e+02		3.1703180e+02		6.4498320e+02		5.1209460e+02		2.7242969e+02		2.3966491e+02
3.4900000e+02		3.5000000e+02		3.4950000e+02		6.3989005e+02		3.0495000e+02		6.1979005e+02		4.9226403e+02		2.5969263e+02		2.3257140e+02
3.5000000e+02		3.5100000e+02		3.5050000e+02		7.6650484e+02		3.6657537e+02		7.4431098e+02		5.9136664e+02		3.0936327e+02		2.8200338e+02
3.5100000e+02		3.5200000e+02		3.5150000e+02		7.1211510e+02		3.4174735e+02		6.9322821e+02		5.5096595e+02		2.8581201e+02		2.6515394e+02
3.5200000e+02		3.5300000e+02		3.5250000e+02		6.5785102e+02		3.1678952e+02		6.4198739e+02		5.1040917e+02		2.6254975e+02		2.4785941e+02
3.5300000e+02		3.5400000e+02		3.5350000e+02		7.5263834e+02		3.6366358e+02		7.3628301e+02		5.8556827e+02		2.9867717e+02		2.8689110e+02
3.5400000e+02		3.5500000e+02		3.5450000e+02		8.0329241e+02		3.8943909e+02		7.8773184e+02		6.2668507e+02		3.1695627e+02		3.0972879e+02
3.5500000e+02		3.5600000e+02		3.5550000e+02		7.5433512e+02		3.6691464e+02		7.4148495e+02		5.9007735e+02		2.9592311e+02		2.9415424e+02
3.5600000e+02		3.5700000e+02		3.5650000e+02		6.5576441e+02		3.2001182e+02		6.4610972e+02		5.1433497e+02		2.5575880e+02		2.5857617e+02
3.5700000e+02		3.5800000e+02		3.5750000e+02		5.7307986e+02		2.8056511e+02		5.6595425e+02		4.5066293e+02		2.2220092e+02		2.2846201e+02
3.5800000e+02		3.5900000e+02		3.5850000e+02		4.9194729e+02		2.4161312e+02		4.8694510e+02		3.8786346e+02		1.8961711e+02		1.9824635e+02
3.5900000e+02		3.6000000e+02		3.5950000e+02		7.1030971e+02		3.4995841e+02		7.0468027e+02		5.6145765e+02		2.7215459e+02		2.8930305e+02
3.6000000e+02		3.6100000e+02		3.6050000e+02		7.0092701e+02		3.4641106e+02		6.9692807e+02		5.5543926e+02		2.6695057e+02		2.8848870e+02
3.6100000e+02		3.6200000e+02		3.6150000e+02		6.5110481e+02		3.2277798e+02		6.4882100e+02		5.1724346e+02		2.4647945e+02		2.7076401e+02
3.6200000e+02		3.6300000e+02		3.6250000e+02		7.3500056e+02		3.6547582e+02		7.3402131e+02		5.8532635e+02		2.7654846e+02		3.0877789e+02
3.6300000e+02		3.6400000e+02		3.6350000e+02		7.1558904e+02		3.5689199e+02		7.1617645e+02		5.7125049e+02		2.6759838e+02		3.0365211e+02
3.6400000e+02		3.6500000e+02		3.6450000e+02		7.4837927e+02		3.7435306e+02		7.5058863e+02		5.9885761e+02		2.7813821e+02		3.2071940e+02
3.6500000e+02		3.6600000e+02		3.6550000e+02		8.5179486e+02		4.2733237e+02		8.5610655e+02		6.8322287e+02		3.1461277e+02		3.6861010e+02
3.6600000e+02		3.6700000e+02		3.6650000e+02		9.1042532e+02		4.5806909e+02		9.1693493e+02		7.3195444e+02		3.3417329e+02		3.9778115e+02
3.6700000e+02		3.6800000e+02		3.6750000e+02		8.7909512e+02		4.4357128e+02		8.8719778e+02		7.0839414e+02		3.2065162e+02		3.8774252e+02
3.6800000e+02		3.6900000e+02		3.6850000e+02		8.1047729e+02		4.1010441e+02		8.1960561e+02		6.5458565e+02		2.9376025e+02		3.6082540e+02
3.6900000e+02		3.7000000e+02		3.6950000e+02		8.9967825e+02		4.5651203e+02		9.1163312e+02		7.2826057e+02		3.2402525e+02		4.0423532e+02
3.7000000e+02		3.7100000e+02		3.7050000e+02		8.4427990e+02		4.2958435e+02		8.5719095e+02		6.8493216e+02		3.0213621e+02		3.8279595e+02
3.7100000e+02		3.7200000e+02		3.7150000e+02		8.7164560e+02		4.4471802e+02		8.8670453e+02		7.0868032e+02		3.0993211e+02		3.9874821e+02
3.7200000e+02		3.7300000e+02		3.7250000e+02		7.2411383e+02		3.7044208e+02		7.3804593e+02		5.9000339e+02		2.5581717e+02		3.3418623e+02
3.7300000e+02		3.7400000e+02		3.7350000e+02		6.3155746e+02		3.2395236e+02		6.4493632e+02		5.1568664e+02		2.2167576e+02		2.9401088e+02
3.7400000e+02		3.7500000e+02		3.7450000e+02		6.4642322e+02		3.3244999e+02		6.6136062e+02		5.2893656e+02		2.2541945e+02		3.0351711e+02
3.7500000e+02		3.7600000e+02		3.7550000e+02		7.4036161e+02		3.8175158e+02		7.5887951e+02		6.0706139e+02		2.5649235e+02		3.5056904e+02
3.7600000e+02		3.7700000e+02		3.7650000e+02		7.6758018e+02		3.9680302e+02		7.8822564e+02		6.3067153e+02		2.6417864e+02		3.6649289e+02
3.7700000e+02		3.7800000e+02		3.7750000e+02		9.0048278e+02		4.6668917e+02		9.2638281e+02		7.4136901e+02		3.0787925e+02		4.3348977e+02
3.7800000e+02		3.7900000e+02		3.7850000e+02		9.3786543e+02		4.8728262e+02		9.6657243e+02		7.7369188e+02		3.1854040e+02		4.5515148e+02
3.7900000e+02		3.8000000e+02		3.7950000e+02		7.6051322e+02		3.9611605e+02		7.8518162e+02		6.2862537e+02		2.5658900e+02		3.7203637e+02
3.8000000e+02		3.8100000e+02		3.8050000e+02		8.2814537e+02		4.3239918e+02		8.5650561e+02		6.8586497e+02		2.7754518e+02		4.0831979e+02
3.8100000e+02		3.8200000e+02		3.8150000e+02		7.4366886e+02		3.8923152e+02		7.7046769e+02		6.1708924e+02		2.4756624e+02		3.6952300e+02
3.8200000e+02		3.8300000e+02		3.8250000e+02		5.3336093e+02		2.7982556e+02		5.5352632e+02		4.4342023e+02		1.7636277e+02		2.6705746e+02
3.8300000e+02		3.8400000e+02		3.8350000e+02		4.7073026e+02		2.4755055e+02		4.8935338e+02		3.9208666e+02		1.5460416e+02		2.3748251e+02
3.8400000e+02		3.8500000e+02		3.8450000e+02		6.2969557e+02		3.3192200e+02		6.5570098e+02		5.2546787e+02		2.0541531e+02		3.2005255e+02
3.8500000e+02		3.8600000e+02		3.8550000e+02		6.6694888e+02		3.5237065e+02		6.9563892e+02		5.5757549e+02		2.1609160e+02		3.4148389e+02
3.8600000e+02		3.8700000e+02		3.8650000e+02		6.6977732e+02		3.5467263e+02		6.9972824e+02		5.6095412e+02		2.1553075e+02		3.4542337e+02
3.8700000e+02		3.8800000e+02		3.8750000e+02		6.6902499e+02		3.5507336e+02		7.0006856e+02		5.6132623e+02		2.1381846e+02		3.4750777e+02
3.8800000e+02		3.8900000e+02		3.8850000e+02		6.7841027e+02		3.6085711e+02		7.1101976e+02		5.7020622e+02		2.1533278e+02		3.5487345e+02
3.8900000e+02		3.9000000e+02		3.8950000e+02		8.1451188e+02		4.3420631e+02		8.5500678e+02		6.8579465e+02		2.5675631e+02		4.2903834e+02
3.9000000e+02		3.9100000e+02		3.9050000e+02		8.5560997e+02		4.5710853e+02		8.9954491e+02		7.2163967e+02		2.6785324e+02		4.5378643e+02
3.9100000e+02		3.9200000e+02		3.9150000e+02		9.2006232e+02		4.9260016e+02		9.6879347e+02		7.7732127e+02		2.8604034e+02		4.9128093e+02
3.9200000e+02		3.9300000e+02		3.9250000e+02		7.0614281e+02		3.7887228e+02		7.4467304e+02		5.9759310e+02		2.1801351e+02		3.7957960e+02
3.9300000e+02		3.9400000e+02		3.9350000e+02		4.3291589e+02		2.3276417e+02		4.5722296e+02		3.6697579e+02		1.3272945e+02		2.3424633e+02
3.9400000e+02		3.9500000e+02		3.9450000e+02		7.1565803e+02		3.8558483e+02		7.5696164e+02		6.0764724e+02		2.1788864e+02		3.8975860e+02
3.9500000e+02		3.9600000e+02		3.9550000e+02		8.7888136e+02		4.7449978e+02		9.3096828e+02		7.4744579e+02		2.6571563e+02		4.8173016e+02
3.9600000e+02		3.9700000e+02		3.9650000e+02		6.0712893e+02		3.2844889e+02		6.4404240e+02		5.1716048e+02		1.8227134e+02		3.3488914e+02
3.9700000e+02		3.9800000e+02		3.9750000e+02		6.8053003e+02		3.6889702e+02		7.2294029e+02		5.8060165e+02		2.0287493e+02		3.7772672e+02
3.9800000e+02		3.9900000e+02		3.9850000e+02		1.0480559e+03		5.6925031e+02		1.1149464e+03		8.9555801e+02		3.1024329e+02		5.8531472e+02
3.9900000e+02		4.0000000e+02		3.9950000e+02		1.1577145e+03		6.3004477e+02		1.2333271e+03		9.9078836e+02		3.4029043e+02		6.5049793e+02
4.0000000e+02		4.0100000e+02		4.0050000e+02		1.1939713e+03		6.5103627e+02		1.2737112e+03		1.0233765e+03		3.4847059e+02		6.7490587e+02
4.0100000e+02		4.0200000e+02		4.0150000e+02		1.2509583e+03		6.8341714e+02		1.3363285e+03		1.0738375e+03		3.6252079e+02		7.1131667e+02
4.0200000e+02		4.0300000e+02		4.0250000e+02		1.2664199e+03		6.9317517e+02		1.3546735e+03		1.0887291e+03		3.6440114e+02		7.2432792e+02
4.0300000e+02		4.0400000e+02		4.0350000e+02		1.2115903e+03		6.6440659e+02		1.2977543e+03		1.0431254e+03		3.4614971e+02		6.9697574e+02
4.0400000e+02		4.0500000e+02		4.0450000e+02		1.1914959e+03		6.5459745e+02		1.2779161e+03		1.0273167e+03		3.3798808e+02		6.8932867e+02
4.0500000e+02		4.0600000e+02		4.0550000e+02		1.1904731e+03		6.5523309e+02		1.2784858e+03		1.0279097e+03		3.3529241e+02		6.9261732e+02
4.0600000e+02		4.0700000e+02		4.0650000e+02		1.1388815e+03		6.2797194e+02		1.2246583e+03		9.8475934e+02		3.1847315e+02		6.6628620e+02
4.0700000e+02		4.0800000e+02		4.0750000e+02		1.1575323e+03		6.3939816e+02		1.2463017e+03		1.0022904e+03		3.2137536e+02		6.8091509e+02
4.0800000e+02		4.0900000e+02		4.0850000e+02		1.2307397e+03		6.8103942e+02		1.3267944e+03		1.0671572e+03		3.3925483e+02		7.2790235e+02
4.0900000e+02		4.1000000e+02		4.0950000e+02		1.2243097e+03		6.7866653e+02		1.3215082e+03		1.0630363e+03		3.3506332e+02		7.2797298e+02
4.1000000e+02		4.1100000e+02		4.1050000e+02		1.1216634e+03		6.2284249e+02		1.2122051e+03		9.7522987e+02		3.0476808e+02		6.7046179e+02
4.1100000e+02		4.1200000e+02		4.1150000e+02		1.3003372e+03		7.2329215e+02		1.4070141e+03		1.1320906e+03		3.5077608e+02		7.8131450e+02
4.1200000e+02		4.1300000e+02		4.1250000e+02		1.2760342e+03		7.1097416e+02		1.3823809e+03		1.1124012e+03		3.4174270e+02		7.7065851e+02
4.1300000e+02		4.1400000e+02		4.1350000e+02		1.2308584e+03		6.8694995e+02		1.3350285e+03		1.0744210e+03		3.2726837e+02		7.4715259e+02
4.1400000e+02		4.1500000e+02		4.1450000e+02		1.2488872e+03		6.9816421e+02		1.3561785e+03		1.0915666e+03		3.2966617e+02		7.6190040e+02
4.1500000e+02		4.1600000e+02		4.1550000e+02		1.2477523e+03		6.9866997e+02		1.3565239e+03		1.0919670e+03		3.2698751e+02		7.6497945e+02
4.1600000e+02		4.1700000e+02		4.1650000e+02		1.2947363e+03		7.2615014e+02		1.4092244e+03		1.1345147e+03		3.3684666e+02		7.9766801e+02
4.1700000e+02		4.1800000e+02		4.1750000e+02		1.1781342e+03		6.6181018e+02		1.2837715e+03		1.0336295e+03		3.0429199e+02		7.2933748e+02
4.1800000e+02		4.1900000e+02		4.1850000e+02		1.2217101e+03		6.8737335e+02		1.3327533e+03		1.0731819e+03		3.1326046e+02		7.5992148e+02
4.1900000e+02		4.2000000e+02		4.1950000e+02		1.2338424e+03		6.9528432e+02		1.3474866e+03		1.0851600e+03		3.1407671e+02		7.7108328e+02
4.2000000e+02		4.2100000e+02		4.2050000e+02		1.2494927e+03		7.0519163e+02		1.3660803e+03		1.1002481e+03		3.1575158e+02		7.8449648e+02
4.2100000e+02		4.2200000e+02		4.2150000e+02		1.2299982e+03		6.9525024e+02		1.3462305e+03		1.0843717e+03		3.0856688e+02		7.7580477e+02
4.2200000e+02		4.2300000e+02		4.2250000e+02		1.1657134e+03		6.5990948e+02		1.2772442e+03		1.0289075e+03		2.9031337e+02		7.3859414e+02
4.2300000e+02		4.2400000e+02		4.2350000e+02		1.2419943e+03		7.0414294e+02		1.3622717e+03		1.0975117e+03		3.0705969e+02		7.9045203e+02
4.2400000e+02		4.2500000e+02		4.2450000e+02		1.2850442e+03		7.2962681e+02		1.4109742e+03		1.1368597e+03		3.1538925e+02		8.2147046e+02
4.2500000e+02		4.2600000e+02		4.2550000e+02		1.2367256e+03		7.0321882e+02		1.3593340e+03		1.0953571e+03		3.0131835e+02		7.9403872e+02
4.2600000e+02		4.2700000e+02		4.2650000e+02		1.2316584e+03		7.0135008e+02		1.3551580e+03		1.0920954e+03		2.9789543e+02		7.9419998e+02
4.2700000e+02		4.2800000e+02		4.2750000e+02		1.1420512e+03		6.5125444e+02		1.2578450e+03		1.0137673e+03		2.7420700e+02		7.3956030e+02
4.2800000e+02		4.2900000e+02		4.2850000e+02		1.1495483e+03		6.5645670e+02		1.2673770e+03		1.0215435e+03		2.7399190e+02		7.4755159e+02
4.2900000e+02		4.3000000e+02		4.2950000e+02		1.0698649e+03		6.1180754e+02		1.1807006e+03		9.5176583e+02		2.5313680e+02		6.9862903e+02
4.3000000e+02		4.3100000e+02		4.3050000e+02		8.6065012e+02		4.9284789e+02		9.5074699e+02		7.6646798e+02		2.0214697e+02		5.6432102e+02
4.3100000e+02		4.3200000e+02		4.3150000e+02		1.0641754e+03		6.1022965e+02		1.1767233e+03		9.4872765e+02		2.4812275e+02		7.0060491e+02
4.3200000e+02		4.3300000e+02		4.3250000e+02		1.1990384e+03		6.8849461e+02		1.3271268e+03		1.0700824e+03		2.7752228e+02		7.9256010e+02
4.3300000e+02		4.3400000e+02		4.3350000e+02		1.3017454e+03		7.4847012e+02		1.4421785e+03		1.1629495e+03		2.9908936e+02		8.6386009e+02
4.3400000e+02		4.3500000e+02		4.3450000e+02		1.1054356e+03		6.3643861e+02		1.2258449e+03		9.8858462e+02		2.5212584e+02		7.3645878e+02
4.3500000e+02		4.3600000e+02		4.3550000e+02		1.2347447e+03		7.1181751e+02		1.3705154e+03		1.1053459e+03		2.7955615e+02		8.2578977e+02
4.3600000e+02		4.3700000e+02		4.3650000e+02		1.3814970e+03		7.9745045e+02		1.5348184e+03		1.2379603e+03		3.1049088e+02		9.2746939e+02
4.3700000e+02		4.3800000e+02		4.3750000e+02		1.2223713e+03		7.0650152e+02		1.3592713e+03		1.0964549e+03		2.7271450e+02		8.2374040e+02
4.3800000e+02		4.3900000e+02		4.3850000e+02		1.1905029e+03		6.8895459e+02		1.3250282e+03		1.0689175e+03		2.6365803e+02		8.0525943e+02
4.3900000e+02		4.4000000e+02		4.3950000e+02		1.3250738e+03		7.6779356e+02		1.4761217e+03		1.1908996e+03		2.9131003e+02		8.9958954e+02
4.4000000e+02		4.4100000e+02		4.4050000e+02		1.2562739e+03		7.2883151e+02		1.4007147e+03		1.1301500e+03		2.7415993e+02		8.5599010e+02
4.4100000e+02		4.4200000e+02		4.4150000e+02		1.3817384e+03		8.0260388e+02		1.5419501e+03		1.2441985e+03		2.9932935e+02		9.4486919e+02
4.4200000e+02		4.4300000e+02		4.4250000e+02		1.4526378e+03		8.4481122e+02		1.6224708e+03		1.3092686e+03		3.1238078e+02		9.9688781e+02
4.4300000e+02		4.4400000e+02		4.4350000e+02		1.4050936e+03		8.1814233e+02		1.5707094e+03		1.2675927e+03		2.9994072e+02		9.6765198e+02
4.4400000e+02		4.4500000e+02		4.4450000e+02		1.4475318e+03		8.4385420e+02		1.6195179e+03		1.3070772e+03		3.0673359e+02		1.0003436e+03
4.4500000e+02		4.4600000e+02		4.4550000e+02		1.3420773e+03		7.8329802e+02		1.5027901e+03		1.2129556e+03		2.8230185e+02		9.3065380e+02
4.4600000e+02		4.4700000e+02		4.4650000e+02		1.3689269e+03		7.9989783e+02		1.5341235e+03		1.2383335e+03		2.8583763e+02		9.5249582e+02
4.4700000e+02		4.4800000e+02		4.4750000e+02		1.4837056e+03		8.6796335e+02		1.6641146e+03		1.3433550e+03		3.0753174e+02		1.0358232e+03
4.4800000e+02		4.4900000e+02		4.4850000e+02		1.4587166e+03		8.5431625e+02		1.6374125e+03		1.3218905e+03		3.0013478e+02		1.0217557e+03
4.4900000e+02		4.5000000e+02		4.4950000e+02		1.4737837e+03		8.6411262e+02		1.6556512e+03		1.3367053e+03		3.0101117e+02		1.0356941e+03
4.5000000e+02		4.5100000e+02		4.5050000e+02		1.5636828e+03		9.1784413e+02		1.7580370e+03		1.4194622e+03		3.1703068e+02		1.1024315e+03
4.5100000e+02		4.5200000e+02		4.5150000e+02		1.5589734e+03		9.1608875e+02		1.7541175e+03		1.4163908e+03		3.1375851e+02		1.1026322e+03
4.5200000e+02		4.5300000e+02		4.5250000e+02		1.4757889e+03		8.6815368e+02		1.6618094e+03		1.3419423e+03		2.9483953e+02		1.0471028e+03
4.5300000e+02		4.5400000e+02		4.5350000e+02		1.4141855e+03		8.3281260e+02		1.5936642e+03		1.2869962e+03		2.8046137e+02		1.0065348e+03
4.5400000e+02		4.5500000e+02		4.5450000e+02		1.5096596e+03		8.8998676e+02		1.7025482e+03		1.3750146e+03		2.9720187e+02		1.0778127e+03
4.5500000e+02		4.5600000e+02		4.5550000e+02		1.4952815e+03		8.8244210e+02		1.6876013e+03		1.3630280e+03		2.9221465e+02		1.0708134e+03
4.5600000e+02		4.5700000e+02		4.5650000e+02		1.5527317e+03		9.1730470e+02		1.7537447e+03		1.4165373e+03		3.0121926e+02		1.1153180e+03
4.5700000e+02		4.5800000e+02		4.5750000e+02		1.5677329e+03		9.2712536e+02		1.7719918e+03		1.4313626e+03		3.0190235e+02		1.1294603e+03
4.5800000e+02		4.5900000e+02		4.5850000e+02		1.4734199e+03		8.7224285e+02		1.6666044e+03		1.3463143e+03		2.8166311e+02		1.0646512e+03
4.5900000e+02		4.6000000e+02		4.5950000e+02		1.5222067e+03		9.0203706e+02		1.7230293e+03		1.3919775e+03		2.8885977e+02		1.1031177e+03
4.6000000e+02		4.6100000e+02		4.6050000e+02		1.5039223e+03		8.9209568e+02		1.7035474e+03		1.3763188e+03		2.8330213e+02		1.0930167e+03
4.6100000e+02		4.6200000e+02		4.6150000e+02		1.5386000e+03		9.1357147e+02		1.7440587e+03		1.4091294e+03		2.8771484e+02		1.1214146e+03
4.6200000e+02		4.6300000e+02		4.6250000e+02		1.5538294e+03		9.2352027e+02		1.7625527e+03		1.4241524e+03		2.8843843e+02		1.1357140e+03
4.6300000e+02		4.6400000e+02		4.6350000e+02		1.5018384e+03		8.9348688e+02		1.7047560e+03		1.3775294e+03		2.7674990e+02		1.1007795e+03
4.6400000e+02		4.6500000e+02		4.6450000e+02		1.5281564e+03		9.1001866e+02		1.7358171e+03		1.4027057e+03		2.7954248e+02		1.1231632e+03
4.6500000e+02		4.6600000e+02		4.6550000e+02		1.4760608e+03		8.7983239e+02		1.6777779e+03		1.3558783e+03		2.6804106e+02		1.0878372e+03
4.6600000e+02		4.6700000e+02		4.6650000e+02		1.4854121e+03		8.8624053e+02		1.6895390e+03		1.3654562e+03		2.6777036e+02		1.0976858e+03
4.6700000e+02		4.6800000e+02		4.6750000e+02		1.4997486e+03		8.9562841e+02		1.7069775e+03		1.3796227e+03		2.6838232e+02		1.1112404e+03
4.6800000e+02		4.6900000e+02		4.6850000e+02		1.4665907e+03		8.7663520e+02		1.6703341e+03		1.3500772e+03		2.6053481e+02		1.0895424e+03
4.6900000e+02		4.7000000e+02		4.6950000e+02		1.5086728e+03		9.0261287e+02		1.7193791e+03		1.3897904e+03		2.6605710e+02		1.1237333e+03
4.7000000e+02		4.7100000e+02		4.7050000e+02		1.4256243e+03		8.5369742e+02		1.6257769e+03		1.3141978e+03		2.4957980e+02		1.0646180e+03
4.7100000e+02		4.7200000e+02		4.7150000e+02		1.4904926e+03		8.9334069e+02		1.7008347e+03		1.3749399e+03		2.5903614e+02		1.1159038e+03
4.7200000e+02		4.7300000e+02		4.7250000e+02		1.5269264e+03		9.1598812e+02		1.7435083e+03		1.4095067e+03		2.6343687e+02		1.1460699e+03
4.7300000e+02		4.7400000e+02		4.7350000e+02		1.4995420e+03		9.0034904e+02		1.7133077e+03		1.3851595e+03		2.5683059e+02		1.1283289e+03
4.7400000e+02		4.7500000e+02		4.7450000e+02		1.5448084e+03		9.2833250e+02		1.7661168e+03		1.4279231e+03		2.6266015e+02		1.1652630e+03
4.7500000e+02		4.7600000e+02		4.7550000e+02		1.5413846e+03		9.2707056e+02		1.7632796e+03		1.4256972e+03		2.6017400e+02		1.1655232e+03
4.7600000e+02		4.7700000e+02		4.7650000e+02		1.4853490e+03		8.9412728e+02		1.7002052e+03		1.3747632e+03		2.4889523e+02		1.1258680e+03
4.7700000e+02		4.7800000e+02		4.7750000e+02		1.5508368e+03		9.3433424e+02		1.7762289e+03		1.4363017e+03		2.5798313e+02		1.1783186e+03
4.7800000e+02		4.7900000e+02		4.7850000e+02		1.5358791e+03		9.2609350e+02		1.7601402e+03		1.4233573e+03		2.5364211e+02		1.1697152e+03
4.7900000e+02		4.8000000e+02		4.7950000e+02		1.5403519e+03		9.2955640e+02		1.7663020e+03		1.4284049e+03		2.5253723e+02		1.1758676e+03
4.8000000e+02		4.8100000e+02		4.8050000e+02		1.5442750e+03		9.3268464e+02		1.7718293e+03		1.4329389e+03		2.5134678e+02		1.1815921e+03
4.8100000e+02		4.8200000e+02		4.8150000e+02		1.5475498e+03		9.3541783e+02		1.7766079e+03		1.4368669e+03		2.5005678e+02		1.1868101e+03
4.8200000e+02		4.8300000e+02		4.8250000e+02		1.5416562e+03		9.3260095e+02		1.7708496e+03		1.4322722e+03		2.4730278e+02		1.1849695e+03
4.8300000e+02		4.8400000e+02		4.8350000e+02		1.5183412e+03		9.1922436e+02		1.7450515e+03		1.4114674e+03		2.4180234e+02		1.1696650e+03
4.8400000e+02		4.8500000e+02		4.8450000e+02		1.4920771e+03		9.0403200e+02		1.7158227e+03		1.3878850e+03		2.3590343e+02		1.1519815e+03
4.8500000e+02		4.8600000e+02		4.8550000e+02		1.4021236e+03		8.5018969e+02		1.6132709e+03		1.3049882e+03		2.2008145e+02		1.0849068e+03
4.8600000e+02		4.8700000e+02		4.8650000e+02		1.2173217e+03		7.3870074e+02		1.4014056e+03		1.1336556e+03		1.8969634e+02		9.4395928e+02
4.8700000e+02		4.8800000e+02		4.8750000e+02		1.3927585e+03		8.4580316e+02		1.6042403e+03		1.2977902e+03		2.1547068e+02		1.0823195e+03
4.8800000e+02		4.8900000e+02		4.8850000e+02		1.4651201e+03		8.9041763e+02		1.6884943e+03		1.3660049e+03		2.2503327e+02		1.1409716e+03
4.8900000e+02		4.9000000e+02		4.8950000e+02		1.4372192e+03		8.7411249e+02		1.6572189e+03		1.3407563e+03		2.1915939e+02		1.1215969e+03
4.9000000e+02		4.9100000e+02		4.9050000e+02		1.5307557e+03		9.3168862e+02		1.7660010e+03		1.4288217e+03		2.3174424e+02		1.1970775e+03
4.9100000e+02		4.9200000e+02		4.9150000e+02		1.4425606e+03		8.7865097e+02		1.6651182e+03		1.3472528e+03		2.1682313e+02		1.1304297e+03
4.9200000e+02		4.9300000e+02		4.9250000e+02		1.3729411e+03		8.3685173e+02		1.5855744e+03		1.2829430e+03		2.0487758e+02		1.0780654e+03
4.9300000e+02		4.9400000e+02		4.9350000e+02		1.4509629e+03		8.8504248e+02		1.6765347e+03		1.3565937e+03		2.1496727e+02		1.1416264e+03
4.9400000e+02		4.9500000e+02		4.9450000e+02		1.4929449e+03		9.1129654e+02		1.7259148e+03		1.3966028e+03		2.1960180e+02		1.1770010e+03
4.9500000e+02		4.9600000e+02		4.9550000e+02		1.4663156e+03		8.9567098e+02		1.6959781e+03		1.3724290e+03		2.1414023e+02		1.1582888e+03
4.9600000e+02		4.9700000e+02		4.9650000e+02		1.4846220e+03		9.0748418e+02		1.7180023e+03		1.3903025e+03		2.1526231e+02		1.1750402e+03
4.9700000e+02		4.9800000e+02		4.9750000e+02		1.5123203e+03		9.2505193e+02		1.7509131e+03		1.4169870e+03		2.1771074e+02		1.1992763e+03
4.9800000e+02		4.9900000e+02		4.9850000e+02		1.3744029e+03		8.4126465e+02		1.5920099e+03		1.2884352e+03		1.9644310e+02		1.0919921e+03
4.9900000e+02		5.0000000e+02		4.9950000e+02		1.4721832e+03		9.0172433e+02		1.7060918e+03		1.3808120e+03		2.0891708e+02		1.1718949e+03
