Left Bin Edge (nm)	Right Bin Edge (nm)	Bin Center (nm)		Top of Atm Intensity (erg/s/nm/cm2)		Total Surface Flux (erg/s/nm/cm2)		Total Intensity at BOA (erg/s/nm/cm2)		Total Surface Intensity (erg/s/nm/cm2)		Total Surface Diffuse Intensity (erg/s/nm/cm2)		Total Surface Direct Intensity (erg/s/nm/cm2)
1.9000000e+02		1.9100000e+02		1.9050000e+02		4.4384288e+00		1.3130748e-02		4.4605120e-02		2.2743113e-02		2.2743052e-02		6.1026316e-08
1.9100000e+02		1.9200000e+02		1.9150000e+02		4.8094361e+00		1.5134912e-02		5.1054401e-02		2.6214422e-02		2.6214326e-02		9.5565124e-08
1.9200000e+02		1.9300000e+02		1.9250000e+02		5.0365493e+00		1.7026176e-02		5.7023480e-02		2.9490180e-02		2.9490037e-02		1.4379931e-07
1.9300000e+02		1.9400000e+02		1.9350000e+02		3.8447944e+00		1.3682336e-02		4.5526559e-02		2.3698477e-02		2.3698322e-02		1.5463471e-07
1.9400000e+02		1.9500000e+02		1.9450000e+02		6.1679797e+00		2.2908506e-02		7.5755745e-02		3.9678644e-02		3.9678299e-02		3.4459062e-07
1.9500000e+02		1.9600000e+02		1.9550000e+02		5.9528271e+00		2.3536698e-02		7.7316435e-02		4.0766686e-02		4.0766224e-02		4.6237372e-07
1.9600000e+02		1.9700000e+02		1.9650000e+02		6.5508102e+00		2.7190831e-02		8.8768055e-02		4.7095793e-02		4.7095097e-02		6.9663084e-07
1.9700000e+02		1.9800000e+02		1.9750000e+02		6.5190955e+00		2.7517777e-02		8.9368610e-02		4.7662044e-02		4.7661118e-02		9.2588436e-07
1.9800000e+02		1.9900000e+02		1.9850000e+02		6.3883794e+00		2.9105181e-02		9.3883253e-02		5.0411462e-02		5.0410223e-02		1.2383743e-06
1.9900000e+02		2.0000000e+02		1.9950000e+02		6.7274707e+00		3.1673612e-02		1.0160956e-01		5.4860039e-02		5.4858312e-02		1.7269236e-06
2.0000000e+02		2.0100000e+02		2.0050000e+02		7.1125146e+00		3.4292769e-02		1.0944963e-01		5.9396450e-02		5.9394063e-02		2.3867039e-06
2.0100000e+02		2.0200000e+02		2.0150000e+02		7.5701275e+00		3.8885787e-02		1.2334599e-01		6.7351639e-02		6.7348275e-02		3.3636906e-06
2.0200000e+02		2.0300000e+02		2.0250000e+02		7.4828608e+00		3.8605365e-02		1.2192153e-01		6.6865799e-02		6.6861562e-02		4.2368451e-06
2.0300000e+02		2.0400000e+02		2.0350000e+02		8.0092047e+00		4.3031825e-02		1.3517692e-01		7.4532405e-02		7.4526556e-02		5.8489004e-06
2.0400000e+02		2.0500000e+02		2.0450000e+02		8.6207445e+00		4.9518428e-02		1.5461793e-01		8.5767170e-02		8.5758989e-02		8.1807230e-06
2.0500000e+02		2.0600000e+02		2.0550000e+02		8.6400754e+00		4.9594503e-02		1.5424467e-01		8.5898624e-02		8.5888429e-02		1.0194396e-05
2.0600000e+02		2.0700000e+02		2.0650000e+02		8.6510225e+00		5.2847615e-02		1.6342605e-01		9.1532739e-02		9.1519698e-02		1.3040787e-05
2.0700000e+02		2.0800000e+02		2.0750000e+02		9.3957826e+00		6.1325528e-02		1.8855437e-01		1.0621615e-01		1.0619812e-01		1.8028412e-05
2.0800000e+02		2.0900000e+02		2.0850000e+02		1.0163489e+01		6.7359354e-02		2.0624384e-01		1.1666612e-01		1.1664213e-01		2.3991064e-05
2.0900000e+02		2.1000000e+02		2.0950000e+02		1.3129215e+01		9.4118270e-02		2.8645539e-01		1.6301156e-01		1.6297228e-01		3.9279245e-05
2.1000000e+02		2.1100000e+02		2.1050000e+02		1.6183343e+01		1.1716710e-01		3.5523808e-01		2.0293033e-01		2.0287174e-01		5.8587749e-05
2.1100000e+02		2.1200000e+02		2.1150000e+02		1.8424170e+01		1.4123736e-01		4.2600790e-01		2.4461757e-01		2.4453528e-01		8.2286881e-05
2.1200000e+02		2.1300000e+02		2.1250000e+02		1.6428561e+01		1.3130863e-01		3.9422650e-01		2.2741943e-01		2.2733014e-01		8.9283020e-05
2.1300000e+02		2.1400000e+02		2.1350000e+02		1.6737981e+01		1.3726665e-01		4.1043272e-01		2.3773595e-01		2.3762682e-01		1.0913434e-04
2.1400000e+02		2.1500000e+02		2.1450000e+02		2.1432541e+01		1.8559781e-01		5.5223366e-01		3.2143864e-01		3.2126896e-01		1.6967879e-04
2.1500000e+02		2.1600000e+02		2.1550000e+02		1.8408135e+01		1.6281931e-01		4.8259880e-01		2.8198456e-01		2.8181135e-01		1.7321602e-04
2.1600000e+02		2.1700000e+02		2.1650000e+02		1.7036901e+01		1.5851110e-01		4.6762192e-01		2.7451939e-01		2.7432587e-01		1.9352014e-04
2.1700000e+02		2.1800000e+02		2.1750000e+02		1.7640866e+01		1.6937785e-01		4.9765343e-01		2.9333425e-01		2.9309609e-01		2.3815492e-04
2.1800000e+02		2.1900000e+02		2.1850000e+02		2.3730294e+01		2.3668096e-01		6.9247777e-01		4.0988464e-01		4.0950396e-01		3.8067767e-04
2.1900000e+02		2.2000000e+02		2.1950000e+02		2.5052511e+01		2.5998043e-01		7.5745597e-01		4.5022576e-01		4.4974963e-01		4.7613119e-04
2.2000000e+02		2.2100000e+02		2.2050000e+02		2.5203754e+01		2.6920704e-01		7.8135275e-01		4.6619364e-01		4.6563282e-01		5.6081654e-04
2.2100000e+02		2.2200000e+02		2.2150000e+02		2.0176768e+01		2.2527953e-01		6.5108875e-01		3.9011404e-01		3.8958616e-01		5.2788240e-04
2.2200000e+02		2.2300000e+02		2.2250000e+02		2.7154039e+01		3.1332406e-01		9.0208453e-01		5.4256552e-01		5.4173895e-01		8.2656704e-04
2.2300000e+02		2.2400000e+02		2.2350000e+02		3.5163062e+01		4.2245327e-01		1.2113991e+00		7.3151794e-01		7.3027116e-01		1.2467789e-03
2.2400000e+02		2.2500000e+02		2.2450000e+02		3.2875934e+01		4.0734325e-01		1.1637930e+00		7.0533140e-01		7.0398606e-01		1.3453392e-03
2.2500000e+02		2.2600000e+02		2.2550000e+02		2.8720078e+01		3.6906668e-01		1.0504093e+00		6.3903171e-01		6.3766875e-01		1.3629557e-03
2.2600000e+02		2.2700000e+02		2.2650000e+02		2.1037217e+01		2.7975571e-01		7.9324909e-01		4.8437227e-01		4.8321451e-01		1.1577616e-03
2.2700000e+02		2.2800000e+02		2.2750000e+02		2.0463841e+01		2.8161195e-01		7.9556839e-01		4.8756509e-01		4.8626309e-01		1.3019974e-03
2.2800000e+02		2.2900000e+02		2.2850000e+02		2.8509984e+01		4.0634014e-01		1.1437183e+00		7.0347863e-01		7.0138675e-01		2.0918868e-03
2.2900000e+02		2.3000000e+02		2.2950000e+02		2.5620938e+01		3.7752088e-01		1.0588047e+00		6.5355181e-01		6.5139257e-01		2.1592493e-03
2.3000000e+02		2.3100000e+02		2.3050000e+02		2.9055844e+01		4.3675538e-01		1.2209774e+00		7.5605214e-01		7.5326603e-01		2.7861019e-03
2.3100000e+02		2.3200000e+02		2.3150000e+02		2.7387429e+01		4.1519213e-01		1.1572770e+00		7.1867614e-01		7.1571292e-01		2.9632266e-03
2.3200000e+02		2.3300000e+02		2.3250000e+02		2.9413108e+01		4.4956246e-01		1.2494569e+00		7.7811203e-01		7.7453203e-01		3.5799945e-03
2.3300000e+02		2.3400000e+02		2.3350000e+02		2.6543685e+01		4.0897757e-01		1.1334302e+00		7.0781014e-01		7.0418606e-01		3.6240711e-03
2.3400000e+02		2.3500000e+02		2.3450000e+02		2.3194371e+01		3.6013981e-01		9.9529875e-01		6.2323330e-01		6.1969118e-01		3.5421182e-03
2.3500000e+02		2.3600000e+02		2.3550000e+02		3.1223226e+01		4.8886086e-01		1.3472922e+00		8.4590805e-01		8.4057493e-01		5.3331261e-03
2.3600000e+02		2.3700000e+02		2.3650000e+02		2.8911473e+01		4.5682295e-01		1.2555157e+00		7.9038729e-01		7.8486341e-01		5.5238790e-03
2.3700000e+02		2.3800000e+02		2.3750000e+02		3.0878004e+01		4.9231594e-01		1.3493786e+00		8.5169947e-01		8.4511725e-01		6.5822266e-03
2.3800000e+02		2.3900000e+02		2.3850000e+02		2.5598090e+01		4.1178507e-01		1.1256243e+00		7.1229459e-01		7.0622170e-01		6.0728901e-03
2.3900000e+02		2.4000000e+02		2.3950000e+02		2.7890834e+01		4.5263474e-01		1.2340145e+00		7.8285162e-01		7.7550545e-01		7.3461754e-03
2.4000000e+02		2.4100000e+02		2.4050000e+02		2.5623038e+01		4.2265024e-01		1.1491355e+00		7.3089871e-01		7.2343452e-01		7.4641898e-03
2.4100000e+02		2.4200000e+02		2.4150000e+02		3.0005079e+01		5.0669356e-01		1.3738012e+00		8.7613129e-01		8.6650017e-01		9.6311194e-03
2.4200000e+02		2.4300000e+02		2.4250000e+02		4.1301739e+01		7.1373778e-01		1.9298540e+00		1.2339786e+00		1.2194030e+00		1.4575593e-02
2.4300000e+02		2.4400000e+02		2.4350000e+02		3.8791639e+01		6.8570263e-01		1.8490463e+00		1.1853519e+00		1.1703331e+00		1.5018734e-02
2.4400000e+02		2.4500000e+02		2.4450000e+02		3.6329084e+01		6.5654067e-01		1.7657098e+00		1.1347833e+00		1.1193857e+00		1.5397614e-02
2.4500000e+02		2.4600000e+02		2.4550000e+02		2.9476122e+01		5.4364562e-01		1.4583036e+00		9.3951524e-01		9.2587753e-01		1.3637707e-02
2.4600000e+02		2.4700000e+02		2.4650000e+02		2.8685918e+01		5.3917231e-01		1.4426374e+00		9.3164159e-01		9.1719043e-01		1.4451158e-02
2.4700000e+02		2.4800000e+02		2.4750000e+02		3.1678139e+01		6.0651664e-01		1.6187781e+00		1.0478388e+00		1.0304966e+00		1.7342185e-02
2.4800000e+02		2.4900000e+02		2.4850000e+02		2.5406301e+01		4.9533290e-01		1.3187808e+00		8.5561136e-01		8.4052479e-01		1.5086572e-02
2.4900000e+02		2.5000000e+02		2.4950000e+02		3.0967514e+01		6.1457562e-01		1.6322906e+00		1.0614008e+00		1.0414909e+00		1.9909900e-02
2.5000000e+02		2.5100000e+02		2.5050000e+02		3.3448743e+01		6.7745705e-01		1.7948368e+00		1.1697928e+00		1.1465050e+00		2.3287779e-02
2.5100000e+02		2.5200000e+02		2.5150000e+02		2.7888154e+01		5.7805767e-01		1.5275877e+00		9.9797617e-01		9.7694213e-01		2.1034038e-02
2.5200000e+02		2.5300000e+02		2.5250000e+02		2.5069906e+01		5.3176029e-01		1.4016948e+00		9.1787638e-01		8.9742255e-01		2.0453823e-02
2.5300000e+02		2.5400000e+02		2.5350000e+02		3.1592540e+01		6.8533017e-01		1.8020147e+00		1.1827275e+00		1.1548956e+00		2.7831938e-02
2.5400000e+02		2.5500000e+02		2.5450000e+02		3.5730773e+01		7.9234690e-01		2.0783114e+00		1.3671435e+00		1.3332107e+00		3.3932862e-02
2.5500000e+02		2.5600000e+02		2.5550000e+02		4.8755658e+01		1.1004047e+00		2.8798880e+00		1.8982802e+00		1.8485827e+00		4.9697566e-02
2.5600000e+02		2.5700000e+02		2.5650000e+02		6.2803876e+01		1.4374318e+00		3.7542047e+00		2.4791314e+00		2.4106796e+00		6.8451810e-02
2.5700000e+02		2.5800000e+02		2.5750000e+02		7.8843355e+01		1.8279114e+00		4.7645158e+00		3.1518713e+00		3.0601758e+00		9.1695503e-02
2.5800000e+02		2.5900000e+02		2.5850000e+02		8.2991293e+01		1.9494961e+00		5.0713464e+00		3.3607337e+00		3.2578480e+00		1.0288577e-01
2.5900000e+02		2.6000000e+02		2.5950000e+02		7.0629481e+01		1.6799104e+00		4.3615662e+00		2.8952969e+00		2.8021179e+00		9.3179019e-02
2.6000000e+02		2.6100000e+02		2.6050000e+02		5.7868388e+01		1.4010774e+00		3.6296860e+00		2.4141456e+00		2.3326300e+00		8.1515609e-02
2.6100000e+02		2.6200000e+02		2.6150000e+02		5.9092703e+01		1.4636410e+00		3.7826147e+00		2.5213281e+00		2.4321675e+00		8.9160660e-02
2.6200000e+02		2.6300000e+02		2.6250000e+02		7.0528613e+01		1.7871443e+00		4.6075958e+00		3.0778356e+00		2.9639669e+00		1.1386869e-01
2.6300000e+02		2.6400000e+02		2.6350000e+02		1.0614195e+02		2.7509588e+00		7.0756484e+00		4.7365089e+00		4.5533540e+00		1.8315484e-01
2.6400000e+02		2.6500000e+02		2.6450000e+02		1.6548208e+02		4.3826443e+00		1.1246237e+01		7.5439006e+00		7.2392298e+00		3.0467085e-01
2.6500000e+02		2.6600000e+02		2.6550000e+02		1.7356948e+02		4.6892388e+00		1.2006776e+01		8.0695189e+00		7.7297665e+00		3.3975243e-01
2.6600000e+02		2.6700000e+02		2.6650000e+02		1.6826276e+02		4.6268383e+00		1.1823173e+01		7.9600404e+00		7.6112394e+00		3.4880100e-01
2.6700000e+02		2.6800000e+02		2.6750000e+02		1.6940220e+02		4.7403957e+00		1.2089250e+01		8.1532210e+00		7.7817194e+00		3.7150163e-01
2.6800000e+02		2.6900000e+02		2.6850000e+02		1.6778062e+02		4.7757372e+00		1.2155533e+01		8.2117661e+00		7.8229912e+00		3.8877486e-01
2.6900000e+02		2.7000000e+02		2.6950000e+02		1.5737310e+02		4.5570639e+00		1.1576368e+01		7.8335950e+00		7.4485887e+00		3.8500629e-01
2.7000000e+02		2.7100000e+02		2.7050000e+02		1.8181465e+02		5.3452365e+00		1.3552904e+01		9.1858177e+00		8.7170896e+00		4.6872806e-01
2.7100000e+02		2.7200000e+02		2.7150000e+02		1.5108640e+02		4.5045473e+00		1.1400026e+01		7.7387787e+00		7.3288158e+00		4.0996290e-01
2.7200000e+02		2.7300000e+02		2.7250000e+02		1.2154404e+02		3.6736643e+00		9.2801468e+00		6.3094119e+00		5.9626650e+00		3.4674692e-01
2.7300000e+02		2.7400000e+02		2.7350000e+02		1.2960124e+02		3.9691903e+00		1.0008561e+01		6.8148634e+00		6.4265899e+00		3.8827348e-01
2.7400000e+02		2.7500000e+02		2.7450000e+02		8.9183780e+01		2.7710986e+00		6.9746526e+00		4.7563324e+00		4.4756844e+00		2.8064802e-01
2.7500000e+02		2.7600000e+02		2.7550000e+02		1.1893609e+02		3.7410159e+00		9.3989502e+00		6.4189788e+00		6.0263360e+00		3.9264284e-01
2.7600000e+02		2.7700000e+02		2.7650000e+02		1.6564211e+02		5.2768257e+00		1.3232977e+01		9.0510359e+00		8.4768436e+00		5.7419225e-01
2.7700000e+02		2.7800000e+02		2.7750000e+02		1.5837296e+02		5.1053135e+00		1.2779716e+01		8.7537453e+00		8.1781114e+00		5.7563393e-01
2.7800000e+02		2.7900000e+02		2.7850000e+02		1.0921797e+02		3.5639497e+00		8.9052023e+00		6.1086742e+00		5.6926154e+00		4.1605884e-01
2.7900000e+02		2.8000000e+02		2.7950000e+02		6.1368404e+01		2.0256969e+00		5.0526118e+00		3.4708095e+00		3.2260964e+00		2.4471311e-01
2.8000000e+02		2.8100000e+02		2.8050000e+02		6.7313201e+01		2.2508457e+00		5.6044128e+00		3.8552267e+00		3.5745711e+00		2.8065565e-01
2.8100000e+02		2.8200000e+02		2.8150000e+02		1.3943196e+02		4.7230147e+00		1.1740408e+01		8.0868195e+00		7.4803382e+00		6.0648125e-01
2.8200000e+02		2.8300000e+02		2.8250000e+02		1.8983287e+02		6.5288224e+00		1.6201230e+01		1.1175028e+01		1.0312558e+01		8.6246974e-01
2.8300000e+02		2.8400000e+02		2.8350000e+02		1.9610227e+02		6.8283384e+00		1.6917143e+01		1.1683694e+01		1.0755768e+01		9.2792618e-01
2.8400000e+02		2.8500000e+02		2.8450000e+02		1.4459284e+02		5.1037332e+00		1.2623643e+01		8.7298073e+00		8.0169229e+00		7.1288442e-01
2.8500000e+02		2.8600000e+02		2.8550000e+02		9.2944992e+01		3.3145951e+00		8.1860539e+00		5.6675600e+00		5.1918167e+00		4.7574331e-01
2.8600000e+02		2.8700000e+02		2.8650000e+02		1.9045522e+02		6.8541503e+00		1.6903403e+01		1.1715691e+01		1.0705479e+01		1.0102119e+00
2.8700000e+02		2.8800000e+02		2.8750000e+02		2.2108403e+02		8.0207059e+00		1.9752920e+01		1.3704825e+01		1.2491337e+01		1.2134877e+00
2.8800000e+02		2.8900000e+02		2.8850000e+02		2.1010240e+02		7.6865959e+00		1.8903864e+01		1.3129286e+01		1.1936232e+01		1.1930542e+00
2.8900000e+02		2.9000000e+02		2.8950000e+02		3.1885068e+02		1.1766912e+01		2.8898642e+01		2.0091633e+01		1.8219039e+01		1.8725934e+00
2.9000000e+02		2.9100000e+02		2.9050000e+02		4.1860542e+02		1.5573008e+01		3.8194438e+01		2.6580895e+01		2.4040916e+01		2.5399783e+00
2.9100000e+02		2.9200000e+02		2.9150000e+02		4.0318642e+02		1.5169515e+01		3.7150585e+01		2.5883103e+01		2.3350109e+01		2.5329942e+00
2.9200000e+02		2.9300000e+02		2.9250000e+02		3.5818014e+02		1.3585525e+01		3.3227032e+01		2.3172047e+01		2.0849416e+01		2.3226306e+00
2.9300000e+02		2.9400000e+02		2.9350000e+02		3.7393440e+02		1.4339690e+01		3.5021568e+01		2.4449724e+01		2.1942105e+01		2.5076196e+00
2.9400000e+02		2.9500000e+02		2.9450000e+02		3.4819581e+02		1.3469678e+01		3.2852902e+01		2.2958025e+01		2.0548846e+01		2.4091787e+00
2.9500000e+02		2.9600000e+02		2.9550000e+02		3.7701055e+02		1.4751943e+01		3.5926748e+01		2.5133982e+01		2.2433538e+01		2.7004447e+00
2.9600000e+02		2.9700000e+02		2.9650000e+02		3.4493460e+02		1.3613710e+01		3.3106565e+01		2.3185029e+01		2.0630404e+01		2.5546246e+00
2.9700000e+02		2.9800000e+02		2.9750000e+02		3.5165811e+02		1.4044676e+01		3.4101346e+01		2.3909186e+01		2.1210204e+01		2.6989818e+00
2.9800000e+02		2.9900000e+02		2.9850000e+02		3.0223333e+02		1.2173692e+01		2.9516221e+01		2.0715333e+01		1.8319232e+01		2.3961005e+00
2.9900000e+02		3.0000000e+02		2.9950000e+02		3.4101318e+02		1.3901376e+01		3.3653010e+01		2.3645432e+01		2.0845780e+01		2.7996517e+00
3.0000000e+02		3.0100000e+02		3.0050000e+02		2.7131061e+02		1.1173458e+01		2.7009513e+01		1.8997594e+01		1.6696771e+01		2.3008230e+00
3.0100000e+02		3.0200000e+02		3.0150000e+02		3.1202593e+02		1.3054267e+01		3.1503985e+01		2.2186893e+01		1.9443540e+01		2.7433528e+00
3.0200000e+02		3.0300000e+02		3.0250000e+02		3.2846528e+02		1.3888752e+01		3.3469114e+01		2.3595701e+01		2.0615646e+01		2.9800543e+00
3.0300000e+02		3.0400000e+02		3.0350000e+02		4.2601061e+02		1.8294924e+01		4.4015621e+01		3.1069335e+01		2.7065896e+01		4.0034388e+00
3.0400000e+02		3.0500000e+02		3.0450000e+02		4.0776836e+02		1.7693929e+01		4.2508912e+01		3.0036534e+01		2.6085882e+01		3.9506516e+00
3.0500000e+02		3.0600000e+02		3.0550000e+02		4.1174793e+02		1.8233957e+01		4.3734626e+01		3.0944436e+01		2.6816050e+01		4.1283863e+00
3.0600000e+02		3.0700000e+02		3.0650000e+02		3.9053943e+02		1.7656401e+01		4.2285967e+01		2.9958489e+01		2.5923387e+01		4.0351021e+00
3.0700000e+02		3.0800000e+02		3.0750000e+02		4.3847484e+02		2.0322619e+01		4.8591780e+01		3.4476295e+01		2.9792383e+01		4.6839112e+00
3.0800000e+02		3.0900000e+02		3.0850000e+02		4.3035211e+02		2.0378867e+01		4.8653008e+01		3.4565324e+01		2.9827072e+01		4.7382514e+00
3.0900000e+02		3.1000000e+02		3.0950000e+02		3.4901328e+02		1.6921883e+01		4.0336287e+01		2.8696787e+01		2.4729788e+01		3.9669991e+00
3.1000000e+02		3.1100000e+02		3.1050000e+02		4.3927411e+02		2.1850516e+01		5.2007614e+01		3.7051591e+01		3.1907404e+01		5.1441868e+00
3.1100000e+02		3.1200000e+02		3.1150000e+02		5.2246540e+02		2.6789078e+01		6.3667851e+01		4.5426005e+01		3.9120240e+01		6.3057652e+00
3.1200000e+02		3.1300000e+02		3.1250000e+02		4.6521908e+02		2.4573125e+01		5.8317042e+01		4.1668685e+01		3.5886162e+01		5.7825227e+00
3.1300000e+02		3.1400000e+02		3.1350000e+02		4.9544367e+02		2.6946273e+01		6.3858592e+01		4.5693242e+01		3.9354898e+01		6.3383434e+00
3.1400000e+02		3.1500000e+02		3.1450000e+02		4.6729179e+02		2.6183844e+01		6.1963607e+01		4.4401042e+01		3.8246335e+01		6.1547067e+00
3.1500000e+02		3.1600000e+02		3.1550000e+02		4.5343123e+02		2.6112847e+01		6.1713112e+01		4.4280546e+01		3.8141853e+01		6.1386931e+00
3.1600000e+02		3.1700000e+02		3.1650000e+02		4.4229406e+02		2.6150292e+01		6.1721575e+01		4.4343378e+01		3.8191579e+01		6.1517982e+00
3.1700000e+02		3.1800000e+02		3.1750000e+02		5.6102832e+02		3.4037666e+01		8.0236264e+01		5.7717399e+01		4.9705601e+01		8.0117979e+00
3.1800000e+02		3.1900000e+02		3.1850000e+02		4.6340678e+02		2.8851147e+01		6.7924986e+01		4.8922295e+01		4.2128938e+01		6.7933569e+00
3.1900000e+02		3.2000000e+02		3.1950000e+02		4.9774832e+02		3.1794764e+01		7.4762881e+01		5.3913528e+01		4.6425783e+01		7.4877452e+00
3.2000000e+02		3.2100000e+02		3.2050000e+02		5.7184857e+02		3.7897114e+01		8.8950916e+01		6.4255550e+01		5.5294627e+01		8.9609227e+00
3.2100000e+02		3.2200000e+02		3.2150000e+02		4.8024660e+02		3.3376607e+01		7.8154373e+01		5.6580954e+01		4.8624459e+01		7.9564953e+00
3.2200000e+02		3.2300000e+02		3.2250000e+02		4.8228681e+02		3.5130549e+01		8.2067943e+01		5.9543542e+01		5.1099379e+01		8.4441634e+00
3.2300000e+02		3.2400000e+02		3.2350000e+02		4.6607071e+02		3.5565071e+01		8.2889366e+01		6.0268887e+01		5.1648194e+01		8.6206930e+00
3.2400000e+02		3.2500000e+02		3.2450000e+02		5.4882129e+02		4.3843479e+01		1.0194789e+02		7.4283441e+01		6.3564778e+01		1.0718663e+01
3.2500000e+02		3.2600000e+02		3.2550000e+02		6.3196128e+02		5.2073748e+01		1.2093179e+02		8.8229344e+01		7.5508052e+01		1.2721292e+01
3.2600000e+02		3.2700000e+02		3.2650000e+02		7.1301257e+02		5.9732899e+01		1.3868727e+02		1.0123002e+02		8.6790824e+01		1.4439197e+01
3.2700000e+02		3.2800000e+02		3.2750000e+02		6.8984049e+02		5.8757284e+01		1.3639515e+02		9.9600817e+01		8.5554004e+01		1.4046813e+01
3.2800000e+02		3.2900000e+02		3.2850000e+02		6.6596082e+02		5.7675299e+01		1.3386076e+02		9.7791336e+01		8.4162560e+01		1.3628777e+01
3.2900000e+02		3.3000000e+02		3.2950000e+02		7.7527139e+02		6.8272488e+01		1.5843376e+02		1.1578954e+02		9.9851750e+01		1.5937788e+01
3.3000000e+02		3.3100000e+02		3.3050000e+02		7.3029799e+02		6.5603219e+01		1.5217293e+02		1.1128380e+02		9.6107175e+01		1.5176628e+01
3.3100000e+02		3.3200000e+02		3.3150000e+02		6.9881652e+02		6.4232422e+01		1.4888334e+02		1.0897162e+02		9.4197093e+01		1.4774532e+01
3.3200000e+02		3.3300000e+02		3.3250000e+02		6.8562051e+02		6.4477152e+01		1.4934338e+02		1.0940054e+02		9.4658585e+01		1.4741956e+01
3.3300000e+02		3.3400000e+02		3.3350000e+02		6.5878216e+02		6.3382246e+01		1.4670488e+02		1.0755681e+02		9.3156032e+01		1.4400777e+01
3.3400000e+02		3.3500000e+02		3.3450000e+02		6.9405546e+02		6.8311660e+01		1.5800726e+02		1.1593749e+02		1.0051830e+02		1.5419196e+01
3.3500000e+02		3.3600000e+02		3.3550000e+02		6.8541663e+02		6.8859727e+01		1.5916897e+02		1.1687833e+02		1.0140448e+02		1.5473849e+01
3.3600000e+02		3.3700000e+02		3.3650000e+02		5.6469084e+02		5.7776993e+01		1.3346395e+02		9.8071765e+01		8.5118141e+01		1.2953624e+01
3.3700000e+02		3.3800000e+02		3.3750000e+02		5.9573781e+02		6.2071740e+01		1.4329341e+02		1.0536715e+02		9.1485563e+01		1.3881582e+01
3.3800000e+02		3.3900000e+02		3.3850000e+02		6.4448401e+02		6.8376713e+01		1.5775059e+02		1.1607631e+02		1.0082638e+02		1.5249934e+01
3.3900000e+02		3.4000000e+02		3.3950000e+02		6.7448220e+02		7.2859947e+01		1.6799225e+02		1.2369443e+02		1.0749239e+02		1.6202038e+01
3.4000000e+02		3.4100000e+02		3.4050000e+02		7.1196374e+02		7.8997986e+01		1.8198601e+02		1.3412729e+02		1.1663993e+02		1.7487353e+01
3.4100000e+02		3.4200000e+02		3.4150000e+02		6.4984945e+02		7.4707007e+01		1.7190578e+02		1.2685714e+02		1.1041884e+02		1.6438302e+01
3.4200000e+02		3.4300000e+02		3.4250000e+02		7.0477558e+02		8.3919999e+01		1.9289053e+02		1.4251860e+02		1.2416467e+02		1.8353935e+01
3.4300000e+02		3.4400000e+02		3.4350000e+02		6.9264465e+02		8.5402168e+01		1.9608282e+02		1.4505328e+02		1.2648882e+02		1.8564460e+01
3.4400000e+02		3.4500000e+02		3.4450000e+02		5.5710877e+02		7.1108537e+01		1.6308964e+02		1.2079055e+02		1.0542785e+02		1.5362705e+01
3.4500000e+02		3.4600000e+02		3.4550000e+02		6.7138909e+02		8.8488800e+01		2.0276284e+02		1.5033673e+02		1.3136603e+02		1.8970698e+01
3.4600000e+02		3.4700000e+02		3.4650000e+02		6.5194093e+02		8.8516159e+01		2.0266484e+02		1.5041064e+02		1.3161167e+02		1.8798974e+01
3.4700000e+02		3.4800000e+02		3.4750000e+02		6.4525828e+02		9.0242328e+01		2.0645668e+02		1.5337209e+02		1.3438946e+02		1.8982628e+01
3.4800000e+02		3.4900000e+02		3.4850000e+02		6.6761091e+02		9.6167348e+01		2.1984469e+02		1.6347242e+02		1.4344038e+02		2.0032044e+01
3.4900000e+02		3.5000000e+02		3.4950000e+02		6.3989005e+02		9.4930132e+01		2.1685474e+02		1.6139962e+02		1.4182156e+02		1.9578068e+01
3.5000000e+02		3.5100000e+02		3.5050000e+02		7.6650484e+02		1.1738729e+02		2.6785024e+02		1.9958969e+02		1.7543541e+02		2.4154275e+01
3.5100000e+02		3.5200000e+02		3.5150000e+02		7.1211510e+02		1.1281346e+02		2.5701981e+02		1.9179248e+02		1.6844677e+02		2.3345705e+01
3.5200000e+02		3.5300000e+02		3.5250000e+02		6.5785102e+02		1.0775993e+02		2.4513367e+02		1.8318068e+02		1.6074889e+02		2.2431792e+01
3.5300000e+02		3.5400000e+02		3.5350000e+02		7.5263834e+02		1.2742327e+02		2.8942724e+02		2.1658122e+02		1.8989383e+02		2.6687397e+01
3.5400000e+02		3.5500000e+02		3.5450000e+02		8.0329241e+02		1.4050203e+02		3.1865671e+02		2.3878237e+02		2.0916928e+02		2.9613089e+01
3.5500000e+02		3.5600000e+02		3.5550000e+02		7.5433512e+02		1.3573077e+02		3.0750148e+02		2.3067337e+02		2.0206407e+02		2.8609298e+01
3.5600000e+02		3.5700000e+02		3.5650000e+02		6.5576441e+02		1.2090395e+02		2.7372660e+02		2.0550065e+02		1.8018062e+02		2.5320026e+01
3.5700000e+02		3.5800000e+02		3.5750000e+02		5.7307986e+02		1.0825670e+02		2.4493128e+02		1.8402713e+02		1.6150486e+02		2.2522268e+01
3.5800000e+02		3.5900000e+02		3.5850000e+02		4.9194729e+02		9.5208316e+01		2.1526955e+02		1.6186655e+02		1.4219200e+02		1.9674552e+01
3.5900000e+02		3.6000000e+02		3.5950000e+02		7.1030971e+02		1.4082910e+02		3.1821713e+02		2.3945867e+02		2.1055628e+02		2.8902388e+01
3.6000000e+02		3.6100000e+02		3.6050000e+02		7.0092701e+02		1.4217962e+02		3.2101507e+02		2.4176364e+02		2.1263993e+02		2.9123714e+01
3.6100000e+02		3.6200000e+02		3.6150000e+02		6.5110481e+02		1.3493491e+02		3.0437006e+02		2.2943113e+02		2.0170375e+02		2.7727377e+01
3.6200000e+02		3.6300000e+02		3.6250000e+02		7.3500056e+02		1.5559140e+02		3.5063609e+02		2.6453781e+02		2.3246390e+02		3.2073908e+01
3.6300000e+02		3.6400000e+02		3.6350000e+02		7.1558904e+02		1.5470425e+02		3.4831365e+02		2.6301369e+02		2.3102045e+02		3.1993244e+01
3.6400000e+02		3.6500000e+02		3.6450000e+02		7.4837927e+02		1.6520295e+02		3.7160961e+02		2.8084557e+02		2.4657096e+02		3.4274612e+01
3.6500000e+02		3.6600000e+02		3.6550000e+02		8.5179486e+02		1.9203599e+02		4.3157156e+02		3.2644897e+02		2.8652409e+02		3.9924875e+01
3.6600000e+02		3.6700000e+02		3.6650000e+02		9.1042532e+02		2.0967667e+02		4.7078371e+02		3.5643072e+02		3.1279757e+02		4.3633154e+01
3.6700000e+02		3.6800000e+02		3.6750000e+02		8.7909512e+02		2.0679247e+02		4.6388528e+02		3.5152164e+02		3.0844852e+02		4.3073121e+01
3.6800000e+02		3.6900000e+02		3.6850000e+02		8.1047729e+02		1.9470053e+02		4.3636604e+02		3.3096099e+02		2.9036862e+02		4.0592369e+01
3.6900000e+02		3.7000000e+02		3.6950000e+02		8.9967825e+02		2.2068653e+02		4.9416376e+02		3.7512653e+02		3.2907332e+02		4.6053212e+01
3.7000000e+02		3.7100000e+02		3.7050000e+02		8.4427990e+02		2.1059901e+02		4.7127502e+02		3.5798488e+02		3.1407094e+02		4.3913942e+01
3.7100000e+02		3.7200000e+02		3.7150000e+02		8.7164560e+02		2.2021827e+02		4.9261351e+02		3.7435447e+02		3.2855368e+02		4.5800793e+01
3.7200000e+02		3.7300000e+02		3.7250000e+02		7.2411383e+02		1.8529146e+02		4.1433024e+02		3.1499770e+02		2.7656570e+02		3.8431998e+01
3.7300000e+02		3.7400000e+02		3.7350000e+02		6.3155746e+02		1.6367760e+02		3.6586602e+02		2.7826881e+02		2.4441642e+02		3.3852388e+01
3.7400000e+02		3.7500000e+02		3.7450000e+02		6.4642322e+02		1.6967373e+02		3.7913362e+02		2.8847895e+02		2.5349072e+02		3.4988231e+01
3.7500000e+02		3.7600000e+02		3.7550000e+02		7.4036161e+02		1.9601768e+02		4.3802021e+02		3.3332804e+02		2.9329047e+02		4.0037574e+01
3.7600000e+02		3.7700000e+02		3.7650000e+02		7.6758018e+02		2.0419025e+02		4.5648858e+02		3.4732910e+02		3.0629287e+02		4.1036223e+01
3.7700000e+02		3.7800000e+02		3.7750000e+02		9.0048278e+02		2.4073458e+02		5.3843154e+02		4.0961380e+02		3.6202648e+02		4.7587314e+01
3.7800000e+02		3.7900000e+02		3.7850000e+02		9.3786543e+02		2.5202822e+02		5.6394826e+02		4.2895874e+02		3.7997166e+02		4.8987078e+01
3.7900000e+02		3.8000000e+02		3.7950000e+02		7.6051322e+02		2.0547417e+02		4.5998778e+02		3.4982761e+02		3.1056970e+02		3.9257910e+01
3.8000000e+02		3.8100000e+02		3.8050000e+02		8.2814537e+02		2.2560141e+02		5.0500816e+02		3.8413826e+02		3.4131495e+02		4.2823314e+01
3.8100000e+02		3.8200000e+02		3.8150000e+02		7.4366886e+02		2.0480796e+02		4.5818474e+02		3.4870643e+02		3.0966049e+02		3.9045946e+01
3.8200000e+02		3.8300000e+02		3.8250000e+02		5.3336093e+02		1.4848769e+02		3.3198897e+02		2.5279657e+02		2.2436576e+02		2.8430812e+01
3.8300000e+02		3.8400000e+02		3.8350000e+02		4.7073026e+02		1.3246875e+02		2.9599762e+02		2.2550801e+02		2.0003609e+02		2.5471913e+01
3.8400000e+02		3.8500000e+02		3.8450000e+02		6.2969557e+02		1.7910818e+02		3.9997598e+02		3.0488212e+02		2.7029672e+02		3.4585398e+01
3.8500000e+02		3.8600000e+02		3.8550000e+02		6.6694888e+02		1.9164044e+02		4.2772154e+02		3.2618908e+02		2.8901703e+02		3.7172053e+01
3.8600000e+02		3.8700000e+02		3.8650000e+02		6.6977732e+02		1.9431262e+02		4.3345309e+02		3.3070946e+02		2.9283844e+02		3.7871024e+01
3.8700000e+02		3.8800000e+02		3.8750000e+02		6.6902499e+02		1.9595658e+02		4.3688787e+02		3.3347934e+02		2.9510632e+02		3.8373023e+01
3.8800000e+02		3.8900000e+02		3.8850000e+02		6.7841027e+02		2.0059863e+02		4.4700154e+02		3.4135057e+02		3.0188318e+02		3.9467385e+01
3.8900000e+02		3.9000000e+02		3.8950000e+02		8.1451188e+02		2.4312097e+02		5.4147230e+02		4.1367451e+02		3.6561695e+02		4.8057557e+01
3.9000000e+02		3.9100000e+02		3.9050000e+02		8.5560997e+02		2.5755058e+02		5.7335852e+02		4.3819153e+02		3.8705379e+02		5.1137749e+01
3.9100000e+02		3.9200000e+02		3.9150000e+02		9.2006232e+02		2.7902370e+02		6.2094287e+02		4.7468882e+02		4.1905013e+02		5.5638694e+01
3.9200000e+02		3.9300000e+02		3.9250000e+02		7.0614281e+02		2.1574001e+02		4.7994277e+02		3.6699912e+02		3.2379584e+02		4.3203280e+01
3.9300000e+02		3.9400000e+02		3.9350000e+02		4.3291589e+02		1.3323963e+02		2.9630689e+02		2.2663873e+02		1.9984312e+02		2.6795616e+01
3.9400000e+02		3.9500000e+02		3.9450000e+02		7.1565803e+02		2.2187318e+02		4.9324654e+02		3.7737392e+02		3.3256399e+02		4.4809925e+01
3.9500000e+02		3.9600000e+02		3.9550000e+02		8.7888136e+02		2.7465942e+02		6.1026749e+02		4.6710652e+02		4.1131803e+02		5.5788490e+01
3.9600000e+02		3.9700000e+02		3.9650000e+02		6.0712893e+02		1.9138339e+02		4.2492486e+02		3.2543776e+02		2.8628408e+02		3.9153678e+01
3.9700000e+02		3.9800000e+02		3.9750000e+02		6.8053003e+02		2.1637427e+02		4.8006165e+02		3.6788437e+02		3.2330003e+02		4.4584336e+01
3.9800000e+02		3.9900000e+02		3.9850000e+02		1.0480559e+03		3.3608869e+02		7.4512669e+02		5.7134891e+02		5.0160128e+02		6.9747630e+01
3.9900000e+02		4.0000000e+02		3.9950000e+02		1.1577145e+03		3.7441933e+02		8.2950804e+02		6.3642509e+02		5.5816802e+02		7.8257067e+01
4.0000000e+02		4.0100000e+02		4.0050000e+02		1.1939713e+03		3.8885770e+02		8.6100664e+02		6.6088318e+02		5.7906620e+02		8.1816981e+01
