Left Bin Edge (nm)	Right Bin Edge (nm)	Bin Center (nm)		Top of Atm Intensity (erg/s/nm/cm2)		Total Surface Flux (erg/s/nm/cm2)		Total Intensity at BOA (erg/s/nm/cm2)		Total Surface Intensity (erg/s/nm/cm2)		Total Surface Diffuse Intensity (erg/s/nm/cm2)		Total Surface Direct Intensity (erg/s/nm/cm2)
1.9000000e+02		1.9100000e+02		1.9050000e+02		4.4384288e+00		0.0000000e+00		0.0000000e+00		0.0000000e+00		0.0000000e+00		0.0000000e+00
1.9100000e+02		1.9200000e+02		1.9150000e+02		4.8094361e+00		0.0000000e+00		0.0000000e+00		0.0000000e+00		0.0000000e+00		0.0000000e+00
1.9200000e+02		1.9300000e+02		1.9250000e+02		5.0365493e+00		8.6550751e-285		0.0000000e+00		1.3202587e-284		1.6245123e-285		1.1578074e-284
1.9300000e+02		1.9400000e+02		1.9350000e+02		3.8447944e+00		3.1004938e-195		0.0000000e+00		4.7639500e-195		8.3910817e-196		3.9248418e-195
1.9400000e+02		1.9500000e+02		1.9450000e+02		6.1679797e+00		2.5047856e-151		0.0000000e+00		3.8732551e-151		8.6188422e-152		3.0113709e-151
1.9500000e+02		1.9600000e+02		1.9550000e+02		5.9528271e+00		3.2712907e-97		3.2622270e-89		5.1447165e-97		1.7697471e-97		3.3749694e-97
1.9600000e+02		1.9700000e+02		1.9650000e+02		6.5508102e+00		2.7978459e-75		5.1400698e-69		4.4573750e-75		1.9414104e-75		2.5159646e-75
1.9700000e+02		1.9800000e+02		1.9750000e+02		6.5190955e+00		4.4670234e-55		2.1040473e-50		7.2705948e-55		4.2504461e-55		3.0201487e-55
1.9800000e+02		1.9900000e+02		1.9850000e+02		6.3883794e+00		1.3183093e-35		1.9075727e-32		2.2340236e-35		1.9145068e-35		3.1951680e-36
1.9900000e+02		2.0000000e+02		1.9950000e+02		6.7274707e+00		1.6551557e-23		2.6297926e-21		2.8587274e-23		2.8063771e-23		5.2350238e-25
2.0000000e+02		2.0100000e+02		2.0050000e+02		7.1125146e+00		1.4339532e-15		5.2505434e-14		2.4827645e-15		2.4768390e-15		5.9255352e-18
2.0100000e+02		2.0200000e+02		2.0150000e+02		7.5701275e+00		4.3873956e-06		2.9954409e-05		7.5991268e-06		7.5987034e-06		4.2336549e-10
2.0200000e+02		2.0300000e+02		2.0250000e+02		7.4828608e+00		4.2410935e-05		2.4669249e-04		7.3457453e-05		7.3454603e-05		2.8507821e-09
2.0300000e+02		2.0400000e+02		2.0350000e+02		8.0092047e+00		2.4755083e-03		1.1186559e-02		4.2876978e-03		4.2876441e-03		5.3715560e-08
2.0400000e+02		2.0500000e+02		2.0450000e+02		8.6207445e+00		2.2362603e-02		9.0114116e-02		3.8733127e-02		3.8732881e-02		2.4639460e-07
2.0500000e+02		2.0600000e+02		2.0550000e+02		8.6400754e+00		1.8683833e-02		7.5530294e-02		3.2361301e-02		3.2360991e-02		3.0958245e-07
2.0600000e+02		2.0700000e+02		2.0650000e+02		8.6510225e+00		2.8554005e-02		1.1256549e-01		4.9456907e-02		4.9456389e-02		5.1864147e-07
2.0700000e+02		2.0800000e+02		2.0750000e+02		9.3957826e+00		4.9559098e-02		1.9029167e-01		8.5838729e-02		8.5837780e-02		9.4981569e-07
2.0800000e+02		2.0900000e+02		2.0850000e+02		1.0163489e+01		4.6790902e-02		1.7977305e-01		8.1044021e-02		8.1042728e-02		1.2924972e-06
2.0900000e+02		2.1000000e+02		2.0950000e+02		1.3129215e+01		1.1201403e-01		4.1686500e-01		1.9401354e-01		1.9401059e-01		2.9552489e-06
2.1000000e+02		2.1100000e+02		2.1050000e+02		1.6183343e+01		1.1395094e-01		4.2522387e-01		1.9736814e-01		1.9736373e-01		4.4112706e-06
2.1100000e+02		2.1200000e+02		2.1150000e+02		1.8424170e+01		1.9630785e-01		7.1621898e-01		3.4001394e-01		3.4000600e-01		7.9433183e-06
2.1200000e+02		2.1300000e+02		2.1250000e+02		1.6428561e+01		2.2023498e-01		7.9196945e-01		3.8145660e-01		3.8144639e-01		1.0207983e-05
2.1300000e+02		2.1400000e+02		2.1350000e+02		1.6737981e+01		2.2825143e-01		8.1592818e-01		3.9534099e-01		3.9532742e-01		1.3563970e-05
2.1400000e+02		2.1500000e+02		2.1450000e+02		2.1432541e+01		4.3881951e-01		1.5363587e+00		7.6005358e-01		7.6002700e-01		2.6583545e-05
2.1500000e+02		2.1600000e+02		2.1550000e+02		1.8408135e+01		3.5434442e-01		1.2369688e+00		6.1373815e-01		6.1370969e-01		2.8455385e-05
2.1600000e+02		2.1700000e+02		2.1650000e+02		1.7036901e+01		4.5585400e-01		1.5640833e+00		7.8955636e-01		7.8951797e-01		3.8383869e-05
2.1700000e+02		2.1800000e+02		2.1750000e+02		1.7640866e+01		5.0341305e-01		1.7144215e+00		8.7192900e-01		8.7187743e-01		5.1577018e-05
2.1800000e+02		2.1900000e+02		2.1850000e+02		2.3730294e+01		7.9562911e-01		2.6805701e+00		1.3780557e+00		1.3779626e+00		9.3060486e-05
2.1900000e+02		2.2000000e+02		2.1950000e+02		2.5052511e+01		1.0157665e+00		3.3829291e+00		1.7593387e+00		1.7592063e+00		1.3240488e-04
2.2000000e+02		2.2100000e+02		2.2050000e+02		2.5203754e+01		1.0260651e+00		3.3994475e+00		1.7771712e+00		1.7770053e+00		1.6590761e-04
2.2100000e+02		2.2200000e+02		2.2150000e+02		2.0176768e+01		1.0272538e+00		3.3614031e+00		1.7792280e+00		1.7790489e+00		1.7912276e-04
2.2200000e+02		2.2300000e+02		2.2250000e+02		2.7154039e+01		1.4540930e+00		4.7265911e+00		2.5185162e+00		2.5182138e+00		3.0247986e-04
2.2300000e+02		2.2400000e+02		2.2350000e+02		3.5163062e+01		2.2452092e+00		7.2217979e+00		3.8887372e+00		3.8882246e+00		5.1257229e-04
2.2400000e+02		2.2500000e+02		2.2450000e+02		3.2875934e+01		2.1523743e+00		6.8837217e+00		3.7279305e+00		3.7273408e+00		5.8972954e-04
2.2500000e+02		2.2600000e+02		2.2550000e+02		2.8720078e+01		2.1042640e+00		6.6743146e+00		3.6445915e+00		3.6439395e+00		6.5193732e-04
2.2600000e+02		2.2700000e+02		2.2650000e+02		2.1037217e+01		1.6497808e+00		5.1973497e+00		2.8574127e+00		2.8568209e+00		5.9178158e-04
2.2700000e+02		2.2800000e+02		2.2750000e+02		2.0463841e+01		1.7279288e+00		5.4061300e+00		2.9927506e+00		2.9920390e+00		7.1164776e-04
2.2800000e+02		2.2900000e+02		2.2850000e+02		2.8509984e+01		2.6374129e+00		8.1913777e+00		4.5679435e+00		4.5667156e+00		1.2279193e-03
2.2900000e+02		2.3000000e+02		2.2950000e+02		2.5620938e+01		2.5315477e+00		7.8116110e+00		4.3845611e+00		4.3832128e+00		1.3482515e-03
2.3000000e+02		2.3100000e+02		2.3050000e+02		2.9055844e+01		3.0024886e+00		9.2106542e+00		5.2001774e+00		5.1983305e+00		1.8469828e-03
2.3100000e+02		2.3200000e+02		2.3150000e+02		2.7387429e+01		2.9801838e+00		9.0872719e+00		5.1615053e+00		5.1594049e+00		2.1004666e-03
2.3200000e+02		2.3300000e+02		2.3250000e+02		2.9413108e+01		3.3449110e+00		1.0140925e+01		5.7931381e+00		5.7904345e+00		2.7035727e-03
2.3300000e+02		2.3400000e+02		2.3350000e+02		2.6543685e+01		3.1456177e+00		9.4833834e+00		5.4479202e+00		5.4450103e+00		2.9098586e-03
2.3400000e+02		2.3500000e+02		2.3450000e+02		2.3194371e+01		2.8481042e+00		8.5403082e+00		4.9325954e+00		4.9295804e+00		3.0149895e-03
2.3500000e+02		2.3600000e+02		2.3550000e+02		3.1223226e+01		3.9584466e+00		1.1808085e+01		6.8554903e+00		6.8506983e+00		4.7920234e-03
2.3600000e+02		2.3700000e+02		2.3650000e+02		2.8911473e+01		3.7818392e+00		1.1223673e+01		6.5495309e+00		6.5443081e+00		5.2227554e-03
2.3700000e+02		2.3800000e+02		2.3750000e+02		3.0878004e+01		4.1560602e+00		1.2272950e+01		7.1974978e+00		7.1909615e+00		6.5362859e-03
2.3800000e+02		2.3900000e+02		2.3850000e+02		2.5598090e+01		3.5371398e+00		1.0394572e+01		6.1255292e+00		6.1192063e+00		6.3228821e-03
2.3900000e+02		2.4000000e+02		2.3950000e+02		2.7890834e+01		3.9488728e+00		1.1549479e+01		6.8384116e+00		6.8304049e+00		8.0067505e-03
2.4000000e+02		2.4100000e+02		2.4050000e+02		2.5623038e+01		3.7132830e+00		1.0809383e+01		6.4302794e+00		6.4217627e+00		8.5166224e-03
2.4100000e+02		2.4200000e+02		2.4150000e+02		3.0005079e+01		4.4460498e+00		1.2882185e+01		7.6990070e+00		7.6875028e+00		1.1504265e-02
2.4200000e+02		2.4300000e+02		2.4250000e+02		4.1301739e+01		6.2503372e+00		1.8027178e+01		1.0823090e+01		1.0804886e+01		1.8203596e-02
2.4300000e+02		2.4400000e+02		2.4350000e+02		3.8791639e+01		5.9844771e+00		1.7183236e+01		1.0362394e+01		1.0342811e+01		1.9582201e-02
2.4400000e+02		2.4500000e+02		2.4450000e+02		3.6329084e+01		5.6972200e+00		1.6287483e+01		9.8646428e+00		9.8437220e+00		2.0920848e-02
2.4500000e+02		2.4600000e+02		2.4550000e+02		2.9476122e+01		4.6906122e+00		1.3353366e+01		8.1213973e+00		8.1020962e+00		1.9301111e-02
2.4600000e+02		2.4700000e+02		2.4650000e+02		2.8685918e+01		4.6482387e+00		1.3176809e+01		8.0476899e+00		8.0263545e+00		2.1335419e-02
2.4700000e+02		2.4800000e+02		2.4750000e+02		3.1678139e+01		5.2151506e+00		1.4723078e+01		9.0287867e+00		9.0021199e+00		2.6666760e-02
2.4800000e+02		2.4900000e+02		2.4850000e+02		2.5406301e+01		4.2461722e+00		1.1939045e+01		7.3508576e+00		7.3267214e+00		2.4136269e-02
2.4900000e+02		2.5000000e+02		2.4950000e+02		3.0967514e+01		5.2480558e+00		1.4697583e+01		9.0847862e+00		9.0516847e+00		3.3101485e-02
2.5000000e+02		2.5100000e+02		2.5050000e+02		3.3448743e+01		5.7274932e+00		1.5979424e+01		9.9141309e+00		9.8741341e+00		3.9996810e-02
2.5100000e+02		2.5200000e+02		2.5150000e+02		2.7888154e+01		4.8287286e+00		1.3421341e+01		8.3578633e+00		8.3207037e+00		3.7159642e-02
2.5200000e+02		2.5300000e+02		2.5250000e+02		2.5069906e+01		4.4078100e+00		1.2204405e+01		7.6288042e+00		7.5916010e+00		3.7203189e-02
2.5300000e+02		2.5400000e+02		2.5350000e+02		3.1592540e+01		5.6147696e+00		1.5489440e+01		9.7170347e+00		9.6650404e+00		5.1994265e-02
2.5400000e+02		2.5500000e+02		2.5450000e+02		3.5730773e+01		6.4059587e+00		1.7609384e+01		1.1085403e+01		1.1020390e+01		6.5013880e-02
2.5500000e+02		2.5600000e+02		2.5550000e+02		4.8755658e+01		8.8092649e+00		2.4131322e+01		1.5242970e+01		1.5145057e+01		9.7913182e-02
2.5600000e+02		2.5700000e+02		2.5650000e+02		6.2803876e+01		1.1560179e+01		3.1546623e+01		2.0001238e+01		1.9861530e+01		1.3970813e-01
2.5700000e+02		2.5800000e+02		2.5750000e+02		7.8843355e+01		1.4581324e+01		3.9658522e+01		2.5225830e+01		2.5033147e+01		1.9268344e-01
2.5800000e+02		2.5900000e+02		2.5850000e+02		8.2991293e+01		1.5556251e+01		4.2159413e+01		2.6909732e+01		2.6686481e+01		2.2325180e-01
2.5900000e+02		2.6000000e+02		2.5950000e+02		7.0629481e+01		1.3317450e+01		3.5973329e+01		2.3034369e+01		2.2826357e+01		2.0801183e-01
2.6000000e+02		2.6100000e+02		2.6050000e+02		5.7868388e+01		1.1005731e+01		2.9629475e+01		1.9033671e+01		1.8847132e+01		1.8653976e-01
2.6100000e+02		2.6200000e+02		2.6150000e+02		5.9092703e+01		1.1316330e+01		3.0366324e+01		1.9568326e+01		1.9360304e+01		2.0802256e-01
2.6200000e+02		2.6300000e+02		2.6250000e+02		7.0528613e+01		1.3672933e+01		3.6565442e+01		2.3640303e+01		2.3368970e+01		2.7133317e-01
2.6300000e+02		2.6400000e+02		2.6350000e+02		1.0614195e+02		2.0852879e+01		5.5577334e+01		3.6049398e+01		3.5603688e+01		4.4571034e-01
2.6400000e+02		2.6500000e+02		2.6450000e+02		1.6548208e+02		3.2618677e+01		8.6671368e+01		5.6380806e+01		5.5627254e+01		7.5355126e-01
2.6500000e+02		2.6600000e+02		2.6550000e+02		1.7356948e+02		3.4532635e+01		9.1464573e+01		5.9679741e+01		5.8821725e+01		8.5801595e-01
2.6600000e+02		2.6700000e+02		2.6650000e+02		1.6826276e+02		3.3719730e+01		8.9037021e+01		5.8265196e+01		5.7364746e+01		9.0044954e-01
2.6700000e+02		2.6800000e+02		2.6750000e+02		1.6940220e+02		3.4268549e+01		9.0204607e+01		5.9203354e+01		5.8222478e+01		9.8087584e-01
2.6800000e+02		2.6900000e+02		2.6850000e+02		1.6778062e+02		3.4166472e+01		8.9667004e+01		5.9016172e+01		5.7968105e+01		1.0480674e+00
2.6900000e+02		2.7000000e+02		2.6950000e+02		1.5737310e+02		3.2445710e+01		8.4882947e+01		5.6033571e+01		5.4971558e+01		1.0620130e+00
2.7000000e+02		2.7100000e+02		2.7050000e+02		1.8181465e+02		3.7603257e+01		9.8097007e+01		6.4927227e+01		6.3609643e+01		1.3175839e+00
2.7100000e+02		2.7200000e+02		2.7150000e+02		1.5108640e+02		3.1453083e+01		8.1811777e+01		5.4296641e+01		5.3120369e+01		1.1762720e+00
2.7200000e+02		2.7300000e+02		2.7250000e+02		1.2154404e+02		2.5439558e+01		6.5980250e+01		4.3905893e+01		4.2891347e+01		1.0145457e+00
2.7300000e+02		2.7400000e+02		2.7350000e+02		1.2960124e+02		2.7163024e+01		7.0259592e+01		4.6869205e+01		4.5713416e+01		1.1557886e+00
2.7400000e+02		2.7500000e+02		2.7450000e+02		8.9183780e+01		1.9133291e+01		4.9320800e+01		3.3007218e+01		3.2148702e+01		8.5851660e-01
2.7500000e+02		2.7600000e+02		2.7550000e+02		1.1893609e+02		2.5476573e+01		6.5504749e+01		4.3938588e+01		4.2720663e+01		1.2179248e+00
2.7600000e+02		2.7700000e+02		2.7650000e+02		1.6564211e+02		3.5969271e+01		9.2202803e+01		6.2020011e+01		6.0203494e+01		1.8165173e+00
2.7700000e+02		2.7800000e+02		2.7750000e+02		1.5837296e+02		3.4511949e+01		8.8231494e+01		5.9491058e+01		5.7643485e+01		1.8475731e+00
2.7800000e+02		2.7900000e+02		2.7850000e+02		1.0921797e+02		2.4071469e+01		6.1361173e+01		4.1483005e+01		4.0123481e+01		1.3595236e+00
2.7900000e+02		2.8000000e+02		2.7950000e+02		6.1368404e+01		1.3576191e+01		3.4516713e+01		2.3389416e+01		2.2578657e+01		8.1075922e-01
2.8000000e+02		2.8100000e+02		2.8050000e+02		6.7313201e+01		1.5041208e+01		3.8134779e+01		2.5906084e+01		2.4960570e+01		9.4551460e-01
2.8100000e+02		2.8200000e+02		2.8150000e+02		1.3943196e+02		3.1036087e+01		7.8509237e+01		5.3437448e+01		5.1374675e+01		2.0627724e+00
2.8200000e+02		2.8300000e+02		2.8250000e+02		1.8983287e+02		4.3611904e+01		1.0993910e+02		7.5072429e+01		7.2058184e+01		3.0142441e+00
2.8300000e+02		2.8400000e+02		2.8350000e+02		1.9610227e+02		4.4785917e+01		1.1265626e+02		7.7066593e+01		7.3798015e+01		3.2685784e+00
2.8400000e+02		2.8500000e+02		2.8450000e+02		1.4459284e+02		3.3505568e+01		8.4042752e+01		5.7638415e+01		5.5081696e+01		2.5567191e+00
2.8500000e+02		2.8600000e+02		2.8550000e+02		9.2944992e+01		2.1554519e+01		5.3939709e+01		3.7066591e+01		3.5338527e+01		1.7280641e+00
2.8600000e+02		2.8700000e+02		2.8650000e+02		1.9045522e+02		4.4938815e+01		1.1213452e+02		7.7256249e+01		7.3501026e+01		3.7552228e+00
2.8700000e+02		2.8800000e+02		2.8750000e+02		2.2108403e+02		5.2423620e+01		1.3049349e+02		9.0092064e+01		8.5506597e+01		4.5854669e+00
2.8800000e+02		2.8900000e+02		2.8850000e+02		2.1010240e+02		5.0437946e+01		1.2521623e+02		8.6650601e+01		8.2051050e+01		4.5995513e+00
2.8900000e+02		2.9000000e+02		2.8950000e+02		3.1885068e+02		7.7981546e+01		1.9304153e+02		1.3392672e+02		1.2653827e+02		7.3884524e+00
2.9000000e+02		2.9100000e+02		2.9050000e+02		4.1860542e+02		1.0207429e+02		2.5215712e+02		1.7523382e+02		1.6510851e+02		1.0125316e+01
2.9100000e+02		2.9200000e+02		2.9150000e+02		4.0318642e+02		1.0118828e+02		2.4917942e+02		1.7366258e+02		1.6330024e+02		1.0362344e+01
2.9200000e+02		2.9300000e+02		2.9250000e+02		3.5818014e+02		8.8777129e+01		2.1824585e+02		1.5229363e+02		1.4275850e+02		9.5351214e+00
2.9300000e+02		2.9400000e+02		2.9350000e+02		3.7393440e+02		9.5443333e+01		2.3389804e+02		1.6368081e+02		1.5311621e+02		1.0564603e+01
2.9400000e+02		2.9500000e+02		2.9450000e+02		3.4819581e+02		8.8920778e+01		2.1745390e+02		1.5243164e+02		1.4217925e+02		1.0252385e+01
2.9500000e+02		2.9600000e+02		2.9550000e+02		3.7701055e+02		9.9274028e+01		2.4200687e+02		1.7012821e+02		1.5834942e+02		1.1778796e+01
2.9600000e+02		2.9700000e+02		2.9650000e+02		3.4493460e+02		8.9521683e+01		2.1788828e+02		1.5333817e+02		1.4221656e+02		1.1121605e+01
2.9700000e+02		2.9800000e+02		2.9750000e+02		3.5165811e+02		9.4116793e+01		2.2835358e+02		1.6115820e+02		1.4913718e+02		1.2021024e+01
2.9800000e+02		2.9900000e+02		2.9850000e+02		3.0223333e+02		7.9878551e+01		1.9349607e+02		1.3670748e+02		1.2605009e+02		1.0657395e+01
2.9900000e+02		3.0000000e+02		2.9950000e+02		3.4101318e+02		9.3424981e+01		2.2556795e+02		1.5984374e+02		1.4707041e+02		1.2773334e+01
3.0000000e+02		3.0100000e+02		3.0050000e+02		2.7131061e+02		7.3709372e+01		1.7765631e+02		1.2604632e+02		1.1554537e+02		1.0500948e+01
3.0100000e+02		3.0200000e+02		3.0150000e+02		3.1202593e+02		8.8657320e+01		2.1291635e+02		1.5156643e+02		1.3866701e+02		1.2899426e+01
3.0200000e+02		3.0300000e+02		3.0250000e+02		3.2846528e+02		9.1349985e+01		2.1910284e+02		1.5607482e+02		1.4216906e+02		1.3905759e+01
3.0300000e+02		3.0400000e+02		3.0350000e+02		4.2601061e+02		1.2394824e+02		2.9622859e+02		2.1171168e+02		1.9246514e+02		1.9246541e+01
3.0400000e+02		3.0500000e+02		3.0450000e+02		4.0776836e+02		1.1619687e+02		2.7735130e+02		1.9834777e+02		1.7950170e+02		1.8846071e+01
3.0500000e+02		3.0600000e+02		3.0550000e+02		4.1174793e+02		1.2241878e+02		2.9120207e+02		2.0890887e+02		1.8866730e+02		2.0241570e+01
3.0600000e+02		3.0700000e+02		3.0650000e+02		3.9053943e+02		1.1370534e+02		2.7015231e+02		1.9391726e+02		1.7432637e+02		1.9590890e+01
3.0700000e+02		3.0800000e+02		3.0750000e+02		4.3847484e+02		1.3227280e+02		3.1328292e+02		2.2551087e+02		2.0225468e+02		2.3256192e+01
3.0800000e+02		3.0900000e+02		3.0850000e+02		4.3035211e+02		1.2895873e+02		3.0492805e+02		2.1973683e+02		1.9626117e+02		2.3475658e+01
3.0900000e+02		3.1000000e+02		3.0950000e+02		3.4901328e+02		1.0703849e+02		2.5242074e+02		1.8231435e+02		1.6236358e+02		1.9950775e+01
3.1000000e+02		3.1100000e+02		3.1050000e+02		4.3927411e+02		1.3495564e+02		3.1764679e+02		2.2974381e+02		2.0380831e+02		2.5935503e+01
3.1100000e+02		3.1200000e+02		3.1150000e+02		5.2246540e+02		1.6309060e+02		3.8295291e+02		2.7751698e+02		2.4537937e+02		3.2137606e+01
3.1200000e+02		3.1300000e+02		3.1250000e+02		4.6521908e+02		1.4660281e+02		3.4349911e+02		2.4933998e+02		2.1966699e+02		2.9672989e+01
3.1300000e+02		3.1400000e+02		3.1350000e+02		4.9544367e+02		1.5701172e+02		3.6715253e+02		2.6690600e+02		2.3423729e+02		3.2668706e+01
3.1400000e+02		3.1500000e+02		3.1450000e+02		4.6729179e+02		1.5018252e+02		3.5038557e+02		2.5517858e+02		2.2316443e+02		3.2014155e+01
3.1500000e+02		3.1600000e+02		3.1550000e+02		4.5343123e+02		1.4632973e+02		3.4074558e+02		2.4850022e+02		2.1645277e+02		3.2047448e+01
3.1600000e+02		3.1700000e+02		3.1650000e+02		4.4229406e+02		1.4429460e+02		3.3529536e+02		2.4492452e+02		2.1254853e+02		3.2375991e+01
3.1700000e+02		3.1800000e+02		3.1750000e+02		5.6102832e+02		1.8423786e+02		4.2727467e+02		3.1256115e+02		2.7016930e+02		4.2391853e+01
3.1800000e+02		3.1900000e+02		3.1850000e+02		4.6340678e+02		1.5348936e+02		3.5525002e+02		2.6026327e+02		2.2408689e+02		3.6176377e+01
3.1900000e+02		3.2000000e+02		3.1950000e+02		4.9774832e+02		1.6615882e+02		3.8381738e+02		2.8160020e+02		2.4149275e+02		4.0107450e+01
3.2000000e+02		3.2100000e+02		3.2050000e+02		5.7184857e+02		1.9244353e+02		4.4365711e+02		3.2597590e+02		2.7841865e+02		4.7557248e+01
3.2100000e+02		3.2200000e+02		3.2150000e+02		4.8024660e+02		1.6274842e+02		3.7447380e+02		2.7552744e+02		2.3434681e+02		4.1180624e+01
3.2200000e+02		3.2300000e+02		3.2250000e+02		4.8228681e+02		1.6467956e+02		3.7818341e+02		2.7864689e+02		2.3600714e+02		4.2639746e+01
3.2300000e+02		3.2400000e+02		3.2350000e+02		4.6607071e+02		1.6038250e+02		3.6760466e+02		2.7122975e+02		2.2875567e+02		4.2474073e+01
3.2400000e+02		3.2500000e+02		3.2450000e+02		5.4882129e+02		1.9007181e+02		4.3483997e+02		3.2126114e+02		2.6977550e+02		5.1485640e+01
3.2500000e+02		3.2600000e+02		3.2550000e+02		6.3196128e+02		2.2014096e+02		5.0271063e+02		3.7187708e+02		3.1090498e+02		6.0972092e+01
3.2600000e+02		3.2700000e+02		3.2650000e+02		7.1301257e+02		2.5022891e+02		5.7035436e+02		4.2247380e+02		3.5167995e+02		7.0793847e+01
3.2700000e+02		3.2800000e+02		3.2750000e+02		6.8984049e+02		2.4356308e+02		5.5416098e+02		4.1099048e+02		3.4059952e+02		7.0390956e+01
3.2800000e+02		3.2900000e+02		3.2850000e+02		6.6596082e+02		2.3658250e+02		5.3731477e+02		3.9898853e+02		3.2917231e+02		6.9816224e+01
3.2900000e+02		3.3000000e+02		3.2950000e+02		7.7527139e+02		2.7702393e+02		6.2805274e+02		4.6692872e+02		3.8347590e+02		8.3452822e+01
3.3000000e+02		3.3100000e+02		3.3050000e+02		7.3029799e+02		2.6243293e+02		5.9392801e+02		4.4208488e+02		3.6140616e+02		8.0678727e+01
3.3100000e+02		3.3200000e+02		3.3150000e+02		6.9881652e+02		2.5285417e+02		5.7122229e+02		4.2571129e+02		3.4643937e+02		7.9271918e+01
3.3200000e+02		3.3300000e+02		3.3250000e+02		6.8562051e+02		2.4952254e+02		5.6271247e+02		4.1986335e+02		3.4009045e+02		7.9772899e+01
3.3300000e+02		3.3400000e+02		3.3350000e+02		6.5878216e+02		2.4115209e+02		5.4289434e+02		4.0554756e+02		3.2695453e+02		7.8593034e+01
3.3400000e+02		3.3500000e+02		3.3450000e+02		6.9405546e+02		2.5551106e+02		5.7423459e+02		4.2944941e+02		3.4458574e+02		8.4863675e+01
3.3500000e+02		3.3600000e+02		3.3550000e+02		6.8541663e+02		2.5376238e+02		5.6934092e+02		4.2626609e+02		3.4040213e+02		8.5863963e+01
3.3600000e+02		3.3700000e+02		3.3650000e+02		5.6469084e+02		2.1021824e+02		4.7086159e+02		3.5291849e+02		2.8047518e+02		7.2443309e+01
3.3700000e+02		3.3800000e+02		3.3750000e+02		5.9573781e+02		2.2300139e+02		4.9867047e+02		3.7416379e+02		2.9592137e+02		7.8242417e+01
3.3800000e+02		3.3900000e+02		3.3850000e+02		6.4448401e+02		2.4258058e+02		5.4156550e+02		4.0678042e+02		3.2015109e+02		8.6629328e+01
3.3900000e+02		3.4000000e+02		3.3950000e+02		6.7448220e+02		2.5521691e+02		5.6885587e+02		4.2772257e+02		3.3497794e+02		9.2744632e+01
3.4000000e+02		3.4100000e+02		3.4050000e+02		7.1196374e+02		2.7079801e+02		6.0262025e+02		4.5357214e+02		3.5346234e+02		1.0010980e+02
3.4100000e+02		3.4200000e+02		3.4150000e+02		6.4984945e+02		2.4830605e+02		5.5170391e+02		4.1565584e+02		3.2228484e+02		9.3371004e+01
3.4200000e+02		3.4300000e+02		3.4250000e+02		7.0477558e+02		2.7090551e+02		6.0095435e+02		4.5322685e+02		3.4967631e+02		1.0355054e+02
3.4300000e+02		3.4400000e+02		3.4350000e+02		6.9264465e+02		2.6753348e+02		5.9255569e+02		4.4732428e+02		3.4337205e+02		1.0395224e+02
3.4400000e+02		3.4500000e+02		3.4450000e+02		5.5710877e+02		2.1637470e+02		4.7849768e+02		3.6157644e+02		2.7615084e+02		8.5425600e+01
3.4500000e+02		3.4600000e+02		3.4550000e+02		6.7138909e+02		2.6204328e+02		5.7860977e+02		4.3763792e+02		3.3253945e+02		1.0509847e+02
3.4600000e+02		3.4700000e+02		3.4650000e+02		6.5194093e+02		2.5570217e+02		5.6376028e+02		4.2680168e+02		3.2265417e+02		1.0414752e+02
3.4700000e+02		3.4800000e+02		3.4750000e+02		6.4525828e+02		2.5427999e+02		5.5979303e+02		4.2418290e+02		3.1902877e+02		1.0515413e+02
3.4800000e+02		3.4900000e+02		3.4850000e+02		6.6761091e+02		2.6459395e+02		5.8162202e+02		4.4113807e+02		3.3009840e+02		1.1103967e+02
3.4900000e+02		3.5000000e+02		3.4950000e+02		6.3989005e+02		2.5484046e+02		5.5936221e+02		4.2463263e+02		3.1610536e+02		1.0852727e+02
3.5000000e+02		3.5100000e+02		3.5050000e+02		7.6650484e+02		3.0666548e+02		6.7214149e+02		5.1069118e+02		3.7817828e+02		1.3251290e+02
3.5100000e+02		3.5200000e+02		3.5150000e+02		7.1211510e+02		2.8627725e+02		6.2654635e+02		4.7646288e+02		3.5097509e+02		1.2548779e+02
3.5200000e+02		3.5300000e+02		3.5250000e+02		6.5785102e+02		2.6570142e+02		5.8068124e+02		4.4196171e+02		3.2383602e+02		1.1812569e+02
3.5300000e+02		3.5400000e+02		3.5350000e+02		7.5263834e+02		3.0547573e+02		6.6665296e+02		5.0782880e+02		3.7012599e+02		1.3770281e+02
3.5400000e+02		3.5500000e+02		3.5450000e+02		8.0329241e+02		3.2751563e+02		7.1374761e+02		5.4415335e+02		3.9447610e+02		1.4967725e+02
3.5500000e+02		3.5600000e+02		3.5550000e+02		7.5433512e+02		3.0895271e+02		6.7235622e+02		5.1301559e+02		3.6990380e+02		1.4311179e+02
3.5600000e+02		3.5700000e+02		3.5650000e+02		6.5576441e+02		2.6975826e+02		5.8625247e+02		4.4767466e+02		3.2104429e+02		1.2663038e+02
3.5700000e+02		3.5800000e+02		3.5750000e+02		5.7307986e+02		2.3676222e+02		5.1384329e+02		3.9268978e+02		2.8008131e+02		1.1260847e+02
3.5800000e+02		3.5900000e+02		3.5850000e+02		4.9194729e+02		2.0415926e+02		4.4248399e+02		3.3842085e+02		2.4006166e+02		9.8359184e+01
3.5900000e+02		3.6000000e+02		3.5950000e+02		7.1030971e+02		2.9601335e+02		6.4070729e+02		4.9039870e+02		3.4595813e+02		1.4444058e+02
3.6000000e+02		3.6100000e+02		3.6050000e+02		7.0092701e+02		2.9337319e+02		6.3415208e+02		4.8574858e+02		3.4080809e+02		1.4494049e+02
3.6100000e+02		3.6200000e+02		3.6150000e+02		6.5110481e+02		2.7352680e+02		5.9049302e+02		4.5263032e+02		3.1582544e+02		1.3680488e+02
3.6200000e+02		3.6300000e+02		3.6250000e+02		7.3500056e+02		3.0988017e+02		6.6812358e+02		5.1249596e+02		3.5562065e+02		1.5687532e+02
3.6300000e+02		3.6400000e+02		3.6350000e+02		7.1558904e+02		3.0301711e+02		6.5248554e+02		5.0086544e+02		3.4565153e+02		1.5521390e+02
3.6400000e+02		3.6500000e+02		3.6450000e+02		7.4837927e+02		3.1769324e+02		6.8325976e+02		5.2482113e+02		3.6012889e+02		1.6469224e+02
3.6500000e+02		3.6600000e+02		3.6550000e+02		8.5179486e+02		3.6327117e+02		7.8028565e+02		5.9978248e+02		4.0931181e+02		1.9047068e+02
3.6600000e+02		3.6700000e+02		3.6650000e+02		9.1042532e+02		3.8922554e+02		8.3503740e+02		6.4226446e+02		4.3578847e+02		2.0647599e+02
3.6700000e+02		3.6800000e+02		3.6750000e+02		8.7909512e+02		3.7736637e+02		8.0859113e+02		6.2234878e+02		4.1991897e+02		2.0242981e+02
3.6800000e+02		3.6900000e+02		3.6850000e+02		8.1047729e+02		3.4813309e+02		7.4512617e+02		5.7379790e+02		3.8485074e+02		1.8894715e+02
3.6900000e+02		3.7000000e+02		3.6950000e+02		8.9967825e+02		3.8842159e+02		8.3031348e+02		6.3985496e+02		4.2679500e+02		2.1305996e+02
3.7000000e+02		3.7100000e+02		3.7050000e+02		8.4427990e+02		3.6796574e+02		7.8548373e+02		6.0585862e+02		4.0208365e+02		2.0377497e+02
3.7100000e+02		3.7200000e+02		3.7150000e+02		8.7164560e+02		3.8133115e+02		8.1304607e+02		6.2751814e+02		4.1409687e+02		2.1342128e+02
3.7200000e+02		3.7300000e+02		3.7250000e+02		7.2411383e+02		3.1796476e+02		6.7714284e+02		5.2295426e+02		3.4313159e+02		1.7982266e+02
3.7300000e+02		3.7400000e+02		3.7350000e+02		6.3155746e+02		2.7834036e+02		5.9206689e+02		4.5753293e+02		2.9849227e+02		1.5904066e+02
3.7400000e+02		3.7500000e+02		3.7450000e+02		6.4642322e+02		2.8592591e+02		6.0749988e+02		4.6974476e+02		3.0470458e+02		1.6504018e+02
3.7500000e+02		3.7600000e+02		3.7550000e+02		7.4036161e+02		3.2863973e+02		6.9746073e+02		5.3962744e+02		3.4804574e+02		1.9158170e+02
3.7600000e+02		3.7700000e+02		3.7650000e+02		7.6758018e+02		3.4191515e+02		7.2482566e+02		5.6112725e+02		3.5987432e+02		2.0125294e+02
3.7700000e+02		3.7800000e+02		3.7750000e+02		9.0048278e+02		4.0250354e+02		8.5232505e+02		6.6021094e+02		4.2103115e+02		2.3917979e+02
3.7800000e+02		3.7900000e+02		3.7850000e+02		9.3786543e+02		4.2064566e+02		8.8976853e+02		6.8960494e+02		4.3728940e+02		2.5231554e+02
3.7900000e+02		3.8000000e+02		3.7950000e+02		7.6051322e+02		3.4225680e+02		7.2317319e+02		5.6080004e+02		3.5359784e+02		2.0720221e+02
3.8000000e+02		3.8100000e+02		3.8050000e+02		8.2814537e+02		3.7395995e+02		7.8929840e+02		6.1241906e+02		3.8390211e+02		2.2851695e+02
3.8100000e+02		3.8200000e+02		3.8150000e+02		7.4366886e+02		3.3695759e+02		7.1041706e+02		5.5152095e+02		3.4366757e+02		2.0785338e+02
3.8200000e+02		3.8300000e+02		3.8250000e+02		5.3336093e+02		2.4248111e+02		5.1067242e+02		3.9666936e+02		2.4569814e+02		1.5097122e+02
3.8300000e+02		3.8400000e+02		3.8350000e+02		4.7073026e+02		2.1471976e+02		4.5171783e+02		3.5106501e+02		2.1614701e+02		1.3491800e+02
3.8400000e+02		3.8500000e+02		3.8450000e+02		6.2969557e+02		2.8818135e+02		6.0561382e+02		4.7091997e+02		2.8819760e+02		1.8272237e+02
3.8500000e+02		3.8600000e+02		3.8550000e+02		6.6694888e+02		3.0622591e+02		6.4285541e+02		5.0013975e+02		3.0424764e+02		1.9589211e+02
3.8600000e+02		3.8700000e+02		3.8650000e+02		6.6977732e+02		3.0851080e+02		6.4697884e+02		5.0360561e+02		3.0453039e+02		1.9907521e+02
3.8700000e+02		3.8800000e+02		3.8750000e+02		6.6902499e+02		3.0914200e+02		6.4763485e+02		5.0437073e+02		3.0317111e+02		2.0119961e+02
3.8800000e+02		3.8900000e+02		3.8850000e+02		6.7841027e+02		3.1446203e+02		6.5810782e+02		5.1278189e+02		3.0638118e+02		2.0640071e+02
3.8900000e+02		3.9000000e+02		3.8950000e+02		8.1451188e+02		3.7872054e+02		7.9178709e+02		6.1724400e+02		3.6658235e+02		2.5066164e+02
3.9000000e+02		3.9100000e+02		3.9050000e+02		8.5560997e+02		3.9905398e+02		8.3346288e+02		6.5004638e+02		3.8374292e+02		2.6630346e+02
3.9100000e+02		3.9200000e+02		3.9150000e+02		9.2006232e+02		4.3041650e+02		8.9807616e+02		7.0077301e+02		4.1119710e+02		2.8957591e+02
3.9200000e+02		3.9300000e+02		3.9250000e+02		7.0614281e+02		3.3133375e+02		6.9065879e+02		5.3917638e+02		3.1446644e+02		2.2470993e+02
3.9300000e+02		3.9400000e+02		3.9350000e+02		4.3291589e+02		2.0373461e+02		4.2426789e+02		3.3136581e+02		1.9209509e+02		1.3927072e+02
3.9400000e+02		3.9500000e+02		3.9450000e+02		7.1565803e+02		3.3778619e+02		7.0274633e+02		5.4911521e+02		3.1639645e+02		2.3271876e+02
3.9500000e+02		3.9600000e+02		3.9550000e+02		8.7888136e+02		4.1603660e+02		8.6471481e+02		6.7597874e+02		3.8713090e+02		2.8884785e+02
3.9600000e+02		3.9700000e+02		3.9650000e+02		6.0712893e+02		2.8822869e+02		5.9850325e+02		4.6807975e+02		2.6643952e+02		2.0164022e+02
3.9700000e+02		3.9800000e+02		3.9750000e+02		6.8053003e+02		3.2400083e+02		6.7215140e+02		5.2590940e+02		2.9753538e+02		2.2837402e+02
3.9800000e+02		3.9900000e+02		3.9850000e+02		1.0480559e+03		5.0039602e+02		1.0371228e+03		8.1182392e+02		4.5649227e+02		3.5533165e+02
3.9900000e+02		4.0000000e+02		3.9950000e+02		1.1577145e+03		5.5430533e+02		1.1477952e+03		8.9883768e+02		5.0233306e+02		3.9650463e+02
4.0000000e+02		4.0100000e+02		4.0050000e+02		1.1939713e+03		5.7324318e+02		1.1859309e+03		9.2908972e+02		5.1608158e+02		4.1300814e+02
