Left Bin Edge (nm)	Right Bin Edge (nm)	Bin Center (nm)		Top of Atm Intensity (erg/s/nm/cm2)		Total Surface Flux (erg/s/nm/cm2)		Total Intensity at BOA (erg/s/nm/cm2)		Total Surface Intensity (erg/s/nm/cm2)		Total Surface Diffuse Intensity (erg/s/nm/cm2)		Total Surface Direct Intensity (erg/s/nm/cm2)
1.0000000e+02		1.0100000e+02		1.0050000e+02		4.4569042e-02		0.0000000e+00		0.0000000e+00		0.0000000e+00		0.0000000e+00		0.0000000e+00
1.0100000e+02		1.0200000e+02		1.0150000e+02		1.7387199e-01		0.0000000e+00		0.0000000e+00		0.0000000e+00		0.0000000e+00		0.0000000e+00
1.0200000e+02		1.0300000e+02		1.0250000e+02		9.2286085e-01		0.0000000e+00		0.0000000e+00		0.0000000e+00		0.0000000e+00		0.0000000e+00
1.0300000e+02		1.0400000e+02		1.0350000e+02		7.0094286e-01		0.0000000e+00		0.0000000e+00		0.0000000e+00		0.0000000e+00		0.0000000e+00
1.0400000e+02		1.0500000e+02		1.0450000e+02		1.4124828e-01		0.0000000e+00		0.0000000e+00		0.0000000e+00		0.0000000e+00		0.0000000e+00
1.0500000e+02		1.0600000e+02		1.0550000e+02		4.8389941e-02		0.0000000e+00		0.0000000e+00		0.0000000e+00		0.0000000e+00		0.0000000e+00
1.0600000e+02		1.0700000e+02		1.0650000e+02		4.5487167e-02		0.0000000e+00		0.0000000e+00		0.0000000e+00		0.0000000e+00		0.0000000e+00
1.0700000e+02		1.0800000e+02		1.0750000e+02		5.0757295e-02		0.0000000e+00		0.0000000e+00		0.0000000e+00		0.0000000e+00		0.0000000e+00
1.0800000e+02		1.0900000e+02		1.0850000e+02		7.1152114e-02		0.0000000e+00		0.0000000e+00		0.0000000e+00		0.0000000e+00		0.0000000e+00
1.0900000e+02		1.1000000e+02		1.0950000e+02		5.5817450e-02		3.4321330e-04		3.3407380e-03		5.9446288e-04		5.9446288e-04		7.3737709e-111
1.1000000e+02		1.1100000e+02		1.1050000e+02		5.4043772e-02		3.4936777e-04		3.3197519e-03		6.0512273e-04		6.0512273e-04		1.6460556e-105
1.1100000e+02		1.1200000e+02		1.1150000e+02		5.0797691e-02		3.4502614e-04		3.2016237e-03		5.9760281e-04		5.9760281e-04		1.6910123e-100
1.1200000e+02		1.1300000e+02		1.1250000e+02		5.1969037e-02		3.7064381e-04		3.3598439e-03		6.4197391e-04		6.4197391e-04		9.4506535e-96
1.1300000e+02		1.1400000e+02		1.1350000e+02		4.1221387e-02		3.0851565e-04		2.7329383e-03		5.3436479e-04		5.3436479e-04		2.1487899e-91
1.1400000e+02		1.1500000e+02		1.1450000e+02		3.1562600e-02		2.4774989e-04		2.1453605e-03		4.2911540e-04		4.2911540e-04		2.5880848e-87
1.1500000e+02		1.1600000e+02		1.1550000e+02		4.3552050e-02		3.5833065e-04		3.0342167e-03		6.2064689e-04		6.2064689e-04		3.2124142e-83
1.1600000e+02		1.1700000e+02		1.1650000e+02		1.0143732e-01		8.7430131e-04		7.2416768e-03		1.5143343e-03		1.5143343e-03		3.9978043e-79
1.1700000e+02		1.1800000e+02		1.1750000e+02		3.6108525e-01		3.2585108e-03		2.6408879e-02		5.6439063e-03		5.6439063e-03		4.6777634e-75
1.1800000e+02		1.1900000e+02		1.1850000e+02		1.2283927e-01		1.1599928e-03		9.2018309e-03		2.0091664e-03		2.0091664e-03		3.3237294e-72
1.1900000e+02		1.2000000e+02		1.1950000e+02		1.7115732e-01		1.6903989e-03		1.3128941e-02		2.9278568e-03		2.9278568e-03		6.3326165e-69
1.2000000e+02		1.2100000e+02		1.2050000e+02		9.3056497e-01		9.6069910e-03		7.3077036e-02		1.6639797e-02		1.6639797e-02		3.1686810e-65
1.2100000e+02		1.2200000e+02		1.2150000e+02		3.6941242e+01		3.9845072e-01		2.9692775e+00		6.9013690e-01		6.9013690e-01		7.9936095e-61
1.2200000e+02		1.2300000e+02		1.2250000e+02		2.4773856e-01		2.7903502e-03		2.0377236e-02		4.8330283e-03		4.8330283e-03		2.4086292e-60
1.2300000e+02		1.2400000e+02		1.2350000e+02		1.3344721e-01		1.5687728e-03		1.1230084e-02		2.7171942e-03		2.7171942e-03		4.2132095e-58
1.2400000e+02		1.2500000e+02		1.2450000e+02		1.0726631e-01		1.3154873e-03		9.2335840e-03		2.2784908e-03		2.2784908e-03		8.1118979e-56
1.2500000e+02		1.2600000e+02		1.2550000e+02		1.0471361e-01		1.3390298e-03		9.2184343e-03		2.3192677e-03		2.3192677e-03		1.4257964e-53
1.2600000e+02		1.2700000e+02		1.2650000e+02		1.4644878e-01		1.9517821e-03		1.3182642e-02		3.3805858e-03		3.3805858e-03		2.7466370e-51
1.2700000e+02		1.2800000e+02		1.2750000e+02		7.6659940e-02		1.0643163e-03		7.0544864e-03		1.8434499e-03		1.8434499e-03		1.5399311e-49
1.2800000e+02		1.2900000e+02		1.2850000e+02		6.1165494e-02		8.8423358e-04		5.7531147e-03		1.5315375e-03		1.5315375e-03		1.0389805e-47
1.2900000e+02		1.3000000e+02		1.2950000e+02		8.1594975e-02		1.2276856e-03		7.8429744e-03		2.1264139e-03		2.1264139e-03		9.3847214e-46
1.3000000e+02		1.3100000e+02		1.3050000e+02		6.7007791e-01		1.0488672e-02		6.5809182e-02		1.8166913e-02		1.8166913e-02		4.2339562e-43
1.3100000e+02		1.3200000e+02		1.3150000e+02		9.0731094e-02		1.4768424e-03		9.1030268e-03		2.5579661e-03		2.5579661e-03		2.5868788e-42
1.3200000e+02		1.3300000e+02		1.3250000e+02		7.0547730e-02		1.1935987e-03		7.2294876e-03		2.0673735e-03		2.0673735e-03		7.5406228e-41
1.3300000e+02		1.3400000e+02		1.3350000e+02		9.5357088e-01		1.6762661e-02		9.9793023e-02		2.9033780e-02		2.9033780e-02		3.2086748e-38
1.3400000e+02		1.3500000e+02		1.3450000e+02		6.5246966e-02		1.1912019e-03		6.9720374e-03		2.0632221e-03		2.0632221e-03		5.8621554e-38
1.3500000e+02		1.3600000e+02		1.3550000e+02		1.3692679e-01		2.5952053e-03		1.4937261e-02		4.4950275e-03		4.4950275e-03		2.8121139e-36
1.3600000e+02		1.3700000e+02		1.3650000e+02		8.9861989e-02		1.7674354e-03		1.0006314e-02		3.0612879e-03		3.0612879e-03		3.6431397e-35
1.3700000e+02		1.3800000e+02		1.3750000e+02		9.2282630e-02		1.8827834e-03		1.0487390e-02		3.2610765e-03		3.2610765e-03		6.4301775e-34
1.3800000e+02		1.3900000e+02		1.3850000e+02		9.4180145e-02		1.9924338e-03		1.0921728e-02		3.4509966e-03		3.4509966e-03		9.8952857e-33
1.3900000e+02		1.4000000e+02		1.3950000e+02		3.1801144e-01		6.9734114e-03		3.7626666e-02		1.2078303e-02		1.2078303e-02		4.4518910e-31
1.4000000e+02		1.4100000e+02		1.4050000e+02		2.7729440e-01		6.3002527e-03		3.3469778e-02		1.0912358e-02		1.0912358e-02		4.6009946e-30
1.4100000e+02		1.4200000e+02		1.4150000e+02		1.3359910e-01		3.1439344e-03		1.6447995e-02		5.4454541e-03		5.4454541e-03		2.3519440e-29
1.4200000e+02		1.4300000e+02		1.4250000e+02		1.4479671e-01		3.5279533e-03		1.8180505e-02		6.1105944e-03		6.1105944e-03		2.4353335e-28
1.4300000e+02		1.4400000e+02		1.4350000e+02		1.6064305e-01		4.0510136e-03		2.0567820e-02		7.0165614e-03		7.0165614e-03		2.3372475e-27
1.4400000e+02		1.4500000e+02		1.4450000e+02		1.5363637e-01		4.0084743e-03		2.0055884e-02		6.9428811e-03		6.9428811e-03		1.7599594e-26
1.4500000e+02		1.4600000e+02		1.4550000e+02		1.6382583e-01		4.4207770e-03		2.1801932e-02		7.6570103e-03		7.6570103e-03		1.3514515e-25
1.4600000e+02		1.4700000e+02		1.4650000e+02		1.9977093e-01		5.5735217e-03		2.7099056e-02		9.6536227e-03		9.6536227e-03		1.0904294e-24
1.4700000e+02		1.4800000e+02		1.4750000e+02		2.4643334e-01		7.1060806e-03		3.4070302e-02		1.2308093e-02		1.2308093e-02		8.2134462e-24
1.4800000e+02		1.4900000e+02		1.4850000e+02		2.4167300e-01		7.2002269e-03		3.4049099e-02		1.2471159e-02		1.2471159e-02		4.5571460e-23
1.4900000e+02		1.5000000e+02		1.4950000e+02		2.1832777e-01		6.7184721e-03		3.1342575e-02		1.1636735e-02		1.1636735e-02		2.1664755e-22
1.5000000e+02		1.5100000e+02		1.5050000e+02		2.4023073e-01		7.6329364e-03		3.5135856e-02		1.3220634e-02		1.3220634e-02		1.1710108e-21
1.5100000e+02		1.5200000e+02		1.5150000e+02		2.5258505e-01		8.2838495e-03		3.7633518e-02		1.4348048e-02		1.4348048e-02		5.6651373e-21
1.5200000e+02		1.5300000e+02		1.5250000e+02		3.2229547e-01		1.0906917e-02		4.8912096e-02		1.8891335e-02		1.8891335e-02		3.1253835e-20
1.5300000e+02		1.5400000e+02		1.5350000e+02		3.5701286e-01		1.2462883e-02		5.5181219e-02		2.1586346e-02		2.1586346e-02		1.4108070e-19
1.5400000e+02		1.5500000e+02		1.5450000e+02		9.5486931e-01		3.4374053e-02		1.5029616e-01		5.9537606e-02		5.9537606e-02		1.4534162e-18
1.5500000e+02		1.5600000e+02		1.5550000e+02		7.8587524e-01		2.9164843e-02		1.2595227e-01		5.0514990e-02		5.0514990e-02		4.3667838e-18
1.5600000e+02		1.5700000e+02		1.5650000e+02		4.6648084e-01		1.7841353e-02		7.6117958e-02		3.0902130e-02		3.0902130e-02		8.9910003e-18
1.5700000e+02		1.5800000e+02		1.5750000e+02		4.2309893e-01		1.6672251e-02		7.0282848e-02		2.8877185e-02		2.8877185e-02		2.6942171e-17
1.5800000e+02		1.5900000e+02		1.5850000e+02		3.9008072e-01		1.5832047e-02		6.5958349e-02		2.7421910e-02		2.7421910e-02		7.8342947e-17
1.5900000e+02		1.6000000e+02		1.5950000e+02		3.8042347e-01		1.5898410e-02		6.5470369e-02		2.7536854e-02		2.7536854e-02		2.3053688e-16
1.6000000e+02		1.6100000e+02		1.6050000e+02		4.1635449e-01		1.7911358e-02		7.2921872e-02		3.1023382e-02		3.1023382e-02		7.2983154e-16
1.6100000e+02		1.6200000e+02		1.6150000e+02		4.7164413e-01		2.0880222e-02		8.4058463e-02		3.6165606e-02		3.6165606e-02		2.2969723e-15
1.6200000e+02		1.6300000e+02		1.6250000e+02		5.2241459e-01		2.3794107e-02		9.4735037e-02		4.1212602e-02		4.1212602e-02		6.8018644e-15
1.6300000e+02		1.6400000e+02		1.6350000e+02		1.1072121e+00		5.1867797e-02		2.0427293e-01		8.9837659e-02		8.9837659e-02		3.7149762e-14
1.6400000e+02		1.6500000e+02		1.6450000e+02		1.1323318e+00		5.4542416e-02		2.1251770e-01		9.4470236e-02		9.4470236e-02		9.4529065e-14
1.6500000e+02		1.6600000e+02		1.6550000e+02		1.3255566e+00		6.5634902e-02		2.5305696e-01		1.1368298e-01		1.1368298e-01		2.6624789e-13
1.6600000e+02		1.6700000e+02		1.6650000e+02		6.2522883e-01		3.1815224e-02		1.2139901e-01		5.5105585e-02		5.5105585e-02		2.9261330e-13
1.6700000e+02		1.6800000e+02		1.6750000e+02		6.6723830e-01		3.4883594e-02		1.3175625e-01		6.0420158e-02		6.0420158e-02		7.0563922e-13
1.6800000e+02		1.6900000e+02		1.6850000e+02		7.1904320e-01		3.8612296e-02		1.4438351e-01		6.6878459e-02		6.6878459e-02		1.6686318e-12
1.6900000e+02		1.7000000e+02		1.6950000e+02		9.0554889e-01		4.9934454e-02		1.8488660e-01		8.6489012e-02		8.6489012e-02		4.4836028e-12
1.7000000e+02		1.7100000e+02		1.7050000e+02		1.0161854e+00		5.7526468e-02		2.1093873e-01		9.9638766e-02		9.9638766e-02		1.0450210e-11
1.7100000e+02		1.7200000e+02		1.7150000e+02		1.0130704e+00		5.8861394e-02		2.1378242e-01		1.0195093e-01		1.0195093e-01		2.1088766e-11
1.7200000e+02		1.7300000e+02		1.7250000e+02		1.0571150e+00		6.3023176e-02		2.2675820e-01		1.0915934e-01		1.0915934e-01		4.3459727e-11
1.7300000e+02		1.7400000e+02		1.7350000e+02		1.0479596e+00		6.4091708e-02		2.2848273e-01		1.1101009e-01		1.1101009e-01		8.3100631e-11
1.7400000e+02		1.7500000e+02		1.7450000e+02		1.2530722e+00		7.8596990e-02		2.7765973e-01		1.3613398e-01		1.3613398e-01		1.8736960e-10
1.7500000e+02		1.7600000e+02		1.7550000e+02		1.4954862e+00		9.6178746e-02		3.3674974e-01		1.6658647e-01		1.6658647e-01		4.1261276e-10
1.7600000e+02		1.7700000e+02		1.7650000e+02		1.6135596e+00		1.0637609e-01		3.6919704e-01		1.8424880e-01		1.8424880e-01		8.0453099e-10
1.7700000e+02		1.7800000e+02		1.7750000e+02		1.9010195e+00		1.2844123e-01		4.4194534e-01		2.2246673e-01		2.2246673e-01		1.6790752e-09
1.7800000e+02		1.7900000e+02		1.7850000e+02		2.0776624e+00		1.4382992e-01		4.9071165e-01		2.4912073e-01		2.4912073e-01		3.1890645e-09
1.7900000e+02		1.8000000e+02		1.7950000e+02		2.0198657e+00		1.4323585e-01		4.8462303e-01		2.4809177e-01		2.4809177e-01		5.2896701e-09
1.8000000e+02		1.8100000e+02		1.8050000e+02		2.4976225e+00		1.8138886e-01		6.0869454e-01		3.1417472e-01		3.1417470e-01		1.0964336e-08
1.8100000e+02		1.8200000e+02		1.8150000e+02		3.0410490e+00		2.2613217e-01		7.5274535e-01		3.9167241e-01		3.9167239e-01		2.2002086e-08
1.8200000e+02		1.8300000e+02		1.8250000e+02		2.8073836e+00		2.1369648e-01		7.0573165e-01		3.7013316e-01		3.7013313e-01		3.2934602e-08
1.8300000e+02		1.8400000e+02		1.8350000e+02		2.9562417e+00		2.3030041e-01		7.5466142e-01		3.9889201e-01		3.9889195e-01		5.5360845e-08
1.8400000e+02		1.8500000e+02		1.8450000e+02		2.5409769e+00		2.0254339e-01		6.5864074e-01		3.5081544e-01		3.5081536e-01		7.4824114e-08
1.8500000e+02		1.8600000e+02		1.8550000e+02		2.8735562e+00		2.3431711e-01		7.5624861e-01		4.0584911e-01		4.0584898e-01		1.3114651e-07
1.8600000e+02		1.8700000e+02		1.8650000e+02		3.2604304e+00		2.7191390e-01		8.7112056e-01		4.7096865e-01		4.7096842e-01		2.2744010e-07
1.8700000e+02		1.8800000e+02		1.8750000e+02		3.6946466e+00		3.1507046e-01		1.0020656e+00		5.4571798e-01		5.4571759e-01		3.8869513e-07
1.8800000e+02		1.8900000e+02		1.8850000e+02		3.8870616e+00		3.3887654e-01		1.0701043e+00		5.8695129e-01		5.8695068e-01		6.0885040e-07
1.8900000e+02		1.9000000e+02		1.8950000e+02		4.3106081e+00		3.8410661e-01		1.2044428e+00		6.6529202e-01		6.6529103e-01		9.9288699e-07
1.9000000e+02		1.9100000e+02		1.9050000e+02		4.4384288e+00		4.0415166e-01		1.2585818e+00		7.0001099e-01		7.0000950e-01		1.4855350e-06
1.9100000e+02		1.9200000e+02		1.9150000e+02		4.8094361e+00		4.4742544e-01		1.3839247e+00		7.7496323e-01		7.7496092e-01		2.3123450e-06
1.9200000e+02		1.9300000e+02		1.9250000e+02		5.0365493e+00		4.7860954e-01		1.4705477e+00		8.2897551e-01		8.2897206e-01		3.4402732e-06
1.9300000e+02		1.9400000e+02		1.9350000e+02		3.8447944e+00		3.7312494e-01		1.1389600e+00		6.4627079e-01		6.4626709e-01		3.6915347e-06
1.9400000e+02		1.9500000e+02		1.9450000e+02		6.1679797e+00		6.1117972e-01		1.8536562e+00		1.0585931e+00		1.0585848e+00		8.2393318e-06
1.9500000e+02		1.9600000e+02		1.9550000e+02		5.9528271e+00		6.0215298e-01		1.8147718e+00		1.0429579e+00		1.0429469e+00		1.0954442e-05
1.9600000e+02		1.9700000e+02		1.9650000e+02		6.5508102e+00		6.7631597e-01		2.0256659e+00		1.1714111e+00		1.1713946e+00		1.6448917e-05
1.9700000e+02		1.9800000e+02		1.9750000e+02		6.5190955e+00		6.8679524e-01		2.0445405e+00		1.1895608e+00		1.1895387e+00		2.2131481e-05
1.9800000e+02		1.9900000e+02		1.9850000e+02		6.3883794e+00		6.8664290e-01		2.0318710e+00		1.1892959e+00		1.1892668e+00		2.9063117e-05
1.9900000e+02		2.0000000e+02		1.9950000e+02		6.7274707e+00		7.3757821e-01		2.1697803e+00		1.2775167e+00		1.2774760e+00		4.0664498e-05
2.0000000e+02		2.0100000e+02		2.0050000e+02		7.1125146e+00		7.9526508e-01		2.3259856e+00		1.3774308e+00		1.3773741e+00		5.6651711e-05
2.0100000e+02		2.0200000e+02		2.0150000e+02		7.5701275e+00		8.6306119e-01		2.5099687e+00		1.4948536e+00		1.4947748e+00		7.8824057e-05
2.0200000e+02		2.0300000e+02		2.0250000e+02		7.4828608e+00		8.6970823e-01		2.5152161e+00		1.5063632e+00		1.5062622e+00		1.0107611e-04
2.0300000e+02		2.0400000e+02		2.0350000e+02		8.0092047e+00		9.4881468e-01		2.7289827e+00		1.6433737e+00		1.6432344e+00		1.3930615e-04
2.0400000e+02		2.0500000e+02		2.0450000e+02		8.6207445e+00		1.0407397e+00		2.9772892e+00		1.8025844e+00		1.8023927e+00		1.9169515e-04
2.0500000e+02		2.0600000e+02		2.0550000e+02		8.6400754e+00		1.0627721e+00		3.0242639e+00		1.8407376e+00		1.8404937e+00		2.4392761e-04
2.0600000e+02		2.0700000e+02		2.0650000e+02		8.6510225e+00		1.0840166e+00		3.0687142e+00		1.8775242e+00		1.8772162e+00		3.0802188e-04
2.0700000e+02		2.0800000e+02		2.0750000e+02		9.3957826e+00		1.1991363e+00		3.3773001e+00		2.0769003e+00		2.0764811e+00		4.1918846e-04
2.0800000e+02		2.0900000e+02		2.0850000e+02		1.0163489e+01		1.3208924e+00		3.7015869e+00		2.2877655e+00		2.2872009e+00		5.6463416e-04
2.0900000e+02		2.1000000e+02		2.0950000e+02		1.3129215e+01		1.7373005e+00		4.8445445e+00		3.0089533e+00		3.0080505e+00		9.0279093e-04
2.1000000e+02		2.1100000e+02		2.1050000e+02		1.6183343e+01		2.1799130e+00		6.0493955e+00		3.7755085e+00		3.7741392e+00		1.3693162e-03
2.1100000e+02		2.1200000e+02		2.1150000e+02		1.8424170e+01		2.5259072e+00		6.9762428e+00		4.3747050e+00		4.3727975e+00		1.9074677e-03
2.1200000e+02		2.1300000e+02		2.1250000e+02		1.6428561e+01		2.2919859e+00		6.3006207e+00		3.9695163e+00		3.9674465e+00		2.0698055e-03
2.1300000e+02		2.1400000e+02		2.1350000e+02		1.6737981e+01		2.3758744e+00		6.5012538e+00		4.1147408e+00		4.1121881e+00		2.5526903e-03
2.1400000e+02		2.1500000e+02		2.1450000e+02		2.1432541e+01		3.0947650e+00		8.4302004e+00		5.3596821e+00		5.3557455e+00		3.9365194e-03
2.1500000e+02		2.1600000e+02		2.1550000e+02		1.8408135e+01		2.7034829e+00		7.3316883e+00		4.6819438e+00		4.6778921e+00		4.0517478e-03
2.1600000e+02		2.1700000e+02		2.1650000e+02		1.7036901e+01		2.5444332e+00		6.8702794e+00		4.4063967e+00		4.4019244e+00		4.4723539e-03
2.1700000e+02		2.1800000e+02		2.1750000e+02		1.7640866e+01		2.6787634e+00		7.2019941e+00		4.6389051e+00		4.6334076e+00		5.4974814e-03
2.1800000e+02		2.1900000e+02		2.1850000e+02		2.3730294e+01		3.6631907e+00		9.8071842e+00		6.3434824e+00		6.3347427e+00		8.7396591e-03
2.1900000e+02		2.2000000e+02		2.1950000e+02		2.5052511e+01		3.9307745e+00		1.0479968e+01		6.8066242e+00		6.7957674e+00		1.0856775e-02
2.2000000e+02		2.2100000e+02		2.2050000e+02		2.5203754e+01		4.0187559e+00		1.0670883e+01		6.9587126e+00		6.9459146e+00		1.2798022e-02
2.2100000e+02		2.2200000e+02		2.2150000e+02		2.0176768e+01		3.2689415e+00		8.6451384e+00		5.6601259e+00		5.6481700e+00		1.1955953e-02
2.2200000e+02		2.2300000e+02		2.2250000e+02		2.7154039e+01		4.4694006e+00		1.1773311e+01		7.7383400e+00		7.7196373e+00		1.8702683e-02
2.2300000e+02		2.2400000e+02		2.2350000e+02		3.5163062e+01		5.8788385e+00		1.5425992e+01		1.0178115e+01		1.0150072e+01		2.8043223e-02
2.2400000e+02		2.2500000e+02		2.2450000e+02		3.2875934e+01		5.5821842e+00		1.4591670e+01		9.6639544e+00		9.6337078e+00		3.0246636e-02
2.2500000e+02		2.2600000e+02		2.2550000e+02		2.8720078e+01		4.9518176e+00		1.2895290e+01		8.5721082e+00		8.5417359e+00		3.0372294e-02
2.2600000e+02		2.2700000e+02		2.2650000e+02		2.1037217e+01		3.6825829e+00		9.5545505e+00		6.3744844e+00		6.3490011e+00		2.5483317e-02
2.2700000e+02		2.2800000e+02		2.2750000e+02		2.0463841e+01		3.6363812e+00		9.4003356e+00		6.2940258e+00		6.2657276e+00		2.8298216e-02
2.2800000e+02		2.2900000e+02		2.2850000e+02		2.8509984e+01		5.1419814e+00		1.3244787e+01		8.8992438e+00		8.8543852e+00		4.4858615e-02
2.2900000e+02		2.3000000e+02		2.2950000e+02		2.5620938e+01		4.6893604e+00		1.2036280e+01		8.1151477e+00		8.0694245e+00		4.5723167e-02
2.3000000e+02		2.3100000e+02		2.3050000e+02		2.9055844e+01		5.3959934e+00		1.3801848e+01		9.3370782e+00		9.2784477e+00		5.8630515e-02
2.3100000e+02		2.3200000e+02		2.3150000e+02		2.7387429e+01		5.1599236e+00		1.3152813e+01		8.9276264e+00		8.8653266e+00		6.2299805e-02
2.3200000e+02		2.3300000e+02		2.3250000e+02		2.9413108e+01		5.6211124e+00		1.4280024e+01		9.7244352e+00		9.6492285e+00		7.5206654e-02
2.3300000e+02		2.3400000e+02		2.3350000e+02		2.6543685e+01		5.1447898e+00		1.3026470e+01		8.8992865e+00		8.8232139e+00		7.6072585e-02
2.3400000e+02		2.3500000e+02		2.3450000e+02		2.3194371e+01		4.5587974e+00		1.1504887e+01		7.8845913e+00		7.8102879e+00		7.4303392e-02
2.3500000e+02		2.3600000e+02		2.3550000e+02		3.1223226e+01		6.2221922e+00		1.5651949e+01		1.0759929e+01		1.0648421e+01		1.1150773e-01
2.3600000e+02		2.3700000e+02		2.3650000e+02		2.8911473e+01		5.8407816e+00		1.4645638e+01		1.0098796e+01		9.9839878e+00		1.1480849e-01
2.3700000e+02		2.3800000e+02		2.3750000e+02		3.0878004e+01		6.3229927e+00		1.5804879e+01		1.0930737e+01		1.0794738e+01		1.3599950e-01
2.3800000e+02		2.3900000e+02		2.3850000e+02		2.5598090e+01		5.3124127e+00		1.3237616e+01		9.1820998e+00		9.0573560e+00		1.2474377e-01
2.3900000e+02		2.4000000e+02		2.3950000e+02		2.7890834e+01		5.8653653e+00		1.4570696e+01		1.0135937e+01		9.9859110e+00		1.5002549e-01
2.4000000e+02		2.4100000e+02		2.4050000e+02		2.5623038e+01		5.4594952e+00		1.3521419e+01		9.4326774e+00		9.2808939e+00		1.5178354e-01
2.4100000e+02		2.4200000e+02		2.4150000e+02		3.0005079e+01		6.4765600e+00		1.5992470e+01		1.1187563e+01		1.0992262e+01		1.9530155e-01
2.4200000e+02		2.4300000e+02		2.4250000e+02		4.1301739e+01		9.0299552e+00		2.2231790e+01		1.5594812e+01		1.5300065e+01		2.9474724e-01
2.4300000e+02		2.4400000e+02		2.4350000e+02		3.8791639e+01		8.5894105e+00		2.1085589e+01		1.4830510e+01		1.4527631e+01		3.0287961e-01
2.4400000e+02		2.4500000e+02		2.4450000e+02		3.6329084e+01		8.1457006e+00		1.9938837e+01		1.4060928e+01		1.3751228e+01		3.0970085e-01
2.4500000e+02		2.4600000e+02		2.4550000e+02		2.9476122e+01		6.6916673e+00		1.6333141e+01		1.1548013e+01		1.1274206e+01		2.7380700e-01
2.4600000e+02		2.4700000e+02		2.4650000e+02		2.8685918e+01		6.5927168e+00		1.6046429e+01		1.1374157e+01		1.1084367e+01		2.8978994e-01
2.4700000e+02		2.4800000e+02		2.4750000e+02		3.1678139e+01		7.3693488e+00		1.7886933e+01		1.2710429e+01		1.2363059e+01		3.4736956e-01
2.4800000e+02		2.4900000e+02		2.4850000e+02		2.5406301e+01		5.9817361e+00		1.4479070e+01		1.0314045e+01		1.0012195e+01		3.0184971e-01
2.4900000e+02		2.5000000e+02		2.4950000e+02		3.0967514e+01		7.3782182e+00		1.7810866e+01		1.2717983e+01		1.2320065e+01		3.9791847e-01
2.5000000e+02		2.5100000e+02		2.5050000e+02		3.3448743e+01		8.0635769e+00		1.9413083e+01		1.3894847e+01		1.3430814e+01		4.6403235e-01
2.5100000e+02		2.5200000e+02		2.5150000e+02		2.7888154e+01		6.8016513e+00		1.6331542e+01		1.1716393e+01		1.1299397e+01		4.1699565e-01
2.5200000e+02		2.5300000e+02		2.5250000e+02		2.5069906e+01		6.1849796e+00		1.4811862e+01		1.0650393e+01		1.0247036e+01		4.0335743e-01
2.5300000e+02		2.5400000e+02		2.5350000e+02		3.1592540e+01		7.8832597e+00		1.8829896e+01		1.3569856e+01		1.3023785e+01		5.4607061e-01
2.5400000e+02		2.5500000e+02		2.5450000e+02		3.5730773e+01		9.0166374e+00		2.1481734e+01		1.5514947e+01		1.4852496e+01		6.6245048e-01
2.5500000e+02		2.5600000e+02		2.5550000e+02		4.8755658e+01		1.2440956e+01		2.9564650e+01		2.1398827e+01		2.0430726e+01		9.6810074e-01
2.5600000e+02		2.5700000e+02		2.5650000e+02		6.2803876e+01		1.6202714e+01		3.8407176e+01		2.7857927e+01		2.6524340e+01		1.3335876e+00
2.5700000e+02		2.5800000e+02		2.5750000e+02		7.8843355e+01		2.0562954e+01		4.8621333e+01		3.5339928e+01		3.3552158e+01		1.7877704e+00
2.5800000e+02		2.5900000e+02		2.5850000e+02		8.2991293e+01		2.1878572e+01		5.1604546e+01		3.7584829e+01		3.5578145e+01		2.0066838e+00
2.5900000e+02		2.6000000e+02		2.5950000e+02		7.0629481e+01		1.8818536e+01		4.4278525e+01		3.2313746e+01		3.0495150e+01		1.8185961e+00
2.6000000e+02		2.6100000e+02		2.6050000e+02		5.7868388e+01		1.5581254e+01		3.6572822e+01		2.6742756e+01		2.5158174e+01		1.5845825e+00
2.6100000e+02		2.6200000e+02		2.6150000e+02		5.9092703e+01		1.6076974e+01		3.7646050e+01		2.7580673e+01		2.5862113e+01		1.7185606e+00
2.6200000e+02		2.6300000e+02		2.6250000e+02		7.0528613e+01		1.9386255e+01		4.5287476e+01		3.3241900e+01		3.1066182e+01		2.1757178e+00
2.6300000e+02		2.6400000e+02		2.6350000e+02		1.0614195e+02		2.9472900e+01		6.8688822e+01		5.0512725e+01		4.7043813e+01		3.4689116e+00
2.6400000e+02		2.6500000e+02		2.6450000e+02		1.6548208e+02		4.6413420e+01		1.0791840e+02		7.9506425e+01		7.3783706e+01		5.7227189e+00
2.6500000e+02		2.6600000e+02		2.6550000e+02		1.7356948e+02		4.9166891e+01		1.1405727e+02		8.4179616e+01		7.7835668e+01		6.3439474e+00
2.6600000e+02		2.6700000e+02		2.6650000e+02		1.6826276e+02		4.8133185e+01		1.1140444e+02		8.2366239e+01		7.5873750e+01		6.4924895e+00
2.6700000e+02		2.6800000e+02		2.6750000e+02		1.6940220e+02		4.8930957e+01		1.1299484e+02		8.3686190e+01		7.6793415e+01		6.8927743e+00
2.6800000e+02		2.6900000e+02		2.6850000e+02		1.6778062e+02		4.8928943e+01		1.1273710e+02		8.3636620e+01		7.6445520e+01		7.1911002e+00
2.6900000e+02		2.7000000e+02		2.6950000e+02		1.5737310e+02		4.6330358e+01		1.0651281e+02		7.9150208e+01		7.2052779e+01		7.0974291e+00
2.7000000e+02		2.7100000e+02		2.7050000e+02		1.8181465e+02		5.4029050e+01		1.2393888e+02		9.2249669e+01		8.3630482e+01		8.6191872e+00
2.7100000e+02		2.7200000e+02		2.7150000e+02		1.5108640e+02		4.5314766e+01		1.0372247e+02		7.7325682e+01		6.9804422e+01		7.5212597e+00
2.7200000e+02		2.7300000e+02		2.7250000e+02		1.2154404e+02		3.6788917e+01		8.4025600e+01		6.2739797e+01		5.6392362e+01		6.3474352e+00
2.7300000e+02		2.7400000e+02		2.7350000e+02		1.2960124e+02		3.9583569e+01		9.0215193e+01		6.7465047e+01		6.0371635e+01		7.0934123e+00
2.7400000e+02		2.7500000e+02		2.7450000e+02		8.9183780e+01		2.7483248e+01		6.2504515e+01		4.6812896e+01		4.1701900e+01		5.1109959e+00
2.7500000e+02		2.7600000e+02		2.7550000e+02		1.1893609e+02		3.6976567e+01		8.3918349e+01		6.2943887e+01		5.5813568e+01		7.1303185e+00
2.7600000e+02		2.7700000e+02		2.7650000e+02		1.6564211e+02		5.1948050e+01		1.1765081e+02		8.8373445e+01		7.7994501e+01		1.0378945e+01
2.7700000e+02		2.7800000e+02		2.7750000e+02		1.5837296e+02		5.0097992e+01		1.1322688e+02		8.5171567e+01		7.4808900e+01		1.0362666e+01
2.7800000e+02		2.7900000e+02		2.7850000e+02		1.0921797e+02		3.4844149e+01		7.8590635e+01		5.9200078e+01		5.1743793e+01		7.4562850e+00
2.7900000e+02		2.8000000e+02		2.7950000e+02		6.1368404e+01		1.9743910e+01		4.4442034e+01		3.3522790e+01		2.9155120e+01		4.3676700e+00
2.8000000e+02		2.8100000e+02		2.8050000e+02		6.7313201e+01		2.1837238e+01		4.9055341e+01		3.7052359e+01		3.2062032e+01		4.9903272e+00
2.8100000e+02		2.8200000e+02		2.8150000e+02		1.3943196e+02		4.5606411e+01		1.0224693e+02		7.7330705e+01		6.6571742e+01		1.0758963e+01
2.8200000e+02		2.8300000e+02		2.8250000e+02		1.8983287e+02		6.2597717e+01		1.4006402e+02		1.0606921e+02		9.0834919e+01		1.5234295e+01
2.8300000e+02		2.8400000e+02		2.8350000e+02		1.9610227e+02		6.5185508e+01		1.4556960e+02		1.1037830e+02		9.4023404e+01		1.6354898e+01
2.8400000e+02		2.8500000e+02		2.8450000e+02		1.4459284e+02		4.8445657e+01		1.0797763e+02		8.1975949e+01		6.9453036e+01		1.2522913e+01
2.8500000e+02		2.8600000e+02		2.8550000e+02		9.2944992e+01		3.1385741e+01		6.9819766e+01		5.3071361e+01		4.4717939e+01		8.3534220e+00
2.8600000e+02		2.8700000e+02		2.8650000e+02		1.9045522e+02		6.4812197e+01		1.4390552e+02		1.0951617e+02		9.1765901e+01		1.7750266e+01
2.8700000e+02		2.8800000e+02		2.8750000e+02		2.2108403e+02		7.5812052e+01		1.6801240e+02		1.2801208e+02		1.0665983e+02		2.1352251e+01
2.8800000e+02		2.8900000e+02		2.8850000e+02		2.1010240e+02		7.2592023e+01		1.6057647e+02		1.2248715e+02		1.0147361e+02		2.1013540e+01
2.8900000e+02		2.9000000e+02		2.8950000e+02		3.1885068e+02		1.1098969e+02		2.4506039e+02		1.8714190e+02		1.5413903e+02		3.3002871e+01
2.9000000e+02		2.9100000e+02		2.9050000e+02		4.1860542e+02		1.4679065e+02		3.2351455e+02		2.4732697e+02		2.0251582e+02		4.4811153e+01
2.9100000e+02		2.9200000e+02		2.9150000e+02		4.0318642e+02		1.4241605e+02		3.1330459e+02		2.3978103e+02		1.9517115e+02		4.4609887e+01
2.9200000e+02		2.9300000e+02		2.9250000e+02		3.5818014e+02		1.2743118e+02		2.7983583e+02		2.1439400e+02		1.7345815e+02		4.0935856e+01
2.9300000e+02		2.9400000e+02		2.9350000e+02		3.7393440e+02		1.3398399e+02		2.9370250e+02		2.2525228e+02		1.8113445e+02		4.4117827e+01
2.9400000e+02		2.9500000e+02		2.9450000e+02		3.4819581e+02		1.2563967e+02		2.7492611e+02		2.1106729e+02		1.6868313e+02		4.2384158e+01
2.9500000e+02		2.9600000e+02		2.9550000e+02		3.7701055e+02		1.3698261e+02		2.9922396e+02		2.2995139e+02		1.8263131e+02		4.7320086e+01
2.9600000e+02		2.9700000e+02		2.9650000e+02		3.4493460e+02		1.2618877e+02		2.7516969e+02		2.1167351e+02		1.6705685e+02		4.4616653e+01
2.9700000e+02		2.9800000e+02		2.9750000e+02		3.5165811e+02		1.2952104e+02		2.8195277e+02		2.1710017e+02		1.7025006e+02		4.6850114e+01
2.9800000e+02		2.9900000e+02		2.9850000e+02		3.0223333e+02		1.1206292e+02		2.4353494e+02		1.8769590e+02		1.4624548e+02		4.1450425e+01
2.9900000e+02		3.0000000e+02		2.9950000e+02		3.4101318e+02		1.2727854e+02		2.7613722e+02		2.1301988e+02		1.6489980e+02		4.8120081e+01
3.0000000e+02		3.0100000e+02		3.0050000e+02		2.7131061e+02		1.0192488e+02		2.2076358e+02		1.7045763e+02		1.3108745e+02		3.9370182e+01
3.0100000e+02		3.0200000e+02		3.0150000e+02		3.1202593e+02		1.1797741e+02		2.5511183e+02		1.9715405e+02		1.5061489e+02		4.6539163e+01
3.0200000e+02		3.0300000e+02		3.0250000e+02		3.2846528e+02		1.2498507e+02		2.6982450e+02		2.0870604e+02		1.5837556e+02		5.0330481e+01
3.0300000e+02		3.0400000e+02		3.0350000e+02		4.2601061e+02		1.6312320e+02		3.5159074e+02		2.7218374e+02		2.0515410e+02		6.7029634e+01
3.0400000e+02		3.0500000e+02		3.0450000e+02		4.0776836e+02		1.5710935e+02		3.3808747e+02		2.6194955e+02		1.9609885e+02		6.5850696e+01
3.0500000e+02		3.0600000e+02		3.0550000e+02		4.1174793e+02		1.5961733e+02		3.4294093e+02		2.6592832e+02		1.9771351e+02		6.8214807e+01
3.0600000e+02		3.0700000e+02		3.0650000e+02		3.9053943e+02		1.5231439e+02		3.2673771e+02		2.5356787e+02		1.8722157e+02		6.6346304e+01
3.0700000e+02		3.0800000e+02		3.0750000e+02		4.3847484e+02		1.7203462e+02		3.6846820e+02		2.8617904e+02		2.0982896e+02		7.6350089e+01
3.0800000e+02		3.0900000e+02		3.0850000e+02		4.3035211e+02		1.6984717e+02		3.6322444e+02		2.8232478e+02		2.0555076e+02		7.6774019e+01
3.0900000e+02		3.1000000e+02		3.0950000e+02		3.4901328e+02		1.3855046e+02		2.9584487e+02		2.3012697e+02		1.6636317e+02		6.3763799e+01
3.1000000e+02		3.1100000e+02		3.1050000e+02		4.3927411e+02		1.7538891e+02		3.7394192e+02		2.9109229e+02		2.0893804e+02		8.2154245e+01
3.1100000e+02		3.1200000e+02		3.1150000e+02		5.2246540e+02		2.0979433e+02		4.4663048e+02		3.4792983e+02		2.4794407e+02		9.9985758e+01
3.1200000e+02		3.1300000e+02		3.1250000e+02		4.6521908e+02		1.8785943e+02		3.9934365e+02		3.1131542e+02		2.2025031e+02		9.1065116e+01
3.1300000e+02		3.1400000e+02		3.1350000e+02		4.9544367e+02		2.0117730e+02		4.2703007e+02		3.3313234e+02		2.3397291e+02		9.9159430e+01
3.1400000e+02		3.1500000e+02		3.1450000e+02		4.6729179e+02		1.9078857e+02		4.0439339e+02		3.1569005e+02		2.2010105e+02		9.5588995e+01
3.1500000e+02		3.1600000e+02		3.1550000e+02		4.5343123e+02		1.8613404e+02		3.9396365e+02		3.0775540e+02		2.1299009e+02		9.4765309e+01
3.1600000e+02		3.1700000e+02		3.1650000e+02		4.4229406e+02		1.8253523e+02		3.8579989e+02		3.0157726e+02		2.0716926e+02		9.4408001e+01
3.1700000e+02		3.1800000e+02		3.1750000e+02		5.6102832e+02		2.3276246e+02		4.9126947e+02		3.8427102e+02		2.6201029e+02		1.2226073e+02
3.1800000e+02		3.1900000e+02		3.1850000e+02		4.6340678e+02		1.9326572e+02		4.0734222e+02		3.1882558e+02		2.1575919e+02		1.0306639e+02
3.1900000e+02		3.2000000e+02		3.1950000e+02		4.9774832e+02		2.0865972e+02		4.3918474e+02		3.4396280e+02		2.3101754e+02		1.1294526e+02
3.2000000e+02		3.2100000e+02		3.2050000e+02		5.7184857e+02		2.4094541e+02		5.0645110e+02		3.9688711e+02		2.6454538e+02		1.3234174e+02
3.2100000e+02		3.2200000e+02		3.2150000e+02		4.8024660e+02		2.0336839e+02		4.2689274e+02		3.3474055e+02		2.2142365e+02		1.1331690e+02
3.2200000e+02		3.2300000e+02		3.2250000e+02		4.8228681e+02		2.0524812e+02		4.3026606e+02		3.3758384e+02		2.2159659e+02		1.1598725e+02
3.2300000e+02		3.2400000e+02		3.2350000e+02		4.6607071e+02		1.9932129e+02		4.1729220e+02		3.2759322e+02		2.1338591e+02		1.1420731e+02
3.2400000e+02		3.2500000e+02		3.2450000e+02		5.4882129e+02		2.3584934e+02		4.9312380e+02		3.8734310e+02		2.5035725e+02		1.3698585e+02
3.2500000e+02		3.2600000e+02		3.2550000e+02		6.3196128e+02		2.7287900e+02		5.6981272e+02		4.4782925e+02		2.8720689e+02		1.6062236e+02
3.2600000e+02		3.2700000e+02		3.2650000e+02		7.1301257e+02		3.0933365e+02		6.4511313e+02		5.0728499e+02		3.2280288e+02		1.8448212e+02
3.2700000e+02		3.2800000e+02		3.2750000e+02		6.8984049e+02		3.0067944e+02		6.2627496e+02		4.9273389e+02		3.1109007e+02		1.8164382e+02
3.2800000e+02		3.2900000e+02		3.2850000e+02		6.6596082e+02		2.9161097e+02		6.0662964e+02		4.7752686e+02		2.9912011e+02		1.7840676e+02
3.2900000e+02		3.3000000e+02		3.2950000e+02		7.7527139e+02		3.4102360e+02		7.0854668e+02		5.5803967e+02		3.4679522e+02		2.1124445e+02
3.3000000e+02		3.3100000e+02		3.3050000e+02		7.3029799e+02		3.2268736e+02		6.6963173e+02		5.2765587e+02		3.2531612e+02		2.0233975e+02
3.3100000e+02		3.3200000e+02		3.3150000e+02		6.9881652e+02		3.1015028e+02		6.4283867e+02		5.0679310e+02		3.0996967e+02		1.9682343e+02
3.3200000e+02		3.3300000e+02		3.3250000e+02		6.8562051e+02		3.0563020e+02		6.3271410e+02		4.9905228e+02		3.0279978e+02		1.9625250e+02
3.3300000e+02		3.3400000e+02		3.3350000e+02		6.5878216e+02		2.9494045e+02		6.0986349e+02		4.8125692e+02		2.8966443e+02		1.9159249e+02
3.3400000e+02		3.3500000e+02		3.3450000e+02		6.9405546e+02		3.1206397e+02		6.4451723e+02		5.0883945e+02		3.0380553e+02		2.0503392e+02
3.3500000e+02		3.3600000e+02		3.3550000e+02		6.8541663e+02		3.0948401e+02		6.3845055e+02		5.0427975e+02		2.9865620e+02		2.0562354e+02
3.3600000e+02		3.3700000e+02		3.3650000e+02		5.6469084e+02		2.5603888e+02		5.2759248e+02		4.1690500e+02		2.4491252e+02		1.7199248e+02
3.3700000e+02		3.3800000e+02		3.3750000e+02		5.9573781e+02		2.7123124e+02		5.5826633e+02		4.4133716e+02		2.5716233e+02		1.8417483e+02
3.3800000e+02		3.3900000e+02		3.3850000e+02		6.4448401e+02		2.9462128e+02		6.0573165e+02		4.7906699e+02		2.7687614e+02		2.0219085e+02
3.3900000e+02		3.4000000e+02		3.3950000e+02		6.7448220e+02		3.0957667e+02		6.3577600e+02		5.0304112e+02		2.8835997e+02		2.1468115e+02
3.4000000e+02		3.4100000e+02		3.4050000e+02		7.1196374e+02		3.2808016e+02		6.7304007e+02		5.3274599e+02		3.0288934e+02		2.2985664e+02
3.4100000e+02		3.4200000e+02		3.4150000e+02		6.4984945e+02		3.0063400e+02		6.1606896e+02		4.8784864e+02		2.7508801e+02		2.1276063e+02
3.4200000e+02		3.4300000e+02		3.4250000e+02		7.0477558e+02		3.2730950e+02		6.7001618e+02		5.3077961e+02		2.9683445e+02		2.3394516e+02
3.4300000e+02		3.4400000e+02		3.4350000e+02		6.9264465e+02		3.2290895e+02		6.6030922e+02		5.2329455e+02		2.9023573e+02		2.3305882e+02
3.4400000e+02		3.4500000e+02		3.4450000e+02		5.5710877e+02		2.6070606e+02		5.3255454e+02		4.2221111e+02		2.3223639e+02		1.8997472e+02
3.4500000e+02		3.4600000e+02		3.4550000e+02		6.7138909e+02		3.1536022e+02		6.4353264e+02		5.1038716e+02		2.7841204e+02		2.3197512e+02
3.4600000e+02		3.4700000e+02		3.4650000e+02		6.5194093e+02		3.0735663e+02		6.2655899e+02		4.9710903e+02		2.6891779e+02		2.2819123e+02
3.4700000e+02		3.4800000e+02		3.4750000e+02		6.4525828e+02		3.0531638e+02		6.2177053e+02		4.9348885e+02		2.6473851e+02		2.2875033e+02
3.4800000e+02		3.4900000e+02		3.4850000e+02		6.6761091e+02		3.1703181e+02		6.4498322e+02		5.1209462e+02		2.7242970e+02		2.3966492e+02
3.4900000e+02		3.5000000e+02		3.4950000e+02		6.3989005e+02		3.0495001e+02		6.1979008e+02		4.9226406e+02		2.5969264e+02		2.3257141e+02
3.5000000e+02		3.5100000e+02		3.5050000e+02		7.6650484e+02		3.6657539e+02		7.4431102e+02		5.9136668e+02		3.0936329e+02		2.8200339e+02
3.5100000e+02		3.5200000e+02		3.5150000e+02		7.1211510e+02		3.4174737e+02		6.9322824e+02		5.5096597e+02		2.8581202e+02		2.6515395e+02
3.5200000e+02		3.5300000e+02		3.5250000e+02		6.5785102e+02		3.1678953e+02		6.4198741e+02		5.1040918e+02		2.6254976e+02		2.4785942e+02
3.5300000e+02		3.5400000e+02		3.5350000e+02		7.5263834e+02		3.6366360e+02		7.3628305e+02		5.8556830e+02		2.9867719e+02		2.8689111e+02
3.5400000e+02		3.5500000e+02		3.5450000e+02		8.0329241e+02		3.8943911e+02		7.8773188e+02		6.2668510e+02		3.1695630e+02		3.0972881e+02
3.5500000e+02		3.5600000e+02		3.5550000e+02		7.5433512e+02		3.6691465e+02		7.4148497e+02		5.9007737e+02		2.9592312e+02		2.9415425e+02
3.5600000e+02		3.5700000e+02		3.5650000e+02		6.5576441e+02		3.2001183e+02		6.4610973e+02		5.1433498e+02		2.5575880e+02		2.5857618e+02
3.5700000e+02		3.5800000e+02		3.5750000e+02		5.7307986e+02		2.8056512e+02		5.6595427e+02		4.5066295e+02		2.2220093e+02		2.2846201e+02
3.5800000e+02		3.5900000e+02		3.5850000e+02		4.9194729e+02		2.4161313e+02		4.8694513e+02		3.8786348e+02		1.8961712e+02		1.9824636e+02
3.5900000e+02		3.6000000e+02		3.5950000e+02		7.1030971e+02		3.4995843e+02		7.0468033e+02		5.6145769e+02		2.7215461e+02		2.8930307e+02
3.6000000e+02		3.6100000e+02		3.6050000e+02		7.0092701e+02		3.4641109e+02		6.9692812e+02		5.5543930e+02		2.6695059e+02		2.8848871e+02
3.6100000e+02		3.6200000e+02		3.6150000e+02		6.5110481e+02		3.2277799e+02		6.4882103e+02		5.1724348e+02		2.4647946e+02		2.7076402e+02
3.6200000e+02		3.6300000e+02		3.6250000e+02		7.3500056e+02		3.6547584e+02		7.3402136e+02		5.8532638e+02		2.7654848e+02		3.0877790e+02
3.6300000e+02		3.6400000e+02		3.6350000e+02		7.1558904e+02		3.5689202e+02		7.1617651e+02		5.7125054e+02		2.6759841e+02		3.0365213e+02
3.6400000e+02		3.6500000e+02		3.6450000e+02		7.4837927e+02		3.7435310e+02		7.5058871e+02		5.9885768e+02		2.7813825e+02		3.2071943e+02
3.6500000e+02		3.6600000e+02		3.6550000e+02		8.5179486e+02		4.2733240e+02		8.5610661e+02		6.8322292e+02		3.1461279e+02		3.6861012e+02
3.6600000e+02		3.6700000e+02		3.6650000e+02		9.1042532e+02		4.5806913e+02		9.1693501e+02		7.3195451e+02		3.3417332e+02		3.9778118e+02
3.6700000e+02		3.6800000e+02		3.6750000e+02		8.7909512e+02		4.4357131e+02		8.8719784e+02		7.0839419e+02		3.2065165e+02		3.8774254e+02
3.6800000e+02		3.6900000e+02		3.6850000e+02		8.1047729e+02		4.1010445e+02		8.1960571e+02		6.5458573e+02		2.9376029e+02		3.6082544e+02
3.6900000e+02		3.7000000e+02		3.6950000e+02		8.9967825e+02		4.5651209e+02		9.1163324e+02		7.2826067e+02		3.2402530e+02		4.0423536e+02
3.7000000e+02		3.7100000e+02		3.7050000e+02		8.4427990e+02		4.2958440e+02		8.5719105e+02		6.8493224e+02		3.0213625e+02		3.8279599e+02
3.7100000e+02		3.7200000e+02		3.7150000e+02		8.7164560e+02		4.4471803e+02		8.8670457e+02		7.0868035e+02		3.0993212e+02		3.9874823e+02
3.7200000e+02		3.7300000e+02		3.7250000e+02		7.2411383e+02		3.7044209e+02		7.3804595e+02		5.9000341e+02		2.5581717e+02		3.3418623e+02
3.7300000e+02		3.7400000e+02		3.7350000e+02		6.3155746e+02		3.2395237e+02		6.4493634e+02		5.1568665e+02		2.2167576e+02		2.9401089e+02
3.7400000e+02		3.7500000e+02		3.7450000e+02		6.4642322e+02		3.3245001e+02		6.6136065e+02		5.2893659e+02		2.2541947e+02		3.0351712e+02
3.7500000e+02		3.7600000e+02		3.7550000e+02		7.4036161e+02		3.8175161e+02		7.5887958e+02		6.0706145e+02		2.5649238e+02		3.5056907e+02
3.7600000e+02		3.7700000e+02		3.7650000e+02		7.6758018e+02		3.9680304e+02		7.8822567e+02		6.3067156e+02		2.6417866e+02		3.6649290e+02
3.7700000e+02		3.7800000e+02		3.7750000e+02		9.0048278e+02		4.6668918e+02		9.2638283e+02		7.4136903e+02		3.0787926e+02		4.3348978e+02
3.7800000e+02		3.7900000e+02		3.7850000e+02		9.3786543e+02		4.8728264e+02		9.6657246e+02		7.7369191e+02		3.1854041e+02		4.5515150e+02
3.7900000e+02		3.8000000e+02		3.7950000e+02		7.6051322e+02		3.9611606e+02		7.8518163e+02		6.2862538e+02		2.5658901e+02		3.7203638e+02
3.8000000e+02		3.8100000e+02		3.8050000e+02		8.2814537e+02		4.3239919e+02		8.5650562e+02		6.8586498e+02		2.7754518e+02		4.0831979e+02
3.8100000e+02		3.8200000e+02		3.8150000e+02		7.4366886e+02		3.8923152e+02		7.7046770e+02		6.1708925e+02		2.4756624e+02		3.6952301e+02
3.8200000e+02		3.8300000e+02		3.8250000e+02		5.3336093e+02		2.7982557e+02		5.5352633e+02		4.4342024e+02		1.7636278e+02		2.6705747e+02
3.8300000e+02		3.8400000e+02		3.8350000e+02		4.7073026e+02		2.4755057e+02		4.8935341e+02		3.9208669e+02		1.5460417e+02		2.3748252e+02
3.8400000e+02		3.8500000e+02		3.8450000e+02		6.2969557e+02		3.3192202e+02		6.5570101e+02		5.2546789e+02		2.0541532e+02		3.2005256e+02
3.8500000e+02		3.8600000e+02		3.8550000e+02		6.6694888e+02		3.5237065e+02		6.9563892e+02		5.5757550e+02		2.1609161e+02		3.4148389e+02
3.8600000e+02		3.8700000e+02		3.8650000e+02		6.6977732e+02		3.5467263e+02		6.9972824e+02		5.6095412e+02		2.1553076e+02		3.4542337e+02
3.8700000e+02		3.8800000e+02		3.8750000e+02		6.6902499e+02		3.5507336e+02		7.0006857e+02		5.6132623e+02		2.1381846e+02		3.4750777e+02
3.8800000e+02		3.8900000e+02		3.8850000e+02		6.7841027e+02		3.6085712e+02		7.1101978e+02		5.7020624e+02		2.1533278e+02		3.5487345e+02
3.8900000e+02		3.9000000e+02		3.8950000e+02		8.1451188e+02		4.3420634e+02		8.5500682e+02		6.8579469e+02		2.5675633e+02		4.2903836e+02
3.9000000e+02		3.9100000e+02		3.9050000e+02		8.5560997e+02		4.5710854e+02		8.9954492e+02		7.2163968e+02		2.6785325e+02		4.5378644e+02
3.9100000e+02		3.9200000e+02		3.9150000e+02		9.2006232e+02		4.9260016e+02		9.6879348e+02		7.7732127e+02		2.8604034e+02		4.9128093e+02
3.9200000e+02		3.9300000e+02		3.9250000e+02		7.0614281e+02		3.7887228e+02		7.4467304e+02		5.9759311e+02		2.1801351e+02		3.7957960e+02
3.9300000e+02		3.9400000e+02		3.9350000e+02		4.3291589e+02		2.3276417e+02		4.5722296e+02		3.6697579e+02		1.3272946e+02		2.3424633e+02
3.9400000e+02		3.9500000e+02		3.9450000e+02		7.1565803e+02		3.8558483e+02		7.5696164e+02		6.0764724e+02		2.1788864e+02		3.8975860e+02
3.9500000e+02		3.9600000e+02		3.9550000e+02		8.7888136e+02		4.7449979e+02		9.3096828e+02		7.4744579e+02		2.6571563e+02		4.8173016e+02
3.9600000e+02		3.9700000e+02		3.9650000e+02		6.0712893e+02		3.2844890e+02		6.4404241e+02		5.1716048e+02		1.8227134e+02		3.3488914e+02
3.9700000e+02		3.9800000e+02		3.9750000e+02		6.8053003e+02		3.6889702e+02		7.2294029e+02		5.8060166e+02		2.0287493e+02		3.7772673e+02
3.9800000e+02		3.9900000e+02		3.9850000e+02		1.0480559e+03		5.6925032e+02		1.1149464e+03		8.9555802e+02		3.1024329e+02		5.8531472e+02
3.9900000e+02		4.0000000e+02		3.9950000e+02		1.1577145e+03		6.3004477e+02		1.2333271e+03		9.9078837e+02		3.4029043e+02		6.5049793e+02
4.0000000e+02		4.0100000e+02		4.0050000e+02		1.1939713e+03		6.5103627e+02		1.2737112e+03		1.0233765e+03		3.4847059e+02		6.7490587e+02
4.0100000e+02		4.0200000e+02		4.0150000e+02		1.2509583e+03		6.8341714e+02		1.3363285e+03		1.0738375e+03		3.6252079e+02		7.1131668e+02
4.0200000e+02		4.0300000e+02		4.0250000e+02		1.2664199e+03		6.9317517e+02		1.3546735e+03		1.0887291e+03		3.6440114e+02		7.2432792e+02
4.0300000e+02		4.0400000e+02		4.0350000e+02		1.2115903e+03		6.6440659e+02		1.2977543e+03		1.0431254e+03		3.4614971e+02		6.9697574e+02
4.0400000e+02		4.0500000e+02		4.0450000e+02		1.1914959e+03		6.5459745e+02		1.2779161e+03		1.0273167e+03		3.3798808e+02		6.8932867e+02
4.0500000e+02		4.0600000e+02		4.0550000e+02		1.1904731e+03		6.5523309e+02		1.2784858e+03		1.0279097e+03		3.3529241e+02		6.9261732e+02
4.0600000e+02		4.0700000e+02		4.0650000e+02		1.1388815e+03		6.2797194e+02		1.2246583e+03		9.8475935e+02		3.1847315e+02		6.6628620e+02
4.0700000e+02		4.0800000e+02		4.0750000e+02		1.1575323e+03		6.3939816e+02		1.2463017e+03		1.0022904e+03		3.2137536e+02		6.8091509e+02
4.0800000e+02		4.0900000e+02		4.0850000e+02		1.2307397e+03		6.8103942e+02		1.3267944e+03		1.0671572e+03		3.3925483e+02		7.2790235e+02
4.0900000e+02		4.1000000e+02		4.0950000e+02		1.2243097e+03		6.7866653e+02		1.3215082e+03		1.0630363e+03		3.3506332e+02		7.2797298e+02
4.1000000e+02		4.1100000e+02		4.1050000e+02		1.1216634e+03		6.2284249e+02		1.2122051e+03		9.7522987e+02		3.0476808e+02		6.7046179e+02
4.1100000e+02		4.1200000e+02		4.1150000e+02		1.3003372e+03		7.2329215e+02		1.4070141e+03		1.1320906e+03		3.5077608e+02		7.8131450e+02
4.1200000e+02		4.1300000e+02		4.1250000e+02		1.2760342e+03		7.1097416e+02		1.3823809e+03		1.1124012e+03		3.4174270e+02		7.7065851e+02
4.1300000e+02		4.1400000e+02		4.1350000e+02		1.2308584e+03		6.8694995e+02		1.3350285e+03		1.0744210e+03		3.2726837e+02		7.4715259e+02
4.1400000e+02		4.1500000e+02		4.1450000e+02		1.2488872e+03		6.9816421e+02		1.3561785e+03		1.0915666e+03		3.2966617e+02		7.6190040e+02
4.1500000e+02		4.1600000e+02		4.1550000e+02		1.2477523e+03		6.9866997e+02		1.3565239e+03		1.0919670e+03		3.2698751e+02		7.6497945e+02
4.1600000e+02		4.1700000e+02		4.1650000e+02		1.2947363e+03		7.2615014e+02		1.4092244e+03		1.1345147e+03		3.3684666e+02		7.9766801e+02
4.1700000e+02		4.1800000e+02		4.1750000e+02		1.1781342e+03		6.6181018e+02		1.2837715e+03		1.0336295e+03		3.0429199e+02		7.2933748e+02
4.1800000e+02		4.1900000e+02		4.1850000e+02		1.2217101e+03		6.8737335e+02		1.3327533e+03		1.0731819e+03		3.1326046e+02		7.5992148e+02
4.1900000e+02		4.2000000e+02		4.1950000e+02		1.2338424e+03		6.9528432e+02		1.3474866e+03		1.0851600e+03		3.1407671e+02		7.7108328e+02
4.2000000e+02		4.2100000e+02		4.2050000e+02		1.2494927e+03		7.0519163e+02		1.3660803e+03		1.1002481e+03		3.1575158e+02		7.8449648e+02
4.2100000e+02		4.2200000e+02		4.2150000e+02		1.2299982e+03		6.9525024e+02		1.3462305e+03		1.0843717e+03		3.0856688e+02		7.7580477e+02
4.2200000e+02		4.2300000e+02		4.2250000e+02		1.1657134e+03		6.5990948e+02		1.2772442e+03		1.0289075e+03		2.9031337e+02		7.3859414e+02
4.2300000e+02		4.2400000e+02		4.2350000e+02		1.2419943e+03		7.0414294e+02		1.3622717e+03		1.0975117e+03		3.0705969e+02		7.9045203e+02
4.2400000e+02		4.2500000e+02		4.2450000e+02		1.2850442e+03		7.2962681e+02		1.4109742e+03		1.1368597e+03		3.1538925e+02		8.2147046e+02
4.2500000e+02		4.2600000e+02		4.2550000e+02		1.2367256e+03		7.0321882e+02		1.3593340e+03		1.0953571e+03		3.0131835e+02		7.9403872e+02
4.2600000e+02		4.2700000e+02		4.2650000e+02		1.2316584e+03		7.0135008e+02		1.3551580e+03		1.0920954e+03		2.9789543e+02		7.9419998e+02
4.2700000e+02		4.2800000e+02		4.2750000e+02		1.1420512e+03		6.5125444e+02		1.2578450e+03		1.0137673e+03		2.7420700e+02		7.3956030e+02
4.2800000e+02		4.2900000e+02		4.2850000e+02		1.1495483e+03		6.5645670e+02		1.2673770e+03		1.0215435e+03		2.7399190e+02		7.4755159e+02
4.2900000e+02		4.3000000e+02		4.2950000e+02		1.0698649e+03		6.1180754e+02		1.1807006e+03		9.5176583e+02		2.5313680e+02		6.9862903e+02
4.3000000e+02		4.3100000e+02		4.3050000e+02		8.6065012e+02		4.9284789e+02		9.5074699e+02		7.6646798e+02		2.0214697e+02		5.6432102e+02
4.3100000e+02		4.3200000e+02		4.3150000e+02		1.0641754e+03		6.1022965e+02		1.1767233e+03		9.4872765e+02		2.4812275e+02		7.0060491e+02
4.3200000e+02		4.3300000e+02		4.3250000e+02		1.1990384e+03		6.8849461e+02		1.3271268e+03		1.0700824e+03		2.7752228e+02		7.9256010e+02
4.3300000e+02		4.3400000e+02		4.3350000e+02		1.3017454e+03		7.4847012e+02		1.4421785e+03		1.1629495e+03		2.9908936e+02		8.6386009e+02
4.3400000e+02		4.3500000e+02		4.3450000e+02		1.1054356e+03		6.3643861e+02		1.2258449e+03		9.8858462e+02		2.5212584e+02		7.3645878e+02
4.3500000e+02		4.3600000e+02		4.3550000e+02		1.2347447e+03		7.1181751e+02		1.3705154e+03		1.1053459e+03		2.7955615e+02		8.2578977e+02
4.3600000e+02		4.3700000e+02		4.3650000e+02		1.3814970e+03		7.9745045e+02		1.5348184e+03		1.2379603e+03		3.1049088e+02		9.2746939e+02
4.3700000e+02		4.3800000e+02		4.3750000e+02		1.2223713e+03		7.0650152e+02		1.3592713e+03		1.0964549e+03		2.7271450e+02		8.2374040e+02
4.3800000e+02		4.3900000e+02		4.3850000e+02		1.1905029e+03		6.8895459e+02		1.3250282e+03		1.0689175e+03		2.6365803e+02		8.0525943e+02
4.3900000e+02		4.4000000e+02		4.3950000e+02		1.3250738e+03		7.6779356e+02		1.4761217e+03		1.1908996e+03		2.9131003e+02		8.9958954e+02
4.4000000e+02		4.4100000e+02		4.4050000e+02		1.2562739e+03		7.2883151e+02		1.4007147e+03		1.1301500e+03		2.7415993e+02		8.5599010e+02
4.4100000e+02		4.4200000e+02		4.4150000e+02		1.3817384e+03		8.0260388e+02		1.5419501e+03		1.2441985e+03		2.9932935e+02		9.4486919e+02
4.4200000e+02		4.4300000e+02		4.4250000e+02		1.4526378e+03		8.4481123e+02		1.6224708e+03		1.3092686e+03		3.1238078e+02		9.9688781e+02
4.4300000e+02		4.4400000e+02		4.4350000e+02		1.4050936e+03		8.1814233e+02		1.5707094e+03		1.2675927e+03		2.9994072e+02		9.6765198e+02
4.4400000e+02		4.4500000e+02		4.4450000e+02		1.4475318e+03		8.4385420e+02		1.6195179e+03		1.3070772e+03		3.0673359e+02		1.0003436e+03
4.4500000e+02		4.4600000e+02		4.4550000e+02		1.3420773e+03		7.8329802e+02		1.5027901e+03		1.2129556e+03		2.8230185e+02		9.3065380e+02
4.4600000e+02		4.4700000e+02		4.4650000e+02		1.3689269e+03		7.9989783e+02		1.5341235e+03		1.2383335e+03		2.8583763e+02		9.5249582e+02
4.4700000e+02		4.4800000e+02		4.4750000e+02		1.4837056e+03		8.6796335e+02		1.6641146e+03		1.3433550e+03		3.0753173e+02		1.0358232e+03
4.4800000e+02		4.4900000e+02		4.4850000e+02		1.4587166e+03		8.5431625e+02		1.6374125e+03		1.3218905e+03		3.0013478e+02		1.0217557e+03
4.4900000e+02		4.5000000e+02		4.4950000e+02		1.4737837e+03		8.6411262e+02		1.6556512e+03		1.3367053e+03		3.0101117e+02		1.0356941e+03
4.5000000e+02		4.5100000e+02		4.5050000e+02		1.5636828e+03		9.1784413e+02		1.7580370e+03		1.4194622e+03		3.1703068e+02		1.1024315e+03
4.5100000e+02		4.5200000e+02		4.5150000e+02		1.5589734e+03		9.1608875e+02		1.7541175e+03		1.4163908e+03		3.1375851e+02		1.1026322e+03
4.5200000e+02		4.5300000e+02		4.5250000e+02		1.4757889e+03		8.6815368e+02		1.6618094e+03		1.3419423e+03		2.9483953e+02		1.0471028e+03
4.5300000e+02		4.5400000e+02		4.5350000e+02		1.4141855e+03		8.3281260e+02		1.5936642e+03		1.2869962e+03		2.8046137e+02		1.0065348e+03
4.5400000e+02		4.5500000e+02		4.5450000e+02		1.5096596e+03		8.8998676e+02		1.7025482e+03		1.3750146e+03		2.9720187e+02		1.0778127e+03
4.5500000e+02		4.5600000e+02		4.5550000e+02		1.4952815e+03		8.8244210e+02		1.6876013e+03		1.3630280e+03		2.9221465e+02		1.0708134e+03
4.5600000e+02		4.5700000e+02		4.5650000e+02		1.5527317e+03		9.1730470e+02		1.7537447e+03		1.4165373e+03		3.0121926e+02		1.1153180e+03
4.5700000e+02		4.5800000e+02		4.5750000e+02		1.5677329e+03		9.2712536e+02		1.7719918e+03		1.4313626e+03		3.0190235e+02		1.1294603e+03
4.5800000e+02		4.5900000e+02		4.5850000e+02		1.4734199e+03		8.7224285e+02		1.6666044e+03		1.3463143e+03		2.8166311e+02		1.0646512e+03
4.5900000e+02		4.6000000e+02		4.5950000e+02		1.5222067e+03		9.0203706e+02		1.7230293e+03		1.3919775e+03		2.8885977e+02		1.1031177e+03
4.6000000e+02		4.6100000e+02		4.6050000e+02		1.5039223e+03		8.9209568e+02		1.7035474e+03		1.3763188e+03		2.8330213e+02		1.0930167e+03
4.6100000e+02		4.6200000e+02		4.6150000e+02		1.5386000e+03		9.1357147e+02		1.7440587e+03		1.4091294e+03		2.8771484e+02		1.1214146e+03
4.6200000e+02		4.6300000e+02		4.6250000e+02		1.5538294e+03		9.2352027e+02		1.7625527e+03		1.4241524e+03		2.8843843e+02		1.1357140e+03
4.6300000e+02		4.6400000e+02		4.6350000e+02		1.5018384e+03		8.9348688e+02		1.7047560e+03		1.3775294e+03		2.7674990e+02		1.1007795e+03
4.6400000e+02		4.6500000e+02		4.6450000e+02		1.5281564e+03		9.1001866e+02		1.7358171e+03		1.4027057e+03		2.7954248e+02		1.1231632e+03
4.6500000e+02		4.6600000e+02		4.6550000e+02		1.4760608e+03		8.7983239e+02		1.6777779e+03		1.3558783e+03		2.6804106e+02		1.0878372e+03
4.6600000e+02		4.6700000e+02		4.6650000e+02		1.4854121e+03		8.8624053e+02		1.6895390e+03		1.3654562e+03		2.6777036e+02		1.0976858e+03
4.6700000e+02		4.6800000e+02		4.6750000e+02		1.4997486e+03		8.9562841e+02		1.7069775e+03		1.3796227e+03		2.6838232e+02		1.1112404e+03
4.6800000e+02		4.6900000e+02		4.6850000e+02		1.4665907e+03		8.7663520e+02		1.6703341e+03		1.3500772e+03		2.6053481e+02		1.0895424e+03
4.6900000e+02		4.7000000e+02		4.6950000e+02		1.5086728e+03		9.0261287e+02		1.7193791e+03		1.3897904e+03		2.6605710e+02		1.1237333e+03
4.7000000e+02		4.7100000e+02		4.7050000e+02		1.4256243e+03		8.5369742e+02		1.6257769e+03		1.3141978e+03		2.4957980e+02		1.0646180e+03
4.7100000e+02		4.7200000e+02		4.7150000e+02		1.4904926e+03		8.9334069e+02		1.7008347e+03		1.3749399e+03		2.5903614e+02		1.1159038e+03
4.7200000e+02		4.7300000e+02		4.7250000e+02		1.5269264e+03		9.1598812e+02		1.7435083e+03		1.4095067e+03		2.6343687e+02		1.1460699e+03
4.7300000e+02		4.7400000e+02		4.7350000e+02		1.4995420e+03		9.0034904e+02		1.7133077e+03		1.3851595e+03		2.5683059e+02		1.1283289e+03
4.7400000e+02		4.7500000e+02		4.7450000e+02		1.5448084e+03		9.2833250e+02		1.7661168e+03		1.4279231e+03		2.6266015e+02		1.1652630e+03
4.7500000e+02		4.7600000e+02		4.7550000e+02		1.5413846e+03		9.2707056e+02		1.7632796e+03		1.4256972e+03		2.6017400e+02		1.1655232e+03
4.7600000e+02		4.7700000e+02		4.7650000e+02		1.4853490e+03		8.9412728e+02		1.7002052e+03		1.3747632e+03		2.4889523e+02		1.1258680e+03
4.7700000e+02		4.7800000e+02		4.7750000e+02		1.5508368e+03		9.3433424e+02		1.7762289e+03		1.4363017e+03		2.5798313e+02		1.1783186e+03
4.7800000e+02		4.7900000e+02		4.7850000e+02		1.5358791e+03		9.2609350e+02		1.7601402e+03		1.4233573e+03		2.5364211e+02		1.1697152e+03
4.7900000e+02		4.8000000e+02		4.7950000e+02		1.5403519e+03		9.2955640e+02		1.7663020e+03		1.4284049e+03		2.5253723e+02		1.1758676e+03
4.8000000e+02		4.8100000e+02		4.8050000e+02		1.5442750e+03		9.3268464e+02		1.7718293e+03		1.4329389e+03		2.5134678e+02		1.1815921e+03
4.8100000e+02		4.8200000e+02		4.8150000e+02		1.5475498e+03		9.3541783e+02		1.7766079e+03		1.4368669e+03		2.5005678e+02		1.1868101e+03
4.8200000e+02		4.8300000e+02		4.8250000e+02		1.5416562e+03		9.3260095e+02		1.7708496e+03		1.4322722e+03		2.4730278e+02		1.1849695e+03
4.8300000e+02		4.8400000e+02		4.8350000e+02		1.5183412e+03		9.1922436e+02		1.7450515e+03		1.4114674e+03		2.4180234e+02		1.1696650e+03
4.8400000e+02		4.8500000e+02		4.8450000e+02		1.4920771e+03		9.0403200e+02		1.7158227e+03		1.3878850e+03		2.3590343e+02		1.1519815e+03
4.8500000e+02		4.8600000e+02		4.8550000e+02		1.4021236e+03		8.5018969e+02		1.6132709e+03		1.3049882e+03		2.2008145e+02		1.0849068e+03
4.8600000e+02		4.8700000e+02		4.8650000e+02		1.2173217e+03		7.3870074e+02		1.4014056e+03		1.1336556e+03		1.8969634e+02		9.4395928e+02
4.8700000e+02		4.8800000e+02		4.8750000e+02		1.3927585e+03		8.4580316e+02		1.6042403e+03		1.2977902e+03		2.1547068e+02		1.0823195e+03
4.8800000e+02		4.8900000e+02		4.8850000e+02		1.4651201e+03		8.9041763e+02		1.6884943e+03		1.3660049e+03		2.2503327e+02		1.1409716e+03
4.8900000e+02		4.9000000e+02		4.8950000e+02		1.4372192e+03		8.7411249e+02		1.6572189e+03		1.3407563e+03		2.1915939e+02		1.1215969e+03
4.9000000e+02		4.9100000e+02		4.9050000e+02		1.5307557e+03		9.3168862e+02		1.7660010e+03		1.4288217e+03		2.3174424e+02		1.1970775e+03
4.9100000e+02		4.9200000e+02		4.9150000e+02		1.4425606e+03		8.7865097e+02		1.6651182e+03		1.3472528e+03		2.1682313e+02		1.1304297e+03
4.9200000e+02		4.9300000e+02		4.9250000e+02		1.3729411e+03		8.3685173e+02		1.5855744e+03		1.2829430e+03		2.0487758e+02		1.0780654e+03
4.9300000e+02		4.9400000e+02		4.9350000e+02		1.4509629e+03		8.8504248e+02		1.6765347e+03		1.3565937e+03		2.1496727e+02		1.1416264e+03
4.9400000e+02		4.9500000e+02		4.9450000e+02		1.4929449e+03		9.1129654e+02		1.7259148e+03		1.3966028e+03		2.1960180e+02		1.1770010e+03
4.9500000e+02		4.9600000e+02		4.9550000e+02		1.4663156e+03		8.9567098e+02		1.6959781e+03		1.3724290e+03		2.1414023e+02		1.1582888e+03
4.9600000e+02		4.9700000e+02		4.9650000e+02		1.4846220e+03		9.0748418e+02		1.7180023e+03		1.3903025e+03		2.1526231e+02		1.1750402e+03
4.9700000e+02		4.9800000e+02		4.9750000e+02		1.5123203e+03		9.2505193e+02		1.7509131e+03		1.4169870e+03		2.1771074e+02		1.1992763e+03
4.9800000e+02		4.9900000e+02		4.9850000e+02		1.3744029e+03		8.4126465e+02		1.5920099e+03		1.2884352e+03		1.9644310e+02		1.0919921e+03
4.9900000e+02		5.0000000e+02		4.9950000e+02		1.4721832e+03		9.0172433e+02		1.7060918e+03		1.3808120e+03		2.0891708e+02		1.1718949e+03
