Left Bin Edge (nm)	Right Bin Edge (nm)	Bin Center (nm)		Top of Atm Intensity (erg/s/nm/cm2)		Total Surface Flux (erg/s/nm/cm2)		Total Intensity at BOA (erg/s/nm/cm2)		Total Surface Intensity (erg/s/nm/cm2)		Total Surface Diffuse Intensity (erg/s/nm/cm2)		Total Surface Direct Intensity (erg/s/nm/cm2)
1.9000000e+02		1.9100000e+02		1.9050000e+02		4.4384288e+00		0.0000000e+00		0.0000000e+00		0.0000000e+00		0.0000000e+00		0.0000000e+00
1.9100000e+02		1.9200000e+02		1.9150000e+02		4.8094361e+00		0.0000000e+00		0.0000000e+00		0.0000000e+00		0.0000000e+00		0.0000000e+00
1.9200000e+02		1.9300000e+02		1.9250000e+02		5.0365493e+00		7.9871523e-298		0.0000000e+00		1.2208515e-297		1.6844066e-298		1.0524108e-297
1.9300000e+02		1.9400000e+02		1.9350000e+02		3.8447944e+00		1.9376099e-208		0.0000000e+00		2.9843898e-208		5.7839745e-209		2.4059923e-208
1.9400000e+02		1.9500000e+02		1.9450000e+02		6.1679797e+00		2.1616597e-165		0.0000000e+00		3.3505742e-165		8.0292715e-166		2.5476471e-165
1.9500000e+02		1.9600000e+02		1.9550000e+02		5.9528271e+00		4.1030810e-112		0.0000000e+00		6.4589188e-112		2.2650041e-112		4.1939147e-112
1.9600000e+02		1.9700000e+02		1.9650000e+02		6.5508102e+00		3.2640154e-90		9.2559763e-83		5.1944344e-90		2.2229069e-90		2.9715275e-90
1.9700000e+02		1.9800000e+02		1.9750000e+02		6.5190955e+00		1.4003833e-69		9.3057294e-64		2.2662807e-69		1.2352958e-69		1.0309849e-69
1.9800000e+02		1.9900000e+02		1.9850000e+02		6.3883794e+00		1.0860684e-49		2.0102770e-45		1.8104123e-49		1.3526257e-49		4.5778656e-50
1.9900000e+02		2.0000000e+02		1.9950000e+02		6.7274707e+00		3.7002501e-38		8.7323906e-35		6.3175162e-38		5.7251284e-38		5.9238774e-39
2.0000000e+02		2.0100000e+02		2.0050000e+02		7.1125146e+00		8.6025806e-31		5.2836378e-28		1.4833491e-30		1.4402232e-30		4.3125883e-32
2.0100000e+02		2.0200000e+02		2.0150000e+02		7.5701275e+00		2.1094620e-21		2.2674159e-19		3.6518586e-21		3.6399679e-21		1.1890784e-23
2.0200000e+02		2.0300000e+02		2.0250000e+02		7.4828608e+00		1.0823190e-19		8.4640562e-18		1.8739283e-19		1.8693757e-19		4.5526365e-22
2.0300000e+02		2.0400000e+02		2.0350000e+02		8.0092047e+00		4.0537841e-17		1.9803091e-15		7.0198714e-17		7.0102344e-17		9.6370166e-20
2.0400000e+02		2.0500000e+02		2.0450000e+02		8.6207445e+00		3.5259318e-15		1.2123512e-13		6.1062293e-15		6.1006382e-15		5.5911434e-18
2.0500000e+02		2.0600000e+02		2.0550000e+02		8.6400754e+00		1.7823694e-14		5.3860207e-13		3.0867272e-14		3.0839616e-14		2.7655509e-17
2.0600000e+02		2.0700000e+02		2.0650000e+02		8.6510225e+00		2.1745749e-13		5.3855970e-12		3.7660307e-13		3.7631593e-13		2.8714272e-16
2.0700000e+02		2.0800000e+02		2.0750000e+02		9.3957826e+00		2.4346980e-12		5.0110231e-11		4.2165928e-12		4.2138229e-12		2.7699099e-15
2.0800000e+02		2.0900000e+02		2.0850000e+02		1.0163489e+01		7.3308199e-12		1.3909018e-10		1.2696004e-11		1.2687277e-11		8.7272347e-15
2.0900000e+02		2.1000000e+02		2.0950000e+02		1.3129215e+01		9.4164334e-11		1.4905127e-09		1.6308272e-10		1.6298763e-10		9.5087621e-14
2.1000000e+02		2.1100000e+02		2.1050000e+02		1.6183343e+01		2.5353393e-10		3.7718990e-09		4.3909130e-10		4.3881715e-10		2.7415113e-13
2.1100000e+02		2.1200000e+02		2.1150000e+02		1.8424170e+01		1.7483399e-09		2.2581685e-08		3.0279521e-09		3.0262590e-09		1.6930927e-12
2.1200000e+02		2.1300000e+02		2.1250000e+02		1.6428561e+01		6.2765866e-09		7.2696313e-08		1.0870475e-08		1.0864704e-08		5.7715026e-12
2.1300000e+02		2.1400000e+02		2.1350000e+02		1.6737981e+01		1.5895611e-08		1.7142040e-07		2.7529691e-08		2.7514713e-08		1.4978831e-11
2.1400000e+02		2.1500000e+02		2.1450000e+02		2.1432541e+01		9.5014013e-08		9.0933787e-07		1.6455653e-07		1.6447517e-07		8.1364393e-11
2.1500000e+02		2.1600000e+02		2.1550000e+02		1.8408135e+01		1.7032679e-07		1.5391956e-06		2.9499109e-07		2.9483854e-07		1.5254745e-10
2.1600000e+02		2.1700000e+02		2.1650000e+02		1.7036901e+01		6.1955882e-07		5.0408453e-06		1.0730282e-06		1.0725156e-06		5.1261674e-10
2.1700000e+02		2.1800000e+02		2.1750000e+02		1.7640866e+01		1.5519109e-06		1.1799252e-05		2.6877893e-06		2.6864990e-06		1.2902652e-09
2.1800000e+02		2.1900000e+02		2.1850000e+02		2.3730294e+01		5.5308788e-06		3.9049753e-05		9.5790676e-06		9.5745645e-06		4.5030542e-09
2.1900000e+02		2.2000000e+02		2.1950000e+02		2.5052511e+01		1.5210238e-05		9.9913294e-05		2.6343041e-05		2.6330979e-05		1.2061770e-08
2.2000000e+02		2.2100000e+02		2.2050000e+02		2.5203754e+01		2.8278421e-05		1.7730390e-04		4.8976067e-05		4.8952796e-05		2.3271809e-08
2.2100000e+02		2.2200000e+02		2.2150000e+02		2.0176768e+01		5.8334337e-05		3.4098223e-04		1.0103094e-04		1.0098503e-04		4.5914590e-08
2.2200000e+02		2.2300000e+02		2.2250000e+02		2.7154039e+01		1.4730404e-04		8.2169004e-04		2.5511983e-04		2.5500173e-04		1.1810519e-07
2.2300000e+02		2.2400000e+02		2.2350000e+02		3.5163062e+01		4.2048169e-04		2.2143250e-03		7.2824494e-04		7.2791662e-04		3.2831672e-07
2.2400000e+02		2.2500000e+02		2.2450000e+02		3.2875934e+01		6.5302768e-04		3.3130477e-03		1.1309956e-03		1.1304680e-03		5.2761798e-07
2.2500000e+02		2.2600000e+02		2.2550000e+02		2.8720078e+01		1.0651518e-03		5.1669244e-03		1.8447636e-03		1.8438995e-03		8.6408448e-07
2.2600000e+02		2.2700000e+02		2.2650000e+02		2.1037217e+01		1.3101152e-03		6.1237559e-03		2.2690170e-03		2.2679227e-03		1.0943676e-06
2.2700000e+02		2.2800000e+02		2.2750000e+02		2.0463841e+01		2.1286305e-03		9.5952517e-03		3.6866147e-03		3.6847930e-03		1.8216821e-06
2.2800000e+02		2.2900000e+02		2.2850000e+02		2.8509984e+01		4.8900028e-03		2.1286369e-02		8.4690730e-03		8.4647991e-03		4.2739310e-06
2.2900000e+02		2.3000000e+02		2.2950000e+02		2.5620938e+01		6.8167783e-03		2.8782313e-02		1.1806056e-02		1.1799906e-02		6.1504017e-06
2.3000000e+02		2.3100000e+02		2.3050000e+02		2.9055844e+01		1.1309641e-02		4.6501886e-02		1.9587223e-02		1.9576546e-02		1.0677523e-05
2.3100000e+02		2.3200000e+02		2.3150000e+02		2.7387429e+01		1.5189163e-02		6.0929143e-02		2.6306071e-02		2.6290988e-02		1.5083629e-05
2.3200000e+02		2.3300000e+02		2.3250000e+02		2.9413108e+01		2.2121285e-02		8.6856947e-02		3.8311583e-02		3.8288233e-02		2.3350444e-05
2.3300000e+02		2.3400000e+02		2.3350000e+02		2.6543685e+01		2.6306927e-02		1.0130090e-01		4.5560354e-02		4.5530695e-02		2.9658472e-05
2.3400000e+02		2.3500000e+02		2.3450000e+02		2.3194371e+01		2.9362052e-02		1.1111290e-01		5.0851072e-02		5.0815502e-02		3.5569503e-05
2.3500000e+02		2.3600000e+02		2.3550000e+02		3.1223226e+01		4.9263558e-02		1.8350092e-01		8.5317007e-02		8.5252405e-02		6.4602208e-05
2.3600000e+02		2.3700000e+02		2.3650000e+02		2.8911473e+01		5.5939525e-02		2.0532379e-01		9.6877773e-02		9.6797971e-02		7.9802008e-05
2.3700000e+02		2.3800000e+02		2.3750000e+02		3.0878004e+01		7.1593920e-02		2.5931620e-01		1.2398707e-01		1.2387549e-01		1.1158476e-04
2.3800000e+02		2.3900000e+02		2.3850000e+02		2.5598090e+01		6.9660470e-02		2.4930255e-01		1.2063708e-01		1.2051802e-01		1.1906581e-04
2.3900000e+02		2.4000000e+02		2.3950000e+02		2.7890834e+01		8.7359899e-02		3.0927914e-01		1.5128640e-01		1.5112207e-01		1.6433320e-04
2.4000000e+02		2.4100000e+02		2.4050000e+02		2.5623038e+01		9.1814665e-02		3.2171116e-01		1.5899854e-01		1.5881000e-01		1.8853783e-04
2.4100000e+02		2.4200000e+02		2.4150000e+02		3.0005079e+01		1.2217913e-01		4.2393398e-01		2.1157848e-01		2.1130673e-01		2.7174378e-04
2.4200000e+02		2.4300000e+02		2.4250000e+02		4.1301739e+01		1.8889196e-01		6.4948517e-01		3.2710009e-01		3.2664445e-01		4.5564250e-04
2.4300000e+02		2.4400000e+02		2.4350000e+02		3.8791639e+01		1.9642332e-01		6.6983719e-01		3.4013561e-01		3.3962055e-01		5.1506052e-04
2.4400000e+02		2.4500000e+02		2.4450000e+02		3.6329084e+01		2.0066232e-01		6.7925915e-01		3.4746875e-01		3.4689529e-01		5.7346038e-04
2.4500000e+02		2.4600000e+02		2.4550000e+02		2.9476122e+01		1.7552199e-01		5.9019589e-01		3.0392839e-01		3.0338060e-01		5.4778203e-04
2.4600000e+02		2.4700000e+02		2.4650000e+02		2.8685918e+01		1.8373004e-01		6.1378399e-01		3.1813315e-01		3.1750769e-01		6.2546049e-04
2.4700000e+02		2.4800000e+02		2.4750000e+02		3.1678139e+01		2.1608258e-01		7.1758653e-01		3.7414194e-01		3.7333870e-01		8.0323761e-04
2.4800000e+02		2.4900000e+02		2.4850000e+02		2.5406301e+01		1.8333972e-01		6.0548169e-01		3.1743875e-01		3.1669455e-01		7.4419956e-04
2.4900000e+02		2.5000000e+02		2.4950000e+02		3.0967514e+01		2.3463315e-01		7.7093047e-01		4.0623583e-01		4.0519548e-01		1.0403503e-03
2.5000000e+02		2.5100000e+02		2.5050000e+02		3.3448743e+01		2.6381109e-01		8.6283506e-01		4.5673723e-01		4.5546208e-01		1.2751557e-03
2.5100000e+02		2.5200000e+02		2.5150000e+02		2.7888154e+01		2.2913926e-01		7.4602027e-01		3.9669529e-01		3.9549401e-01		1.2012829e-03
2.5200000e+02		2.5300000e+02		2.5250000e+02		2.5069906e+01		2.1586865e-01		6.9940746e-01		3.7370662e-01		3.7248401e-01		1.2226060e-03
2.5300000e+02		2.5400000e+02		2.5350000e+02		3.1592540e+01		2.8164530e-01		9.0872412e-01		4.8755726e-01		4.8583060e-01		1.7266612e-03
2.5400000e+02		2.5500000e+02		2.5450000e+02		3.5730773e+01		3.2765543e-01		1.0531795e+00		5.6717995e-01		5.6500530e-01		2.1746455e-03
2.5500000e+02		2.5600000e+02		2.5550000e+02		4.8755658e+01		4.5611991e-01		1.4612918e+00		7.8951556e-01		7.8623140e-01		3.2841625e-03
2.5600000e+02		2.5700000e+02		2.5650000e+02		6.2803876e+01		6.1011634e-01		1.9464664e+00		1.0560208e+00		1.0512839e+00		4.7368848e-03
2.5700000e+02		2.5800000e+02		2.5750000e+02		7.8843355e+01		7.7089461e-01		2.4533417e+00		1.3342238e+00		1.3277185e+00		6.5052928e-03
2.5800000e+02		2.5900000e+02		2.5850000e+02		8.2991293e+01		8.3161971e-01		2.6375478e+00		1.4392381e+00		1.4316673e+00		7.5708462e-03
2.5900000e+02		2.6000000e+02		2.5950000e+02		7.0629481e+01		7.0320133e-01		2.2264825e+00		1.2169054e+00		1.2099457e+00		6.9596995e-03
2.6000000e+02		2.6100000e+02		2.6050000e+02		5.7868388e+01		5.8000091e-01		1.8318800e+00		1.0036315e+00		9.9741968e-01		6.2118398e-03
2.6100000e+02		2.6200000e+02		2.6150000e+02		5.9092703e+01		6.0401881e-01		1.9015667e+00		1.0451147e+00		1.0381451e+00		6.9695913e-03
2.6200000e+02		2.6300000e+02		2.6250000e+02		7.0528613e+01		7.4454884e-01		2.3348238e+00		1.2881743e+00		1.2789678e+00		9.2064944e-03
2.6300000e+02		2.6400000e+02		2.6350000e+02		1.0614195e+02		1.1559784e+00		3.6111597e+00		1.9998500e+00		1.9845507e+00		1.5299335e-02
2.6400000e+02		2.6500000e+02		2.6450000e+02		1.6548208e+02		1.8291129e+00		5.6974197e+00		3.1641011e+00		3.1381059e+00		2.5995120e-02
2.6500000e+02		2.6600000e+02		2.6550000e+02		1.7356948e+02		1.9596167e+00		6.0847590e+00		3.3895595e+00		3.3598052e+00		2.9754289e-02
2.6600000e+02		2.6700000e+02		2.6650000e+02		1.6826276e+02		1.9256107e+00		5.9636092e+00		3.3304352e+00		3.2992286e+00		3.1206638e-02
2.6700000e+02		2.6800000e+02		2.6750000e+02		1.6940220e+02		1.9809157e+00		6.1163285e+00		3.4257733e+00		3.3916349e+00		3.4138457e-02
2.6800000e+02		2.6900000e+02		2.6850000e+02		1.6778062e+02		1.9903294e+00		6.1294134e+00		3.4417137e+00		3.4052148e+00		3.6498943e-02
2.6900000e+02		2.7000000e+02		2.6950000e+02		1.5737310e+02		1.9123981e+00		5.8710272e+00		3.3066296e+00		3.2694625e+00		3.7167132e-02
2.7000000e+02		2.7100000e+02		2.7050000e+02		1.8181465e+02		2.2161127e+00		6.7899915e+00		3.8313312e+00		3.7854411e+00		4.5890106e-02
2.7100000e+02		2.7200000e+02		2.7150000e+02		1.5108640e+02		1.8548589e+00		5.6704198e+00		3.2063984e+00		3.1655391e+00		4.0859273e-02
2.7200000e+02		2.7300000e+02		2.7250000e+02		1.2154404e+02		1.5061715e+00		4.5937027e+00		2.6033239e+00		2.5680956e+00		3.5228343e-02
2.7300000e+02		2.7400000e+02		2.7350000e+02		1.2960124e+02		1.6005835e+00		4.8738719e+00		2.7661392e+00		2.7263070e+00		3.9832164e-02
2.7400000e+02		2.7500000e+02		2.7450000e+02		8.9183780e+01		1.1564746e+00		3.5055981e+00		1.9984122e+00		1.9682410e+00		3.0171221e-02
2.7500000e+02		2.7600000e+02		2.7550000e+02		1.1893609e+02		1.5211654e+00		4.6064390e+00		2.6282038e+00		2.5859166e+00		4.2287243e-02
2.7600000e+02		2.7700000e+02		2.7650000e+02		1.6564211e+02		2.1728692e+00		6.5585574e+00		3.7536769e+00		3.6899558e+00		6.3721113e-02
2.7700000e+02		2.7800000e+02		2.7750000e+02		1.5837296e+02		2.0821327e+00		6.2726274e+00		3.5963626e+00		3.5316438e+00		6.4718885e-02
2.7800000e+02		2.7900000e+02		2.7850000e+02		1.0921797e+02		1.4637599e+00		4.3970640e+00		2.5278973e+00		2.4799316e+00		4.7965743e-02
2.7900000e+02		2.8000000e+02		2.7950000e+02		6.1368404e+01		8.2172736e-01		2.4642310e+00		1.4188715e+00		1.3903733e+00		2.8498199e-02
2.8000000e+02		2.8100000e+02		2.8050000e+02		6.7313201e+01		9.1562639e-01		2.7388293e+00		1.5807600e+00		1.5474109e+00		3.3349162e-02
2.8100000e+02		2.8200000e+02		2.8150000e+02		1.3943196e+02		1.8688937e+00		5.5864420e+00		3.2259351e+00		3.1541808e+00		7.1754303e-02
2.8200000e+02		2.8300000e+02		2.8250000e+02		1.8983287e+02		2.7349730e+00		8.1289896e+00		4.7203811e+00		4.6120666e+00		1.0831447e-01
2.8300000e+02		2.8400000e+02		2.8350000e+02		1.9610227e+02		2.7673637e+00		8.2227621e+00		4.7753778e+00		4.6599050e+00		1.1547271e-01
2.8400000e+02		2.8500000e+02		2.8450000e+02		1.4459284e+02		2.1038603e+00		6.2309923e+00		3.6298909e+00		3.5385961e+00		9.1294783e-02
2.8500000e+02		2.8600000e+02		2.8550000e+02		9.2944992e+01		1.3422558e+00		3.9713124e+00		2.3154272e+00		2.2543919e+00		6.1035267e-02
2.8600000e+02		2.8700000e+02		2.8650000e+02		1.9045522e+02		2.8412788e+00		8.3787000e+00		4.9005445e+00		4.7665702e+00		1.3397428e-01
2.8700000e+02		2.8800000e+02		2.8750000e+02		2.2108403e+02		3.2986223e+00		9.7136269e+00		5.6883030e+00		5.5259493e+00		1.6235371e-01
2.8800000e+02		2.8900000e+02		2.8850000e+02		2.1010240e+02		3.1958223e+00		9.3873114e+00		5.5100961e+00		5.3467583e+00		1.6333774e-01
2.8900000e+02		2.9000000e+02		2.8950000e+02		3.1885068e+02		5.0188300e+00		1.4692658e+01		8.6518921e+00		8.3866176e+00		2.6527454e-01
2.9000000e+02		2.9100000e+02		2.9050000e+02		4.1860542e+02		6.4637381e+00		1.8918199e+01		1.1140358e+01		1.0783231e+01		3.5712750e-01
2.9100000e+02		2.9200000e+02		2.9150000e+02		4.0318642e+02		6.6384362e+00		1.9331375e+01		1.1440035e+01		1.1064075e+01		3.7595993e-01
2.9200000e+02		2.9300000e+02		2.9250000e+02		3.5818014e+02		5.6657842e+00		1.6515817e+01		9.7614814e+00		9.4252007e+00		3.3628069e-01
2.9300000e+02		2.9400000e+02		2.9350000e+02		3.7393440e+02		6.3295096e+00		1.8354058e+01		1.0903671e+01		1.0519374e+01		3.8429632e-01
2.9400000e+02		2.9500000e+02		2.9450000e+02		3.4819581e+02		5.8231339e+00		1.6875869e+01		1.0029162e+01		9.6614366e+00		3.6772533e-01
2.9500000e+02		2.9600000e+02		2.9550000e+02		3.7701055e+02		6.7853954e+00		1.9554259e+01		1.1684948e+01		1.1246660e+01		4.3828826e-01
2.9600000e+02		2.9700000e+02		2.9650000e+02		3.4493460e+02		5.9437209e+00		1.7147761e+01		1.0232526e+01		9.8292013e+00		4.0332447e-01
2.9700000e+02		2.9800000e+02		2.9750000e+02		3.5165811e+02		6.5009205e+00		1.8652290e+01		1.1190094e+01		1.0738022e+01		4.5207222e-01
2.9800000e+02		2.9900000e+02		2.9850000e+02		3.0223333e+02		5.3593406e+00		1.5392759e+01		9.2222904e+00		8.8315311e+00		3.9075929e-01
2.9900000e+02		3.0000000e+02		2.9950000e+02		3.4101318e+02		6.5832205e+00		1.8788362e+01		1.1326803e+01		1.0836934e+01		4.8986894e-01
3.0000000e+02		3.0100000e+02		3.0050000e+02		2.7131061e+02		5.0990575e+00		1.4555029e+01		8.7706393e+00		8.3745221e+00		3.9611721e-01
3.0100000e+02		3.0200000e+02		3.0150000e+02		3.1202593e+02		6.5653514e+00		1.8591670e+01		1.1291642e+01		1.0774513e+01		5.1712885e-01
3.0200000e+02		3.0300000e+02		3.0250000e+02		3.2846528e+02		6.5106856e+00		1.8475125e+01		1.1193670e+01		1.0655252e+01		5.3841783e-01
3.0300000e+02		3.0400000e+02		3.0350000e+02		4.2601061e+02		9.4520842e+00		2.6609745e+01		1.6249167e+01		1.5457270e+01		7.9189687e-01
3.0400000e+02		3.0500000e+02		3.0450000e+02		4.0776836e+02		8.5504881e+00		2.4117289e+01		1.4693925e+01		1.3943256e+01		7.5066972e-01
3.0500000e+02		3.0600000e+02		3.0550000e+02		4.1174793e+02		9.6880067e+00		2.7110174e+01		1.6647912e+01		1.5792023e+01		8.5588903e-01
3.0600000e+02		3.0700000e+02		3.0650000e+02		3.9053943e+02		8.7653298e+00		2.4568285e+01		1.5058361e+01		1.4257964e+01		8.0039697e-01
3.0700000e+02		3.0800000e+02		3.0750000e+02		4.3847484e+02		1.0875789e+01		3.0274936e+01		1.8683526e+01		1.7687244e+01		9.9628152e-01
3.0800000e+02		3.0900000e+02		3.0850000e+02		4.3035211e+02		1.0572766e+01		2.9415821e+01		1.8159221e+01		1.7166483e+01		9.9273775e-01
3.0900000e+02		3.1000000e+02		3.0950000e+02		3.4901328e+02		9.2112164e+00		2.5494879e+01		1.5819610e+01		1.4947687e+01		8.7192348e-01
3.1000000e+02		3.1100000e+02		3.1050000e+02		4.3927411e+02		1.1772691e+01		3.2525868e+01		2.0216147e+01		1.9084838e+01		1.1313089e+00
3.1100000e+02		3.1200000e+02		3.1150000e+02		5.2246540e+02		1.4873879e+01		4.0920615e+01		2.5541134e+01		2.4109248e+01		1.4318856e+00
3.1200000e+02		3.1300000e+02		3.1250000e+02		4.6521908e+02		1.3784156e+01		3.7807673e+01		2.3668750e+01		2.2334437e+01		1.3343132e+00
3.1300000e+02		3.1400000e+02		3.1350000e+02		4.9544367e+02		1.5199439e+01		4.1576227e+01		2.6097516e+01		2.4617054e+01		1.4804619e+00
3.1400000e+02		3.1500000e+02		3.1450000e+02		4.6729179e+02		1.5120549e+01		4.1205580e+01		2.5961584e+01		2.4485713e+01		1.4758705e+00
3.1500000e+02		3.1600000e+02		3.1550000e+02		4.5343123e+02		1.5032776e+01		4.0880866e+01		2.5809013e+01		2.4329624e+01		1.4793885e+00
3.1600000e+02		3.1700000e+02		3.1650000e+02		4.4229406e+02		1.5285736e+01		4.1442458e+01		2.6242169e+01		2.4730512e+01		1.5116563e+00
3.1700000e+02		3.1800000e+02		3.1750000e+02		5.6102832e+02		2.0027343e+01		5.4161810e+01		3.4380475e+01		3.2387182e+01		1.9932934e+00
3.1800000e+02		3.1900000e+02		3.1850000e+02		4.6340678e+02		1.7151813e+01		4.6260076e+01		2.9442725e+01		2.7726597e+01		1.7161286e+00
3.1900000e+02		3.2000000e+02		3.1950000e+02		4.9774832e+02		1.9053827e+01		5.1259422e+01		3.2706106e+01		3.0789263e+01		1.9168429e+00
3.2000000e+02		3.2100000e+02		3.2050000e+02		5.7184857e+02		2.3003388e+01		6.1663481e+01		3.9482500e+01		3.7148447e+01		2.3340530e+00
3.2100000e+02		3.2200000e+02		3.2150000e+02		4.8024660e+02		2.0291915e+01		5.4193324e+01		3.4823698e+01		3.2733107e+01		2.0905910e+00
3.2200000e+02		3.2300000e+02		3.2250000e+02		4.8228681e+02		2.1753113e+01		5.7829633e+01		3.7327195e+01		3.5059399e+01		2.2677962e+00
3.2300000e+02		3.2400000e+02		3.2350000e+02		4.6607071e+02		2.2227437e+01		5.8851632e+01		3.8136151e+01		3.5786805e+01		2.3493457e+00
3.2400000e+02		3.2500000e+02		3.2450000e+02		5.4882129e+02		2.7611268e+01		7.2820845e+01		4.7366874e+01		4.4406745e+01		2.9601285e+00
3.2500000e+02		3.2600000e+02		3.2550000e+02		6.3196128e+02		3.2515185e+01		8.5605537e+01		5.5775364e+01		5.2262743e+01		3.5126213e+00
3.2600000e+02		3.2700000e+02		3.2650000e+02		7.1301257e+02		3.8218234e+01		1.0039847e+02		6.5564503e+01		6.1476799e+01		4.0877035e+00
3.2700000e+02		3.2800000e+02		3.2750000e+02		6.8984049e+02		3.7759390e+01		9.9084731e+01		6.4781299e+01		6.0768285e+01		4.0130142e+00
3.2800000e+02		3.2900000e+02		3.2850000e+02		6.6596082e+02		3.7245243e+01		9.7629626e+01		6.3903564e+01		5.9973366e+01		3.9301972e+00
3.2900000e+02		3.3000000e+02		3.2950000e+02		7.7527139e+02		4.4187148e+01		1.1572110e+02		7.5819333e+01		7.1190209e+01		4.6291249e+00
3.3000000e+02		3.3100000e+02		3.3050000e+02		7.3029799e+02		4.2386461e+01		1.1088757e+02		7.2731630e+01		6.8304346e+01		4.4272838e+00
3.3100000e+02		3.3200000e+02		3.3150000e+02		6.9881652e+02		4.2468979e+01		1.1079946e+02		7.2876578e+01		6.8462386e+01		4.4141917e+00
3.3200000e+02		3.3300000e+02		3.3250000e+02		6.8562051e+02		4.2806685e+01		1.1148992e+02		7.3456809e+01		6.9012235e+01		4.4445739e+00
3.3300000e+02		3.3400000e+02		3.3350000e+02		6.5878216e+02		4.2268212e+01		1.0990054e+02		7.2533807e+01		6.8151779e+01		4.3820286e+00
3.3400000e+02		3.3500000e+02		3.3450000e+02		6.9405546e+02		4.5725254e+01		1.1869513e+02		7.8467472e+01		7.3735157e+01		4.7323145e+00
3.3500000e+02		3.3600000e+02		3.3550000e+02		6.8541663e+02		4.6340971e+01		1.2009621e+02		7.9524010e+01		7.4727513e+01		4.7964966e+00
3.3600000e+02		3.3700000e+02		3.3650000e+02		5.6469084e+02		3.9052771e+01		1.0105545e+02		6.7015400e+01		6.2962892e+01		4.0525083e+00
3.3700000e+02		3.3800000e+02		3.3750000e+02		5.9573781e+02		4.2198952e+01		1.0902644e+02		7.2413011e+01		6.8025583e+01		4.3874282e+00
3.3800000e+02		3.3900000e+02		3.3850000e+02		6.4448401e+02		4.6799755e+01		1.2072161e+02		8.0306900e+01		7.5434349e+01		4.8725510e+00
3.3900000e+02		3.4000000e+02		3.3950000e+02		6.7448220e+02		5.0004563e+01		1.2881368e+02		8.5804621e+01		8.0587861e+01		5.2167597e+00
3.4000000e+02		3.4100000e+02		3.4050000e+02		7.1196374e+02		5.4341268e+01		1.3974017e+02		9.3246102e+01		8.7576749e+01		5.6693535e+00
3.4100000e+02		3.4200000e+02		3.4150000e+02		6.4984945e+02		5.0907239e+01		1.3070454e+02		8.7352811e+01		8.2037067e+01		5.3157448e+00
3.4200000e+02		3.4300000e+02		3.4250000e+02		7.0477558e+02		5.8436219e+01		1.4956975e+02		1.0027819e+02		9.4216643e+01		6.0615421e+00
3.4300000e+02		3.4400000e+02		3.4350000e+02		6.9264465e+02		5.9376460e+01		1.5168778e+02		1.0189278e+02		9.5740915e+01		6.1518643e+00
3.4400000e+02		3.4500000e+02		3.4450000e+02		5.5710877e+02		5.0165415e+01		1.2781458e+02		8.6090380e+01		8.0919937e+01		5.1704429e+00
3.4500000e+02		3.4600000e+02		3.4550000e+02		6.7138909e+02		6.2591814e+01		1.5917482e+02		1.0741979e+02		1.0099511e+02		6.4246826e+00
3.4600000e+02		3.4700000e+02		3.4650000e+02		6.5194093e+02		6.2855438e+01		1.5956342e+02		1.0787857e+02		1.0146788e+02		6.4106853e+00
3.4700000e+02		3.4800000e+02		3.4750000e+02		6.4525828e+02		6.4163099e+01		1.6262079e+02		1.1012891e+02		1.0362380e+02		6.5051114e+00
3.4800000e+02		3.4900000e+02		3.4850000e+02		6.6761091e+02		7.0054624e+01		1.7707467e+02		1.2025436e+02		1.1323795e+02		7.0164043e+00
3.4900000e+02		3.5000000e+02		3.4950000e+02		6.3989005e+02		6.9597906e+01		1.7560350e+02		1.1947881e+02		1.1256280e+02		6.9160096e+00
3.5000000e+02		3.5100000e+02		3.5050000e+02		7.6650484e+02		8.6132981e+01		2.1689753e+02		1.4786201e+02		1.3928617e+02		8.5758369e+00
3.5100000e+02		3.5200000e+02		3.5150000e+02		7.1211510e+02		8.3330298e+01		2.0928129e+02		1.4303906e+02		1.3466680e+02		8.3722604e+00
3.5200000e+02		3.5300000e+02		3.5250000e+02		6.5785102e+02		7.9976342e+01		2.0034655e+02		1.3726976e+02		1.2915590e+02		8.1138559e+00
3.5300000e+02		3.5400000e+02		3.5350000e+02		7.5263834e+02		9.5628364e+01		2.3888112e+02		1.6412230e+02		1.5434106e+02		9.7812376e+00
3.5400000e+02		3.5500000e+02		3.5450000e+02		8.0329241e+02		1.0584200e+02		2.6374712e+02		1.8163409e+02		1.7069567e+02		1.0938423e+01
3.5500000e+02		3.5600000e+02		3.5550000e+02		7.5433512e+02		1.0275952e+02		2.5554809e+02		1.7633892e+02		1.6568443e+02		1.0654496e+01
3.5600000e+02		3.5700000e+02		3.5650000e+02		6.5576441e+02		9.1766351e+01		2.2788396e+02		1.5747880e+02		1.4799348e+02		9.4853201e+00
3.5700000e+02		3.5800000e+02		3.5750000e+02		5.7307986e+02		8.2337369e+01		2.0418528e+02		1.4130201e+02		1.3281812e+02		8.4838965e+00
3.5800000e+02		3.5900000e+02		3.5850000e+02		4.9194729e+02		7.2981724e+01		1.8069021e+02		1.2525226e+02		1.1776983e+02		7.4824249e+00
3.5900000e+02		3.6000000e+02		3.5950000e+02		7.1030971e+02		1.0806662e+02		2.6720574e+02		1.8547101e+02		1.7442758e+02		1.1043434e+01
3.6000000e+02		3.6100000e+02		3.6050000e+02		7.0092701e+02		1.0979263e+02		2.7102199e+02		1.8843251e+02		1.7720744e+02		1.1225068e+01
3.6100000e+02		3.6200000e+02		3.6150000e+02		6.5110481e+02		1.0333288e+02		2.5478423e+02		1.7732930e+02		1.6665716e+02		1.0672138e+01
3.6200000e+02		3.6300000e+02		3.6250000e+02		7.3500056e+02		1.1800641e+02		2.9065166e+02		2.0249063e+02		1.9017436e+02		1.2316268e+01
3.6300000e+02		3.6400000e+02		3.6350000e+02		7.1558904e+02		1.1858555e+02		2.9150763e+02		2.0347571e+02		1.9104273e+02		1.2432979e+01
3.6400000e+02		3.6500000e+02		3.6450000e+02		7.4837927e+02		1.2231895e+02		3.0069962e+02		2.0984602e+02		1.9679080e+02		1.3055220e+01
3.6500000e+02		3.6600000e+02		3.6550000e+02		8.5179486e+02		1.4484002e+02		3.5524422e+02		2.4847996e+02		2.3300546e+02		1.5474496e+01
3.6600000e+02		3.6700000e+02		3.6650000e+02		9.1042532e+02		1.5277287e+02		3.7470211e+02		2.6205006e+02		2.4547506e+02		1.6574996e+01
3.6700000e+02		3.6800000e+02		3.6750000e+02		8.7909512e+02		1.5167374e+02		3.7134095e+02		2.6015648e+02		2.4364727e+02		1.6509208e+01
3.6800000e+02		3.6900000e+02		3.6850000e+02		8.1047729e+02		1.3216766e+02		3.2420361e+02		2.2663652e+02		2.1184649e+02		1.4790030e+01
3.6900000e+02		3.7000000e+02		3.6950000e+02		8.9967825e+02		1.5494239e+02		3.7894207e+02		2.6570199e+02		2.4844207e+02		1.7259920e+01
3.7000000e+02		3.7100000e+02		3.7050000e+02		8.4427990e+02		1.7105598e+02		4.1527743e+02		2.9345148e+02		2.7515532e+02		1.8296160e+01
3.7100000e+02		3.7200000e+02		3.7150000e+02		8.7164560e+02		1.7950411e+02		4.3538103e+02		3.0794375e+02		2.8873919e+02		1.9204566e+01
3.7200000e+02		3.7300000e+02		3.7250000e+02		7.2411383e+02		1.5147961e+02		3.6707974e+02		2.5986639e+02		2.4365596e+02		1.6210429e+01
3.7300000e+02		3.7400000e+02		3.7350000e+02		6.3155746e+02		1.3420037e+02		3.2492017e+02		2.3022332e+02		2.1586086e+02		1.4362462e+01
3.7400000e+02		3.7500000e+02		3.7450000e+02		6.4642322e+02		1.3951949e+02		3.3750481e+02		2.3934859e+02		2.2441826e+02		1.4930332e+01
3.7500000e+02		3.7600000e+02		3.7550000e+02		7.4036161e+02		1.6159153e+02		3.9075297e+02		2.7723264e+02		2.6006339e+02		1.7169255e+01
3.7600000e+02		3.7700000e+02		3.7650000e+02		7.6758018e+02		1.6871939e+02		4.0803694e+02		2.8950103e+02		2.7183058e+02		1.7670454e+01
3.7700000e+02		3.7800000e+02		3.7750000e+02		9.0048278e+02		1.9937600e+02		4.8223707e+02		3.4215122e+02		3.2157642e+02		2.0574798e+01
3.7800000e+02		3.7900000e+02		3.7850000e+02		9.3786543e+02		2.0921244e+02		5.0609338e+02		3.5908186e+02		3.3781718e+02		2.1264681e+01
3.7900000e+02		3.8000000e+02		3.7950000e+02		7.6051322e+02		1.7097069e+02		4.1363898e+02		2.9348715e+02		2.7637826e+02		1.7108890e+01
3.8000000e+02		3.8100000e+02		3.8050000e+02		8.2814537e+02		1.8815382e+02		4.5499367e+02		3.2299468e+02		3.0423814e+02		1.8756539e+01
3.8100000e+02		3.8200000e+02		3.8150000e+02		7.4366886e+02		1.7119553e+02		4.1353747e+02		2.9386153e+02		2.7665525e+02		1.7206278e+01
3.8200000e+02		3.8300000e+02		3.8250000e+02		5.3336093e+02		1.2439361e+02		3.0016127e+02		2.1350912e+02		2.0090499e+02		1.2604123e+01
3.8300000e+02		3.8400000e+02		3.8350000e+02		4.7073026e+02		1.1121490e+02		2.6807601e+02		1.9087515e+02		1.7951546e+02		1.1359685e+01
3.8400000e+02		3.8500000e+02		3.8450000e+02		6.2969557e+02		1.5070430e+02		3.6287884e+02		2.5863081e+02		2.4311501e+02		1.5515796e+01
3.8500000e+02		3.8600000e+02		3.8550000e+02		6.6694888e+02		1.6159350e+02		3.8870720e+02		2.7729729e+02		2.6052449e+02		1.6772802e+01
3.8600000e+02		3.8700000e+02		3.8650000e+02		6.6977732e+02		1.6417991e+02		3.9455119e+02		2.8171353e+02		2.6452936e+02		1.7184171e+01
3.8700000e+02		3.8800000e+02		3.8750000e+02		6.6902499e+02		1.6590173e+02		3.9831116e+02		2.8464567e+02		2.6713687e+02		1.7508809e+01
3.8800000e+02		3.8900000e+02		3.8850000e+02		6.7841027e+02		1.7016769e+02		4.0816947e+02		2.9194209e+02		2.7383484e+02		1.8107245e+01
3.8900000e+02		3.9000000e+02		3.8950000e+02		8.1451188e+02		2.0664240e+02		4.9519718e+02		3.5449081e+02		3.3232231e+02		2.2168503e+01
3.9000000e+02		3.9100000e+02		3.9050000e+02		8.5560997e+02		2.1933191e+02		5.2517895e+02		3.7623053e+02		3.5251378e+02		2.3716740e+01
3.9100000e+02		3.9200000e+02		3.9150000e+02		9.2006232e+02		2.3806063e+02		5.6962918e+02		4.0832604e+02		3.8238504e+02		2.5941001e+01
3.9200000e+02		3.9300000e+02		3.9250000e+02		7.0614281e+02		1.8440517e+02		4.4094042e+02		3.1627134e+02		2.9602256e+02		2.0248782e+01
3.9300000e+02		3.9400000e+02		3.9350000e+02		4.3291589e+02		1.1409437e+02		2.7263145e+02		1.9566723e+02		1.8304323e+02		1.2624000e+01
3.9400000e+02		3.9500000e+02		3.9450000e+02		7.1565803e+02		1.9033418e+02		4.5450245e+02		3.2639072e+02		3.0517109e+02		2.1219628e+01
3.9500000e+02		3.9600000e+02		3.9550000e+02		8.7888136e+02		2.3600141e+02		5.6303656e+02		4.0466465e+02		3.7811041e+02		2.6554241e+01
3.9600000e+02		3.9700000e+02		3.9650000e+02		6.0712893e+02		1.6468729e+02		3.9244557e+02		2.8235326e+02		2.6362127e+02		1.8731984e+01
3.9700000e+02		3.9800000e+02		3.9750000e+02		6.8053003e+02		1.8646263e+02		4.4382416e+02		3.1965116e+02		2.9821255e+02		2.1438612e+01
3.9800000e+02		3.9900000e+02		3.9850000e+02		1.0480559e+03		2.9004567e+02		6.8958478e+02		4.9716706e+02		4.6345934e+02		3.3707718e+01
3.9900000e+02		4.0000000e+02		3.9950000e+02		1.1577145e+03		3.2358679e+02		7.6845181e+02		5.5459754e+02		5.1658821e+02		3.8009329e+01
4.0000000e+02		4.0100000e+02		4.0050000e+02		1.1939713e+03		3.3652426e+02		7.9843704e+02		5.7670914e+02		5.3677864e+02		3.9930491e+01
