Left Bin Edge (nm)	Right Bin Edge (nm)	Bin Center (nm)		Top of Atm Intensity (erg/s/nm/cm2)		Total Surface Flux (erg/s/nm/cm2)		Total Intensity at BOA (erg/s/nm/cm2)		Total Surface Intensity (erg/s/nm/cm2)		Total Surface Diffuse Intensity (erg/s/nm/cm2)		Total Surface Direct Intensity (erg/s/nm/cm2)
1.9000000e+02		1.9100000e+02		1.9050000e+02		4.4384288e+00		0.0000000e+00		0.0000000e+00		0.0000000e+00		0.0000000e+00		0.0000000e+00
1.9100000e+02		1.9200000e+02		1.9150000e+02		4.8094361e+00		0.0000000e+00		0.0000000e+00		0.0000000e+00		0.0000000e+00		0.0000000e+00
1.9200000e+02		1.9300000e+02		1.9250000e+02		5.0365493e+00		6.9580066e-288		0.0000000e+00		1.0624069e-287		1.3823449e-288		9.2417244e-288
1.9300000e+02		1.9400000e+02		1.9350000e+02		3.8447944e+00		2.2077930e-198		0.0000000e+00		3.3966418e-198		6.2993499e-199		2.7667068e-198
1.9400000e+02		1.9500000e+02		1.9450000e+02		6.1679797e+00		-3.8077811e-152		0.0000000e+00		-6.5972679e-152		-6.6102001e-152		1.2932230e-154
1.9500000e+02		1.9600000e+02		1.9550000e+02		5.9528271e+00		9.9086049e-101		1.8891333e-92		1.5608089e-100		5.5469951e-101		1.0061094e-100
1.9600000e+02		1.9700000e+02		1.9650000e+02		6.5508102e+00		8.6174477e-79		3.0221409e-72		1.3748670e-78		6.1277649e-79		7.6209055e-79
1.9700000e+02		1.9800000e+02		1.9750000e+02		6.5190955e+00		1.5504809e-58		1.3788361e-53		2.5252506e-58		1.4877475e-58		1.0375031e-58
1.9800000e+02		1.9900000e+02		1.9850000e+02		6.3883794e+00		6.7386917e-39		1.7824235e-35		1.1403674e-38		9.6681528e-39		1.7355209e-39
1.9900000e+02		2.0000000e+02		1.9950000e+02		6.7274707e+00		6.5473400e-27		1.9533251e-24		1.1299744e-26		1.1037025e-26		2.6271909e-28
2.0000000e+02		2.0100000e+02		2.0050000e+02		7.1125146e+00		4.0665157e-19		2.8602758e-17		7.0394540e-19		7.0138315e-19		2.5622544e-21
2.0100000e+02		2.0200000e+02		2.0150000e+02		7.5701275e+00		9.4138874e-10		1.2052294e-08		1.6304901e-09		1.6302115e-09		2.7862586e-13
2.0200000e+02		2.0300000e+02		2.0250000e+02		7.4828608e+00		9.9832405e-09		1.0647107e-07		1.7291108e-08		1.7288699e-08		2.4090061e-12
2.0300000e+02		2.0400000e+02		2.0350000e+02		8.0092047e+00		6.1160979e-07		4.8150361e-06		1.0593270e-06		1.0592478e-06		7.9233231e-11
2.0400000e+02		2.0500000e+02		2.0450000e+02		8.6207445e+00		8.1638975e-06		5.3523391e-05		1.4140172e-05		1.4139437e-05		7.3442174e-10
2.0500000e+02		2.0600000e+02		2.0550000e+02		8.6400754e+00		9.1519394e-06		5.9361747e-05		1.5851462e-05		1.5850416e-05		1.0465681e-09
2.0600000e+02		2.0700000e+02		2.0650000e+02		8.6510225e+00		2.5058720e-05		1.5110628e-04		4.3402538e-05		4.3399698e-05		2.8398759e-09
2.0700000e+02		2.0800000e+02		2.0750000e+02		9.3957826e+00		7.5772137e-05		4.2481778e-04		1.3123991e-04		1.3123158e-04		8.3235841e-09
2.0800000e+02		2.0900000e+02		2.0850000e+02		1.0163489e+01		8.6450470e-05		4.8143147e-04		1.4973474e-04		1.4972266e-04		1.2078883e-08
2.0900000e+02		2.1000000e+02		2.0950000e+02		1.3129215e+01		3.6773230e-04		1.8861636e-03		6.3692388e-04		6.3687767e-04		4.6210754e-08
2.1000000e+02		2.1100000e+02		2.1050000e+02		1.6183343e+01		4.2801528e-04		2.1963442e-03		7.4133341e-04		7.4126351e-04		6.9900188e-08
2.1100000e+02		2.1200000e+02		2.1150000e+02		1.8424170e+01		1.1497932e-03		5.5634574e-03		1.9914721e-03		1.9912902e-03		1.8191364e-07
2.1200000e+02		2.1300000e+02		2.1250000e+02		1.6428561e+01		1.7942597e-03		8.3525187e-03		3.1077028e-03		3.1074042e-03		2.9858950e-07
2.1300000e+02		2.1400000e+02		2.1350000e+02		1.6737981e+01		2.2654294e-03		1.0370180e-02		3.9237707e-03		3.9233295e-03		4.4113994e-07
2.1400000e+02		2.1500000e+02		2.1450000e+02		2.1432541e+01		6.4368554e-03		2.7972871e-02		1.1148776e-02		1.1147583e-02		1.1932681e-06
2.1500000e+02		2.1600000e+02		2.1550000e+02		1.8408135e+01		6.0472234e-03		2.6045399e-02		1.0473889e-02		1.0472535e-02		1.3536762e-06
2.1600000e+02		2.1700000e+02		2.1650000e+02		1.7036901e+01		1.1003530e-02		4.5391784e-02		1.9058304e-02		1.9055910e-02		2.3937375e-06
2.1700000e+02		2.1800000e+02		2.1750000e+02		1.7640866e+01		1.4903823e-02		6.0324809e-02		2.5813618e-02		2.5809993e-02		3.6253192e-06
2.1800000e+02		2.1900000e+02		2.1850000e+02		2.3730294e+01		2.9943987e-02		1.1807837e-01		5.1863318e-02		5.1855627e-02		7.6913429e-06
2.1900000e+02		2.2000000e+02		2.1950000e+02		2.5052511e+01		4.8740575e-02		1.8703319e-01		8.4419154e-02		8.4406214e-02		1.2939595e-05
2.2000000e+02		2.2100000e+02		2.2050000e+02		2.5203754e+01		5.6551013e-02		2.1453312e-01		9.7946554e-02		9.7929247e-02		1.7306652e-05
2.2100000e+02		2.2200000e+02		2.2150000e+02		2.0176768e+01		7.2803953e-02		2.6841763e-01		1.2609671e-01		1.2607446e-01		2.2244878e-05
2.2200000e+02		2.2300000e+02		2.2250000e+02		2.7154039e+01		1.1998719e-01		4.3614186e-01		2.0781762e-01		2.0777688e-01		4.0738250e-05
2.2300000e+02		2.2400000e+02		2.2350000e+02		3.5163062e+01		2.2938473e-01		8.1477424e-01		3.9729377e-01		3.9721450e-01		7.9261526e-05
2.2400000e+02		2.2500000e+02		2.2450000e+02		3.2875934e+01		2.4828824e-01		8.7224005e-01		4.3003291e-01		4.2993625e-01		9.6656086e-05
2.2500000e+02		2.2600000e+02		2.2550000e+02		2.8720078e+01		2.8681961e-01		9.9062955e-01		4.9676792e-01		4.9664997e-01		1.1794669e-04
2.2600000e+02		2.2700000e+02		2.2650000e+02		2.1037217e+01		2.5703489e-01		8.7626160e-01		4.4517969e-01		4.4506449e-01		1.1520021e-04
2.2700000e+02		2.2800000e+02		2.2750000e+02		2.0463841e+01		3.0817419e-01		1.0368859e+00		5.3375031e-01		5.3360111e-01		1.4919667e-04
2.2800000e+02		2.2900000e+02		2.2850000e+02		2.8509984e+01		5.4015442e-01		1.7925662e+00		9.3553195e-01		9.3525386e-01		2.7808830e-04
2.2900000e+02		2.3000000e+02		2.2950000e+02		2.5620938e+01		5.8385475e-01		1.9152280e+00		1.0112159e+00		1.0108909e+00		3.2502105e-04
2.3000000e+02		2.3100000e+02		2.3050000e+02		2.9055844e+01		7.6533275e-01		2.4858250e+00		1.3255229e+00		1.3250545e+00		4.6835969e-04
2.3100000e+02		2.3200000e+02		2.3150000e+02		2.7387429e+01		8.3695724e-01		2.6914266e+00		1.4495659e+00		1.4490057e+00		5.6021960e-04
2.3200000e+02		2.3300000e+02		2.3250000e+02		2.9413108e+01		1.0207637e+00		3.2530169e+00		1.7678984e+00		1.7671459e+00		7.5247295e-04
2.3300000e+02		2.3400000e+02		2.3350000e+02		2.6543685e+01		1.0353337e+00		3.2714781e+00		1.7931206e+00		1.7922788e+00		8.4175863e-04
2.3400000e+02		2.3500000e+02		2.3450000e+02		2.3194371e+01		1.0016477e+00		3.1402945e+00		1.7347655e+00		1.7338635e+00		9.0191816e-04
2.3500000e+02		2.3600000e+02		2.3550000e+02		3.1223226e+01		1.4767855e+00		4.5961274e+00		2.5576392e+00		2.5561608e+00		1.4784474e-03
2.3600000e+02		2.3700000e+02		2.3650000e+02		2.8911473e+01		1.4904784e+00		4.6062227e+00		2.5813278e+00		2.5796675e+00		1.6603765e-03
2.3700000e+02		2.3800000e+02		2.3750000e+02		3.0878004e+01		1.7189250e+00		5.2771519e+00		2.9769357e+00		2.9748014e+00		2.1342628e-03
2.3800000e+02		2.3900000e+02		2.3850000e+02		2.5598090e+01		1.5261275e+00		4.6560094e+00		2.6430038e+00		2.6408893e+00		2.1144942e-03
2.3900000e+02		2.4000000e+02		2.3950000e+02		2.7890834e+01		1.7674810e+00		5.3604427e+00		3.0609444e+00		3.0582092e+00		2.7352137e-03
2.4000000e+02		2.4100000e+02		2.4050000e+02		2.5623038e+01		1.7208777e+00		5.1887377e+00		2.9801894e+00		2.9772232e+00		2.9661376e-03
2.4100000e+02		2.4200000e+02		2.4150000e+02		3.0005079e+01		2.1288709e+00		6.3822310e+00		3.6866829e+00		3.6826065e+00		4.0764426e-03
2.4200000e+02		2.4300000e+02		2.4250000e+02		4.1301739e+01		3.0817003e+00		9.1879068e+00		5.3366492e+00		5.3300964e+00		6.5528572e-03
2.4300000e+02		2.4400000e+02		2.4350000e+02		3.8791639e+01		3.0249199e+00		8.9713924e+00		5.2382110e+00		5.2310642e+00		7.1468331e-03
2.4400000e+02		2.4500000e+02		2.4450000e+02		3.6329084e+01		2.9373798e+00		8.6689545e+00		5.0864981e+00		5.0787752e+00		7.7228231e-03
2.4500000e+02		2.4600000e+02		2.4550000e+02		2.9476122e+01		2.4574073e+00		7.2190166e+00		4.2552429e+00		4.2480480e+00		7.1948987e-03
2.4600000e+02		2.4700000e+02		2.4650000e+02		2.8685918e+01		2.4775222e+00		7.2441606e+00		4.2899524e+00		4.2819125e+00		8.0398961e-03
2.4700000e+02		2.4800000e+02		2.4750000e+02		3.1678139e+01		2.8180674e+00		8.2034843e+00		4.8794693e+00		4.8693280e+00		1.0141383e-02
2.4800000e+02		2.4900000e+02		2.4850000e+02		2.5406301e+01		2.3215727e+00		6.7292427e+00		4.0196523e+00		4.0103969e+00		9.2553721e-03
2.4900000e+02		2.5000000e+02		2.4950000e+02		3.0967514e+01		2.8962822e+00		8.3605485e+00		5.0145332e+00		5.0017487e+00		1.2784427e-02
2.5000000e+02		2.5100000e+02		2.5050000e+02		3.3448743e+01		3.1773553e+00		9.1374096e+00		5.5009480e+00		5.4854567e+00		1.5491272e-02
2.5100000e+02		2.5200000e+02		2.5150000e+02		2.7888154e+01		2.6939490e+00		7.7183961e+00		4.6638312e+00		4.6494253e+00		1.4405927e-02
2.5200000e+02		2.5300000e+02		2.5250000e+02		2.5069906e+01		2.4824782e+00		7.0843150e+00		4.2975435e+00		4.2830759e+00		1.4467621e-02
2.5300000e+02		2.5400000e+02		2.5350000e+02		3.1592540e+01		3.1752612e+00		9.0289869e+00		5.4965894e+00		5.4763636e+00		2.0225863e-02
2.5400000e+02		2.5500000e+02		2.5450000e+02		3.5730773e+01		3.6281220e+00		1.0282056e+01		6.2801892e+00		6.2549250e+00		2.5264211e-02
2.5500000e+02		2.5600000e+02		2.5550000e+02		4.8755658e+01		4.9861927e+00		1.4085155e+01		8.6304675e+00		8.5924558e+00		3.8011735e-02
2.5600000e+02		2.5700000e+02		2.5650000e+02		6.2803876e+01		6.6091051e+00		1.8595044e+01		1.1438876e+01		1.1384305e+01		5.4570970e-02
2.5700000e+02		2.5800000e+02		2.5750000e+02		7.8843355e+01		8.2942946e+00		2.3268595e+01		1.4354539e+01		1.4279440e+01		7.5099459e-02
2.5800000e+02		2.5900000e+02		2.5850000e+02		8.2991293e+01		8.8861565e+00		2.4841177e+01		1.5377793e+01		1.5290517e+01		8.7275955e-02
2.5900000e+02		2.6000000e+02		2.5950000e+02		7.0629481e+01		7.5528567e+00		2.1055064e+01		1.3069411e+01		1.2988356e+01		8.1055364e-02
2.6000000e+02		2.6100000e+02		2.6050000e+02		5.7868388e+01		6.2240542e+00		1.7297988e+01		1.0769153e+01		1.0696486e+01		7.2667420e-02
2.6100000e+02		2.6200000e+02		2.6150000e+02		5.9092703e+01		6.3925276e+00		1.7712246e+01		1.1059651e+01		1.0978526e+01		8.1125004e-02
2.6200000e+02		2.6300000e+02		2.6250000e+02		7.0528613e+01		7.7618596e+00		2.1432596e+01		1.3427515e+01		1.3321211e+01		1.0630345e-01
2.6300000e+02		2.6400000e+02		2.6350000e+02		1.0614195e+02		1.1901455e+01		3.2749629e+01		2.0586818e+01		2.0411331e+01		1.7548712e-01
2.6400000e+02		2.6500000e+02		2.6450000e+02		1.6548208e+02		1.8540528e+01		5.0881433e+01		3.2067336e+01		3.1770838e+01		2.9649886e-01
2.6500000e+02		2.6600000e+02		2.6550000e+02		1.7356948e+02		1.9649243e+01		5.3760550e+01		3.3981234e+01		3.3642952e+01		3.3828164e-01
2.6600000e+02		2.6700000e+02		2.6650000e+02		1.6826276e+02		1.9154861e+01		5.2262433e+01		3.3122356e+01		3.2767352e+01		3.5500458e-01
2.6700000e+02		2.6800000e+02		2.6750000e+02		1.6940220e+02		1.9495422e+01		5.3034863e+01		3.3707217e+01		3.3319793e+01		3.8742335e-01
2.6800000e+02		2.6900000e+02		2.6850000e+02		1.6778062e+02		1.9404727e+01		5.2646187e+01		3.3546032e+01		3.3132089e+01		4.1394290e-01
2.6900000e+02		2.7000000e+02		2.6950000e+02		1.5737310e+02		1.8500259e+01		5.0036869e+01		3.1978376e+01		3.1557487e+01		4.2088824e-01
2.7000000e+02		2.7100000e+02		2.7050000e+02		1.8181465e+02		2.1312528e+01		5.7506104e+01		3.6833907e+01		3.6312925e+01		5.2098129e-01
2.7100000e+02		2.7200000e+02		2.7150000e+02		1.5108640e+02		1.7775008e+01		4.7834065e+01		3.0715374e+01		3.0250271e+01		4.6510298e-01
2.7200000e+02		2.7300000e+02		2.7250000e+02		1.2154404e+02		1.4332866e+01		3.8471941e+01		2.4763297e+01		2.4362209e+01		4.0108878e-01
2.7300000e+02		2.7400000e+02		2.7350000e+02		1.2960124e+02		1.5180092e+01		4.0657307e+01		2.6222346e+01		2.5766953e+01		4.5539354e-01
2.7400000e+02		2.7500000e+02		2.7450000e+02		8.9183780e+01		1.0869557e+01		2.8996093e+01		1.8773736e+01		1.8431340e+01		3.4239592e-01
2.7500000e+02		2.7600000e+02		2.7550000e+02		1.1893609e+02		1.4300133e+01		3.8076902e+01		2.4693959e+01		2.4211021e+01		4.8293779e-01
2.7600000e+02		2.7700000e+02		2.7650000e+02		1.6564211e+02		2.0303188e+01		5.3891783e+01		3.5054283e+01		3.4330053e+01		7.2423011e-01
2.7700000e+02		2.7800000e+02		2.7750000e+02		1.5837296e+02		1.9375665e+01		5.1313327e+01		3.3446038e+01		3.2710621e+01		7.3541651e-01
2.7800000e+02		2.7900000e+02		2.7850000e+02		1.0921797e+02		1.3555295e+01		3.5795212e+01		2.3394548e+01		2.2851314e+01		5.4323412e-01
2.7900000e+02		2.8000000e+02		2.7950000e+02		6.1368404e+01		7.6011143e+00		2.0027810e+01		1.3115568e+01		1.2792216e+01		3.2335277e-01
2.8000000e+02		2.8100000e+02		2.8050000e+02		6.7313201e+01		8.4348272e+00		2.2165044e+01		1.4551186e+01		1.4173352e+01		3.7783377e-01
2.8100000e+02		2.8200000e+02		2.8150000e+02		1.3943196e+02		1.7175212e+01		4.5068832e+01		2.9622139e+01		2.8805142e+01		8.1699752e-01
2.8200000e+02		2.8300000e+02		2.8250000e+02		1.8983287e+02		2.4790506e+01		6.4760753e+01		4.2750708e+01		4.1535520e+01		1.2151883e+00
2.8300000e+02		2.8400000e+02		2.8350000e+02		1.9610227e+02		2.5061117e+01		6.5389440e+01		4.3205703e+01		4.1901710e+01		1.3039928e+00
2.8400000e+02		2.8500000e+02		2.8450000e+02		1.4459284e+02		1.8894596e+01		4.9153729e+01		3.2568031e+01		3.1542772e+01		1.0252586e+00
2.8500000e+02		2.8600000e+02		2.8550000e+02		9.2944992e+01		1.2051776e+01		3.1298847e+01		2.0767867e+01		2.0078917e+01		6.8894980e-01
2.8600000e+02		2.8700000e+02		2.8650000e+02		1.9045522e+02		2.5384698e+01		6.5718624e+01		4.3734751e+01		4.2227407e+01		1.5073435e+00
2.8700000e+02		2.8800000e+02		2.8750000e+02		2.2108403e+02		2.9490487e+01		7.6194729e+01		5.0795524e+01		4.8960209e+01		1.8353151e+00
2.8800000e+02		2.8900000e+02		2.8850000e+02		2.1010240e+02		2.8502594e+01		7.3447143e+01		4.9082710e+01		4.7236183e+01		1.8465280e+00
2.8900000e+02		2.9000000e+02		2.8950000e+02		3.1885068e+02		4.4584745e+01		1.1452317e+02		7.6761222e+01		7.3771474e+01		2.9897483e+00
2.9000000e+02		2.9100000e+02		2.9050000e+02		4.1860542e+02		5.7606990e+01		1.4778978e+02		9.9151161e+01		9.5091604e+01		4.0595567e+00
2.9100000e+02		2.9200000e+02		2.9150000e+02		4.0318642e+02		5.8515102e+01		1.4951218e+02		1.0069905e+02		9.6477567e+01		4.2214785e+00
2.9200000e+02		2.9300000e+02		2.9250000e+02		3.5818014e+02		5.0156069e+01		1.2810809e+02		8.6282766e+01		8.2462602e+01		3.8201635e+00
2.9300000e+02		2.9400000e+02		2.9350000e+02		3.7393440e+02		5.5321204e+01		1.4072361e+02		9.5154136e+01		9.0849036e+01		4.3050991e+00
2.9400000e+02		2.9500000e+02		2.9450000e+02		3.4819581e+02		5.1071952e+01		1.2972719e+02		8.7818299e+01		8.3669111e+01		4.1491884e+00
2.9500000e+02		2.9600000e+02		2.9550000e+02		3.7701055e+02		5.8629799e+01		1.4829535e+02		1.0079902e+02		9.5938683e+01		4.8603408e+00
2.9600000e+02		2.9700000e+02		2.9650000e+02		3.4493460e+02		5.1550066e+01		1.3036057e+02		8.8590006e+01		8.4075621e+01		4.5143852e+00
2.9700000e+02		2.9800000e+02		2.9750000e+02		3.5165811e+02		5.5703368e+01		1.4026789e+02		9.5712023e+01		9.0733386e+01		4.9786372e+00
2.9800000e+02		2.9900000e+02		2.9850000e+02		3.0223333e+02		4.6175796e+01		1.1623864e+02		7.9307375e+01		7.4960523e+01		4.3468520e+00
2.9900000e+02		3.0000000e+02		2.9950000e+02		3.4101318e+02		5.5875906e+01		1.3999870e+02		9.5954910e+01		9.0614014e+01		5.3408964e+00
3.0000000e+02		3.0100000e+02		3.0050000e+02		2.7131061e+02		4.3308081e+01		1.0842825e+02		7.4340773e+01		6.9996678e+01		4.3440954e+00
3.0100000e+02		3.0200000e+02		3.0150000e+02		3.1202593e+02		5.4540096e+01		1.3578998e+02		9.3613166e+01		8.8090658e+01		5.5225087e+00
3.0200000e+02		3.0300000e+02		3.0250000e+02		3.2846528e+02		5.4363622e+01		1.3540338e+02		9.3259831e+01		8.7428699e+01		5.8311327e+00
3.0300000e+02		3.0400000e+02		3.0350000e+02		4.2601061e+02		7.7268555e+01		1.9138359e+02		1.3254229e+02		1.2418606e+02		8.3562281e+00
3.0400000e+02		3.0500000e+02		3.0450000e+02		4.0776836e+02		7.0148378e+01		1.7380684e+02		1.2026168e+02		1.1224145e+02		8.0202377e+00
3.0500000e+02		3.0600000e+02		3.0550000e+02		4.1174793e+02		7.7324417e+01		1.9057113e+02		1.3255509e+02		1.2365537e+02		8.8997276e+00
3.0600000e+02		3.0700000e+02		3.0650000e+02		3.9053943e+02		6.9649153e+01		1.7172798e+02		1.1933408e+02		1.1090647e+02		8.4276065e+00
3.0700000e+02		3.0800000e+02		3.0750000e+02		4.3847484e+02		8.4116172e+01		2.0644128e+02		1.4410752e+02		1.3384028e+02		1.0267239e+01
3.0800000e+02		3.0900000e+02		3.0850000e+02		4.3035211e+02		8.0920954e+01		1.9843384e+02		1.3857362e+02		1.2830881e+02		1.0264811e+01
3.0900000e+02		3.1000000e+02		3.0950000e+02		3.4901328e+02		6.8769927e+01		1.6804418e+02		1.1774340e+02		1.0887680e+02		8.8666037e+00
3.1000000e+02		3.1100000e+02		3.1050000e+02		4.3927411e+02		8.6486070e+01		2.1100633e+02		1.4802251e+02		1.3652660e+02		1.1495914e+01
3.1100000e+02		3.1200000e+02		3.1150000e+02		5.2246540e+02		1.0623892e+02		2.5846302e+02		1.8178883e+02		1.6740153e+02		1.4387301e+01
3.1200000e+02		3.1300000e+02		3.1250000e+02		4.6521908e+02		9.6247619e+01		2.3363589e+02		1.6464555e+02		1.5130810e+02		1.3337457e+01
3.1300000e+02		3.1400000e+02		3.1350000e+02		4.9544367e+02		1.0350808e+02		2.5078179e+02		1.7700971e+02		1.6230415e+02		1.4705561e+01
3.1400000e+02		3.1500000e+02		3.1450000e+02		4.6729179e+02		1.0038261e+02		2.4257500e+02		1.7162324e+02		1.5709244e+02		1.4530802e+01
3.1500000e+02		3.1600000e+02		3.1550000e+02		4.5343123e+02		9.7913156e+01		2.3621069e+02		1.6734493e+02		1.5280714e+02		1.4537799e+01
3.1600000e+02		3.1700000e+02		3.1650000e+02		4.4229406e+02		9.7466183e+01		2.3460396e+02		1.6653565e+02		1.5177057e+02		1.4765077e+01
3.1700000e+02		3.1800000e+02		3.1750000e+02		5.6102832e+02		1.2501819e+02		3.0036002e+02		2.1354573e+02		1.9417515e+02		1.9370577e+01
3.1800000e+02		3.1900000e+02		3.1850000e+02		4.6340678e+02		1.0486608e+02		2.5143465e+02		1.7907085e+02		1.6248156e+02		1.6589292e+01
3.1900000e+02		3.2000000e+02		3.1950000e+02		4.9774832e+02		1.1418680e+02		2.7325220e+02		1.9492812e+02		1.7648281e+02		1.8445313e+01
3.2000000e+02		3.2100000e+02		3.2050000e+02		5.7184857e+02		1.3339857e+02		3.1855572e+02		2.2765369e+02		2.0564649e+02		2.2007195e+01
3.2100000e+02		3.2200000e+02		3.2150000e+02		4.8024660e+02		1.1363523e+02		2.7080496e+02		1.9385889e+02		1.7467625e+02		1.9182635e+01
3.2200000e+02		3.2300000e+02		3.2250000e+02		4.8228681e+02		1.1624052e+02		2.7640343e+02		1.9823803e+02		1.7819216e+02		2.0045873e+01
3.2300000e+02		3.2400000e+02		3.2350000e+02		4.6607071e+02		1.1425479e+02		2.7110174e+02		1.9478547e+02		1.7465432e+02		2.0131150e+01
3.2400000e+02		3.2500000e+02		3.2450000e+02		5.4882129e+02		1.3646430e+02		3.2314748e+02		2.3256637e+02		2.0798697e+02		2.4579396e+01
3.2500000e+02		3.2600000e+02		3.2550000e+02		6.3196128e+02		1.5840624e+02		3.7448419e+02		2.6986540e+02		2.4071856e+02		2.9146839e+01
3.2600000e+02		3.2700000e+02		3.2650000e+02		7.1301257e+02		1.8148317e+02		4.2826011e+02		3.0909403e+02		2.7514499e+02		3.3949043e+01
3.2700000e+02		3.2800000e+02		3.2750000e+02		6.8984049e+02		1.7718474e+02		4.1746679e+02		3.0168006e+02		2.6793257e+02		3.3747496e+01
3.2800000e+02		3.2900000e+02		3.2850000e+02		6.6596082e+02		1.7266875e+02		4.0619637e+02		2.9390124e+02		2.6043274e+02		3.3468502e+01
3.2900000e+02		3.3000000e+02		3.2950000e+02		7.7527139e+02		2.0270251e+02		4.7613878e+02		3.4491525e+02		3.0493420e+02		3.9981052e+01
3.3000000e+02		3.3100000e+02		3.3050000e+02		7.3029799e+02		1.9243278e+02		4.5133055e+02		3.2733398e+02		2.8868933e+02		3.8644645e+01
3.3100000e+02		3.3200000e+02		3.3150000e+02		6.9881652e+02		1.8692599e+02		4.3760430e+02		3.1787177e+02		2.7971793e+02		3.8153840e+01
3.3200000e+02		3.3300000e+02		3.3250000e+02		6.8562051e+02		1.8515814e+02		4.3276243e+02		3.1476217e+02		2.7630022e+02		3.8461952e+01
3.3300000e+02		3.3400000e+02		3.3350000e+02		6.5878216e+02		1.7963868e+02		4.1918519e+02		3.0527935e+02		2.6731703e+02		3.7962323e+01
3.3400000e+02		3.3500000e+02		3.3450000e+02		6.9405546e+02		1.9102898e+02		4.4505822e+02		3.2452939e+02		2.8346910e+02		4.1060294e+01
3.3500000e+02		3.3600000e+02		3.3550000e+02		6.8541663e+02		1.9040681e+02		4.4291615e+02		3.2336475e+02		2.8174117e+02		4.1623574e+01
3.3600000e+02		3.3700000e+02		3.3650000e+02		5.6469084e+02		1.5820230e+02		3.6744769e+02		2.6858062e+02		2.3340312e+02		3.5177504e+01
3.3700000e+02		3.3800000e+02		3.3750000e+02		5.9573781e+02		1.6837024e+02		3.9047409e+02		2.8574574e+02		2.4767921e+02		3.8066531e+01
3.3800000e+02		3.3900000e+02		3.3850000e+02		6.4448401e+02		1.8378695e+02		4.2558678e+02		3.1180447e+02		2.6957007e+02		4.2234395e+01
3.3900000e+02		3.4000000e+02		3.3950000e+02		6.7448220e+02		1.9385838e+02		4.4825872e+02		3.2877801e+02		2.8349646e+02		4.5281552e+01
3.4000000e+02		3.4100000e+02		3.4050000e+02		7.1196374e+02		2.0645446e+02		4.7668233e+02		3.5002206e+02		3.0103107e+02		4.8990994e+01
3.4100000e+02		3.4200000e+02		3.4150000e+02		6.4984945e+02		1.8975027e+02		4.3750889e+02		3.2158876e+02		2.7582953e+02		4.5759233e+01
3.4200000e+02		3.4300000e+02		3.4250000e+02		7.0477558e+02		2.0890064e+02		4.8085409e+02		3.5393812e+02		3.0286998e+02		5.1068136e+01
3.4300000e+02		3.4400000e+02		3.4350000e+02		6.9264465e+02		2.0711156e+02		4.7605382e+02		3.5078754e+02		2.9938399e+02		5.1403546e+01
3.4400000e+02		3.4500000e+02		3.4450000e+02		5.5710877e+02		1.6873985e+02		3.8724331e+02		2.8570710e+02		2.4324601e+02		4.2461091e+01
3.4500000e+02		3.4600000e+02		3.4550000e+02		6.7138909e+02		2.0524951e+02		4.7036660e+02		3.4741208e+02		2.9503563e+02		5.2376450e+01
3.4600000e+02		3.4700000e+02		3.4650000e+02		6.5194093e+02		2.0114075e+02		4.6031878e+02		3.4035180e+02		2.8833983e+02		5.2011974e+01
3.4700000e+02		3.4800000e+02		3.4750000e+02		6.4525828e+02		2.0075926e+02		4.5883482e+02		3.3959957e+02		2.8699539e+02		5.2604176e+01
3.4800000e+02		3.4900000e+02		3.4850000e+02		6.6761091e+02		2.1068453e+02		4.8077830e+02		3.5629117e+02		3.0045349e+02		5.5837678e+01
3.4900000e+02		3.5000000e+02		3.4950000e+02		6.3989005e+02		2.0386784e+02		4.6459535e+02		3.4465865e+02		2.8994960e+02		5.4709047e+01
3.5000000e+02		3.5100000e+02		3.5050000e+02		7.6650484e+02		2.4625203e+02		5.6041440e+02		4.1616891e+02		3.4915102e+02		6.7017888e+01
3.5100000e+02		3.5200000e+02		3.5150000e+02		7.1211510e+02		2.3108337e+02		5.2510015e+02		3.9038815e+02		3.2655629e+02		6.3831861e+01
3.5200000e+02		3.5300000e+02		3.5250000e+02		6.5785102e+02		2.1549472e+02		4.8895280e+02		3.6391528e+02		3.0349808e+02		6.0417200e+01
3.5300000e+02		3.5400000e+02		3.5350000e+02		7.5263834e+02		2.4923789e+02		5.6465130e+02		4.2074331e+02		3.4985890e+02		7.0884414e+01
3.5400000e+02		3.5500000e+02		3.5450000e+02		8.0329241e+02		2.6839493e+02		6.0717126e+02		4.5290844e+02		3.7544770e+02		7.7460748e+01
3.5500000e+02		3.5600000e+02		3.5550000e+02		7.5433512e+02		2.5421779e+02		5.7431323e+02		4.2883193e+02		3.5447230e+02		7.4359632e+01
3.5600000e+02		3.5700000e+02		3.5650000e+02		6.5576441e+02		2.2264485e+02		5.0235725e+02		3.7544741e+02		3.0951285e+02		6.5934557e+01
3.5700000e+02		3.5800000e+02		3.5750000e+02		5.7307986e+02		1.9598477e+02		4.4165872e+02		3.3038013e+02		2.7162721e+02		5.8752922e+01
3.5800000e+02		3.5900000e+02		3.5850000e+02		4.9194729e+02		1.6968375e+02		3.8190206e+02		2.8595102e+02		2.3448503e+02		5.1465998e+01
3.5900000e+02		3.6000000e+02		3.5950000e+02		7.1030971e+02		2.4668553e+02		5.5454229e+02		4.1557551e+02		3.3985521e+02		7.5720298e+01
3.6000000e+02		3.6100000e+02		3.6050000e+02		7.0092701e+02		2.4534837e+02		5.5084188e+02		4.1318211e+02		3.3696097e+02		7.6221142e+01
3.6100000e+02		3.6200000e+02		3.6150000e+02		6.5110481e+02		2.2884762e+02		5.1320799e+02		3.8524603e+02		3.1319447e+02		7.2051561e+01
3.6200000e+02		3.6300000e+02		3.6250000e+02		7.3500056e+02		2.5929894e+02		5.8084558e+02		4.3633960e+02		3.5360834e+02		8.2731256e+01
3.6300000e+02		3.6400000e+02		3.6350000e+02		7.1558904e+02		2.5460162e+02		5.6958692e+02		4.2828500e+02		3.4608074e+02		8.2204258e+01
3.6400000e+02		3.6500000e+02		3.6450000e+02		7.4837927e+02		2.6565143e+02		5.9378456e+02		4.4667921e+02		3.5965436e+02		8.7024853e+01
3.6500000e+02		3.6600000e+02		3.6550000e+02		8.5179486e+02		3.0549624e+02		6.8192601e+02		5.1350600e+02		4.1232640e+02		1.0117959e+02
3.6600000e+02		3.6700000e+02		3.6650000e+02		9.1042532e+02		3.2579931e+02		7.2661227e+02		5.4740128e+02		4.3799566e+02		1.0940563e+02
3.6700000e+02		3.6800000e+02		3.6750000e+02		8.7909512e+02		3.1694631e+02		7.0600035e+02		5.3234136e+02		4.2470902e+02		1.0763233e+02
3.6800000e+02		3.6900000e+02		3.6850000e+02		8.1047729e+02		2.8860265e+02		6.4256103e+02		4.8449134e+02		3.8490374e+02		9.9587606e+01
3.6900000e+02		3.7000000e+02		3.6950000e+02		8.9967825e+02		3.2480773e+02		7.2212137e+02		5.4510813e+02		4.3197555e+02		1.1313257e+02
3.7000000e+02		3.7100000e+02		3.7050000e+02		8.4427990e+02		3.1694191e+02		7.0297600e+02		5.3186346e+02		4.2118671e+02		1.1067675e+02
3.7100000e+02		3.7200000e+02		3.7150000e+02		8.7164560e+02		3.2899330e+02		7.2893306e+02		5.5190076e+02		4.3580981e+02		1.1609095e+02
3.7200000e+02		3.7300000e+02		3.7250000e+02		7.2411383e+02		2.7473887e+02		6.0808945e+02		4.6073099e+02		3.6277756e+02		9.7953437e+01
3.7300000e+02		3.7400000e+02		3.7350000e+02		6.3155746e+02		2.4086168e+02		5.3255746e+02		4.0378378e+02		3.1702877e+02		8.6755010e+01
3.7400000e+02		3.7500000e+02		3.7450000e+02		6.4642322e+02		2.4779378e+02		5.4732475e+02		4.1526552e+02		3.2511167e+02		9.0153854e+01
3.7500000e+02		3.7600000e+02		3.7550000e+02		7.4036161e+02		2.8505858e+02		6.2906451e+02		4.7757591e+02		3.7295860e+02		1.0461731e+02
3.7600000e+02		3.7700000e+02		3.7650000e+02		7.6758018e+02		2.9666708e+02		6.5416394e+02		4.9690117e+02		3.8722620e+02		1.0967497e+02
3.7700000e+02		3.7800000e+02		3.7750000e+02		9.0048278e+02		3.4935244e+02		7.6973704e+02		5.8500333e+02		4.5492568e+02		1.3007765e+02
3.7800000e+02		3.7900000e+02		3.7850000e+02		9.3786543e+02		3.6522481e+02		8.0409126e+02		6.1143495e+02		4.7449420e+02		1.3694075e+02
3.7900000e+02		3.8000000e+02		3.7950000e+02		7.6051322e+02		2.9727682e+02		6.5399901e+02		4.9756306e+02		3.8533606e+02		1.1222700e+02
3.8000000e+02		3.8100000e+02		3.8050000e+02		8.2814537e+02		3.2508250e+02		7.1452321e+02		5.4393524e+02		4.2012863e+02		1.2380662e+02
3.8100000e+02		3.8200000e+02		3.8150000e+02		7.4366886e+02		2.9328332e+02		6.4394912e+02		4.9054143e+02		3.7763668e+02		1.1290475e+02
3.8200000e+02		3.8300000e+02		3.8250000e+02		5.3336093e+02		2.1131413e+02		4.6348718e+02		3.5330646e+02		2.7108661e+02		8.2219850e+01
3.8300000e+02		3.8400000e+02		3.8350000e+02		4.7073026e+02		1.8734976e+02		4.1049797e+02		3.1312003e+02		2.3945262e+02		7.3667409e+01
3.8400000e+02		3.8500000e+02		3.8450000e+02		6.2969557e+02		2.5175849e+02		5.5105309e+02		4.2060719e+02		3.2057807e+02		1.0002912e+02
3.8500000e+02		3.8600000e+02		3.8550000e+02		6.6694888e+02		2.6782849e+02		5.8563519e+02		4.4728601e+02		3.3977813e+02		1.0750788e+02
3.8600000e+02		3.8700000e+02		3.8650000e+02		6.6977732e+02		2.7010801e+02		5.9003643e+02		4.5092375e+02		3.4140570e+02		1.0951805e+02
3.8700000e+02		3.8800000e+02		3.8750000e+02		6.6902499e+02		2.7094002e+02		5.9127406e+02		4.5214318e+02		3.4119018e+02		1.1095299e+02
3.8800000e+02		3.8900000e+02		3.8850000e+02		6.7841027e+02		2.7588355e+02		6.0147723e+02		4.6022042e+02		3.4612620e+02		1.1409421e+02
3.8900000e+02		3.9000000e+02		3.8950000e+02		8.1451188e+02		3.3259428e+02		7.2441781e+02		5.5461572e+02		4.1572312e+02		1.3889260e+02
3.9000000e+02		3.9100000e+02		3.9050000e+02		8.5560997e+02		3.5075972e+02		7.6326517e+02		5.8468821e+02		4.3679074e+02		1.4789747e+02
3.9100000e+02		3.9200000e+02		3.9150000e+02		9.2006232e+02		3.7860146e+02		8.2309593e+02		6.3086128e+02		4.6969091e+02		1.6117037e+02
3.9200000e+02		3.9300000e+02		3.9250000e+02		7.0614281e+02		2.9165552e+02		6.3349610e+02		4.8580149e+02		3.6046367e+02		1.2533782e+02
3.9300000e+02		3.9400000e+02		3.9350000e+02		4.3291589e+02		1.7946416e+02		3.8945748e+02		2.9881577e+02		2.2096622e+02		7.7849550e+01
3.9400000e+02		3.9500000e+02		3.9450000e+02		7.1565803e+02		2.9775605e+02		6.4558654e+02		4.9559126e+02		3.6522549e+02		1.3036576e+02
3.9500000e+02		3.9600000e+02		3.9550000e+02		8.7888136e+02		3.6703945e+02		7.9506599e+02		6.1067800e+02		4.4848932e+02		1.6218868e+02
3.9600000e+02		3.9700000e+02		3.9650000e+02		6.0712893e+02		2.5452973e+02		5.5082105e+02		4.2332488e+02		3.0981565e+02		1.1350923e+02
3.9700000e+02		3.9800000e+02		3.9750000e+02		6.8053003e+02		2.8639569e+02		6.1918855e+02		4.7614324e+02		3.4725808e+02		1.2888516e+02
3.9800000e+02		3.9900000e+02		3.9850000e+02		1.0480559e+03		4.4274396e+02		9.5630475e+02		7.3580007e+02		5.3475552e+02		2.0104455e+02
3.9900000e+02		4.0000000e+02		3.9950000e+02		1.1577145e+03		4.9091342e+02		1.0593479e+03		8.1554561e+02		5.9063588e+02		2.2490972e+02
4.0000000e+02		4.0100000e+02		4.0050000e+02		1.1939713e+03		5.0805070e+02		1.0953446e+03		8.4369930e+02		6.0889148e+02		2.3480782e+02
