Left Bin Edge (nm)	Right Bin Edge (nm)	Bin Center (nm)		Top of Atm Intensity (erg/s/nm/cm2)		Total Surface Flux (erg/s/nm/cm2)		Total Intensity at BOA (erg/s/nm/cm2)		Total Surface Intensity (erg/s/nm/cm2)		Total Surface Diffuse Intensity (erg/s/nm/cm2)		Total Surface Direct Intensity (erg/s/nm/cm2)
1.9000000e+02		1.9100000e+02		1.9050000e+02		4.4384288e+00		1.3771846e-22		4.6174442e-21		2.3853529e-22		2.3853472e-22		5.6775527e-28
1.9100000e+02		1.9200000e+02		1.9150000e+02		4.8094361e+00		3.0307304e-23		1.1066992e-21		5.2493759e-23		5.2493551e-23		2.0729979e-28
1.9200000e+02		1.9300000e+02		1.9250000e+02		5.0365493e+00		5.4046077e-23		1.9170237e-21		9.3610483e-23		9.3610041e-23		4.4249652e-28
1.9300000e+02		1.9400000e+02		1.9350000e+02		3.8447944e+00		2.1141483e-23		7.7714499e-22		3.6618085e-23		3.6617840e-23		2.4547265e-28
1.9400000e+02		1.9500000e+02		1.9450000e+02		6.1679797e+00		2.7964834e-24		1.1759864e-22		4.8436422e-24		4.8435828e-24		5.9357851e-29
1.9500000e+02		1.9600000e+02		1.9550000e+02		5.9528271e+00		8.7562481e-25		3.9127325e-23		1.5166224e-24		1.5165948e-24		2.7628548e-29
1.9600000e+02		1.9700000e+02		1.9650000e+02		6.5508102e+00		1.3284332e-24		5.8327062e-23		2.3009060e-24		2.3008554e-24		5.0537107e-29
1.9700000e+02		1.9800000e+02		1.9750000e+02		6.5190955e+00		1.1475766e-24		5.0766306e-23		1.9876523e-24		1.9875965e-24		5.5819742e-29
1.9800000e+02		1.9900000e+02		1.9850000e+02		6.3883794e+00		2.5076050e-23		9.3744103e-22		4.3432841e-23		4.3431858e-23		9.8318727e-28
1.9900000e+02		2.0000000e+02		1.9950000e+02		6.7274707e+00		1.6000984e-23		6.1450947e-22		2.7714389e-23		2.7713553e-23		8.3561861e-28
2.0000000e+02		2.0100000e+02		2.0050000e+02		7.1125146e+00		6.1950250e-24		2.5119432e-22		1.0730027e-23		1.0729569e-23		4.5780929e-28
2.0100000e+02		2.0200000e+02		2.0150000e+02		7.5701275e+00		1.0274706e-22		3.5894681e-21		1.7796215e-22		1.7795583e-22		6.3254652e-27
2.0200000e+02		2.0300000e+02		2.0250000e+02		7.4828608e+00		1.2216222e-22		4.2245138e-21		2.1158980e-22		2.1158089e-22		8.9152608e-27
2.0300000e+02		2.0400000e+02		2.0350000e+02		8.0092047e+00		1.8734162e-21		5.6080879e-20		3.2448344e-21		3.2447204e-21		1.1401820e-25
2.0400000e+02		2.0500000e+02		2.0450000e+02		8.6207445e+00		1.3068105e-19		3.1225169e-18		2.2634540e-19		2.2634010e-19		5.2968714e-24
2.0500000e+02		2.0600000e+02		2.0550000e+02		8.6400754e+00		6.7065744e-20		1.6608662e-18		1.1616072e-19		1.1615716e-19		3.5674099e-24
2.0600000e+02		2.0700000e+02		2.0650000e+02		8.6510225e+00		1.0704186e-18		2.2830477e-17		1.8540124e-18		1.8539676e-18		4.4785579e-23
2.0700000e+02		2.0800000e+02		2.0750000e+02		9.3957826e+00		2.0883286e-17		3.8131721e-16		3.6170808e-17		3.6170140e-17		6.6819168e-22
2.0800000e+02		2.0900000e+02		2.0850000e+02		1.0163489e+01		1.3079346e-17		2.4583897e-16		2.2654010e-17		2.2653481e-17		5.2930746e-22
2.0900000e+02		2.1000000e+02		2.0950000e+02		1.3129215e+01		5.9669565e-16		9.2645974e-15		1.0335046e-15		1.0334882e-15		1.6459474e-20
2.1000000e+02		2.1100000e+02		2.1050000e+02		1.6183343e+01		3.0927839e-16		5.0276033e-15		5.3568417e-16		5.3567302e-16		1.1148524e-20
2.1100000e+02		2.1200000e+02		2.1150000e+02		1.8424170e+01		3.7767953e-15		5.4074323e-14		6.5415847e-15		6.5414774e-15		1.0734399e-19
2.1200000e+02		2.1300000e+02		2.1250000e+02		1.6428561e+01		1.2781745e-14		1.7040440e-13		2.2138581e-14		2.2138248e-14		3.3326293e-19
2.1300000e+02		2.1400000e+02		2.1350000e+02		1.6737981e+01		1.5743583e-14		2.0770611e-13		2.7268617e-14		2.7268169e-14		4.4773299e-19
2.1400000e+02		2.1500000e+02		2.1450000e+02		2.1432541e+01		1.7709375e-13		2.0814142e-12		3.0673476e-13		3.0673074e-13		4.0112471e-18
2.1500000e+02		2.1600000e+02		2.1550000e+02		1.8408135e+01		1.2626615e-13		1.4980509e-12		2.1869888e-13		2.1869552e-13		3.3539455e-18
2.1600000e+02		2.1700000e+02		2.1650000e+02		1.7036901e+01		6.9217046e-13		7.4721708e-12		1.1988719e-12		1.1988559e-12		1.6030016e-17
2.1700000e+02		2.1800000e+02		2.1750000e+02		1.7640866e+01		1.1231515e-12		1.1835269e-11		1.9453511e-12		1.9453232e-12		2.7932308e-17
2.1800000e+02		2.1900000e+02		2.1850000e+02		2.3730294e+01		3.7038448e-12		3.7212973e-11		6.4152331e-12		6.4151414e-12		9.1691700e-17
2.1900000e+02		2.2000000e+02		2.1950000e+02		2.5052511e+01		1.0688027e-11		1.0181472e-10		1.8512166e-11		1.8511908e-11		2.5766061e-16
2.2000000e+02		2.2100000e+02		2.2050000e+02		2.5203754e+01		1.2136524e-11		1.1482504e-10		2.1021025e-11		2.1020700e-11		3.2515171e-16
2.2100000e+02		2.2200000e+02		2.2150000e+02		2.0176768e+01		3.0687849e-11		2.7327235e-10		5.3152796e-11		5.3152035e-11		7.6084380e-16
2.2200000e+02		2.2300000e+02		2.2250000e+02		2.7154039e+01		5.7568164e-11		5.0359627e-10		9.9710751e-11		9.9709243e-11		1.5078977e-15
2.2300000e+02		2.2400000e+02		2.2350000e+02		3.5163062e+01		1.8170233e-10		1.5167738e-09		3.1471697e-10		3.1471240e-10		4.5631849e-15
2.2400000e+02		2.2500000e+02		2.2450000e+02		3.2875934e+01		2.0633579e-10		1.7042811e-09		3.5738322e-10		3.5737764e-10		5.5713603e-15
2.2500000e+02		2.2600000e+02		2.2550000e+02		2.8720078e+01		3.2788919e-10		2.6239726e-09		5.6791932e-10		5.6791015e-10		9.1643166e-15
2.2600000e+02		2.2700000e+02		2.2650000e+02		2.1037217e+01		3.5992467e-10		2.8186145e-09		6.2340609e-10		6.2339500e-10		1.1095468e-14
2.2700000e+02		2.2800000e+02		2.2750000e+02		2.0463841e+01		5.3672618e-10		4.1083750e-09		9.2963421e-10		9.2961608e-10		1.8128746e-14
2.2800000e+02		2.2900000e+02		2.2850000e+02		2.8509984e+01		1.2224263e-09		9.1160314e-09		2.1172975e-09		2.1172529e-09		4.4622040e-14
2.2900000e+02		2.3000000e+02		2.2950000e+02		2.5620938e+01		1.5968791e-09		1.1672551e-08		2.7658659e-09		2.7658018e-09		6.4111071e-14
2.3000000e+02		2.3100000e+02		2.3050000e+02		2.9055844e+01		2.2048622e-09		1.5938417e-08		3.8189175e-09		3.8188149e-09		1.0258804e-13
2.3100000e+02		2.3200000e+02		2.3150000e+02		2.7387429e+01		2.3847851e-09		1.7096223e-08		4.1305485e-09		4.1304157e-09		1.3280143e-13
2.3200000e+02		2.3300000e+02		2.3250000e+02		2.9413108e+01		2.8139985e-09		2.0051250e-08		4.8739593e-09		4.8737708e-09		1.8851393e-13
2.3300000e+02		2.3400000e+02		2.3350000e+02		2.6543685e+01		2.7382633e-09		1.9412808e-08		4.7427771e-09		4.7425562e-09		2.2086903e-13
2.3400000e+02		2.3500000e+02		2.3450000e+02		2.3194371e+01		2.5028800e-09		1.7682323e-08		4.3350777e-09		4.3348339e-09		2.4374053e-13
2.3500000e+02		2.3600000e+02		2.3550000e+02		3.1223226e+01		3.4860713e-09		2.4556579e-08		6.0379886e-09		6.0375744e-09		4.1423400e-13
2.3600000e+02		2.3700000e+02		2.3650000e+02		2.8911473e+01		3.3509475e-09		2.3532021e-08		5.8039356e-09		5.8034460e-09		4.8959834e-13
2.3700000e+02		2.3800000e+02		2.3750000e+02		3.0878004e+01		3.6565995e-09		2.5621220e-08		6.3333146e-09		6.3326580e-09		6.5660371e-13
2.3800000e+02		2.3900000e+02		2.3850000e+02		2.5598090e+01		3.0556602e-09		2.1378442e-08		5.2924546e-09		5.2917808e-09		6.7374425e-13
2.3900000e+02		2.4000000e+02		2.3950000e+02		2.7890834e+01		3.3163581e-09		2.3182694e-08		5.7439622e-09		5.7430653e-09		8.9682429e-13
2.4000000e+02		2.4100000e+02		2.4050000e+02		2.5623038e+01		3.1390368e-09		2.1894335e-08		5.4368213e-09		5.4358508e-09		9.7054718e-13
2.4100000e+02		2.4200000e+02		2.4150000e+02		3.0005079e+01		3.9136943e-09		2.7200039e-08		6.7785180e-09		6.7772267e-09		1.2912180e-12
2.4200000e+02		2.4300000e+02		2.4250000e+02		4.1301739e+01		5.6931333e-09		3.9441530e-08		9.8604867e-09		9.8584834e-09		2.0032758e-12
2.4300000e+02		2.4400000e+02		2.4350000e+02		3.8791639e+01		5.5880040e-09		3.8613210e-08		9.6783829e-09		9.6762855e-09		2.0973666e-12
2.4400000e+02		2.4500000e+02		2.4450000e+02		3.6329084e+01		5.3842663e-09		3.7139860e-08		9.3254896e-09		9.3233322e-09		2.1574208e-12
2.4500000e+02		2.4600000e+02		2.4550000e+02		2.9476122e+01		4.4300608e-09		3.0524406e-08		7.6727955e-09		7.6708861e-09		1.9093537e-12
2.4600000e+02		2.4700000e+02		2.4650000e+02		2.8685918e+01		4.4172143e-09		3.0383474e-08		7.6505221e-09		7.6484664e-09		2.0557222e-12
2.4700000e+02		2.4800000e+02		2.4750000e+02		3.1678139e+01		4.9381434e-09		3.3929769e-08		8.5527317e-09		8.5502491e-09		2.4826328e-12
2.4800000e+02		2.4900000e+02		2.4850000e+02		2.5406301e+01		3.9892064e-09		2.7387376e-08		6.9091738e-09		6.9070085e-09		2.1652613e-12
2.4900000e+02		2.5000000e+02		2.4950000e+02		3.0967514e+01		4.8629987e-09		3.3371884e-08		8.4225208e-09		8.4196718e-09		2.8490003e-12
2.5000000e+02		2.5100000e+02		2.5050000e+02		3.3448743e+01		5.3012366e-09		3.6346704e-08		9.1814919e-09		9.1781307e-09		3.3612078e-12
2.5100000e+02		2.5200000e+02		2.5150000e+02		2.7888154e+01		4.5996107e-09		3.1457758e-08		7.9662721e-09		7.9631178e-09		3.1543221e-12
2.5200000e+02		2.5300000e+02		2.5250000e+02		2.5069906e+01		4.3925634e-09		2.9934829e-08		7.6076418e-09		7.6043981e-09		3.2437964e-12
2.5300000e+02		2.5400000e+02		2.5350000e+02		3.1592540e+01		5.7427857e-09		3.9045963e-08		9.9460897e-09		9.9415129e-09		4.5768125e-12
2.5400000e+02		2.5500000e+02		2.5450000e+02		3.5730773e+01		6.6638411e-09		4.5230303e-08		1.1541226e-08		1.1535492e-08		5.7334760e-12
2.5500000e+02		2.5600000e+02		2.5550000e+02		4.8755658e+01		8.9092098e-09		6.0519626e-08		1.5429931e-08		1.5421690e-08		8.2407338e-12
2.5600000e+02		2.5700000e+02		2.5650000e+02		6.2803876e+01		1.1427246e-08		7.7630441e-08		1.9790839e-08		1.9779623e-08		1.1215353e-11
2.5700000e+02		2.5800000e+02		2.5750000e+02		7.8843355e+01		1.3274004e-08		9.0532374e-08		2.2989093e-08		2.2975135e-08		1.3957973e-11
2.5800000e+02		2.5900000e+02		2.5850000e+02		8.2991293e+01		1.3539645e-08		9.2484635e-08		2.3449016e-08		2.3433879e-08		1.5136808e-11
2.5900000e+02		2.6000000e+02		2.5950000e+02		7.0629481e+01		1.0676419e-08		7.3211051e-08		1.8490128e-08		1.8477368e-08		1.2760288e-11
2.6000000e+02		2.6100000e+02		2.6050000e+02		5.7868388e+01		8.6739115e-09		5.9489326e-08		1.5021942e-08		1.5010849e-08		1.1092893e-11
2.6100000e+02		2.6200000e+02		2.6150000e+02		5.9092703e+01		9.2007906e-09		6.2949836e-08		1.5934284e-08		1.5921644e-08		1.2640430e-11
2.6200000e+02		2.6300000e+02		2.6250000e+02		7.0528613e+01		1.1753706e-08		8.0095224e-08		2.0355351e-08		2.0338094e-08		1.7256408e-11
2.6300000e+02		2.6400000e+02		2.6350000e+02		1.0614195e+02		1.9030853e-08		1.2913264e-07		3.2957799e-08		3.2927989e-08		2.9809932e-11
2.6400000e+02		2.6500000e+02		2.6450000e+02		1.6548208e+02		3.0222343e-08		2.0478947e-07		5.2338779e-08		5.2287925e-08		5.0854157e-11
2.6500000e+02		2.6600000e+02		2.6550000e+02		1.7356948e+02		3.2682604e-08		2.2104214e-07		5.6598969e-08		5.6540953e-08		5.8015858e-11
2.6600000e+02		2.6700000e+02		2.6650000e+02		1.6826276e+02		3.1621278e-08		2.1385365e-07		5.4760620e-08		5.4702098e-08		5.8522072e-11
2.6700000e+02		2.6800000e+02		2.6750000e+02		1.6940220e+02		3.2201895e-08		2.1761655e-07		5.5765747e-08		5.5703782e-08		6.1964807e-11
2.6800000e+02		2.6900000e+02		2.6850000e+02		1.6778062e+02		3.1734269e-08		2.1448248e-07		5.4955544e-08		5.4891959e-08		6.3584804e-11
2.6900000e+02		2.7000000e+02		2.6950000e+02		1.5737310e+02		3.0604756e-08		2.0651606e-07		5.2999182e-08		5.2935672e-08		6.3509426e-11
2.7000000e+02		2.7100000e+02		2.7050000e+02		1.8181465e+02		3.4062523e-08		2.3026464e-07		5.8986567e-08		5.8912421e-08		7.4146457e-11
2.7100000e+02		2.7200000e+02		2.7150000e+02		1.5108640e+02		2.7500014e-08		1.8615045e-07		4.7621698e-08		4.7558748e-08		6.2950310e-11
2.7200000e+02		2.7300000e+02		2.7250000e+02		1.2154404e+02		2.1370559e-08		1.4489782e-07		3.7006948e-08		3.6955505e-08		5.1443376e-11
2.7300000e+02		2.7400000e+02		2.7350000e+02		1.2960124e+02		2.1448291e-08		1.4586572e-07		3.7141119e-08		3.7086673e-08		5.4445544e-11
2.7400000e+02		2.7500000e+02		2.7450000e+02		8.9183780e+01		1.5912397e-08		1.0776775e-07		2.7554626e-08		2.7512847e-08		4.1778797e-11
2.7500000e+02		2.7600000e+02		2.7550000e+02		1.1893609e+02		1.9610719e-08		1.3333859e-07		3.3958251e-08		3.3903153e-08		5.5098120e-11
2.7600000e+02		2.7700000e+02		2.7650000e+02		1.6564211e+02		2.7807785e-08		1.8883264e-07		4.8151588e-08		4.8068015e-08		8.3572324e-11
2.7700000e+02		2.7800000e+02		2.7750000e+02		1.5837296e+02		2.5412361e-08		1.7292710e-07		4.4002783e-08		4.3920454e-08		8.2328584e-11
2.7800000e+02		2.7900000e+02		2.7850000e+02		1.0921797e+02		1.7594866e-08		1.1966861e-07		3.0465781e-08		3.0404790e-08		6.0990595e-11
2.7900000e+02		2.8000000e+02		2.7950000e+02		6.1368404e+01		9.4531511e-09		6.4428139e-08		1.6367891e-08		1.6332629e-08		3.5262433e-11
2.8000000e+02		2.8100000e+02		2.8050000e+02		6.7313201e+01		1.0420806e-08		7.0989368e-08		1.8043039e-08		1.8002088e-08		4.0951441e-11
2.8100000e+02		2.8200000e+02		2.8150000e+02		1.3943196e+02		2.0019219e-08		1.3690691e-07		3.4661550e-08		3.4578987e-08		8.2563480e-11
2.8200000e+02		2.8300000e+02		2.8250000e+02		1.8983287e+02		3.1888248e-08		2.1623604e-07		5.5211404e-08		5.5077642e-08		1.3376270e-10
2.8300000e+02		2.8400000e+02		2.8350000e+02		1.9610227e+02		3.0135679e-08		2.0529735e-07		5.2176022e-08		5.2043276e-08		1.3274660e-10
2.8400000e+02		2.8500000e+02		2.8450000e+02		1.4459284e+02		2.3275073e-08		1.5815024e-07		4.0297283e-08		4.0191585e-08		1.0569732e-10
2.8500000e+02		2.8600000e+02		2.8550000e+02		9.2944992e+01		1.4005585e-08		9.5491238e-08		2.4248142e-08		2.4181836e-08		6.6306167e-11
2.8600000e+02		2.8700000e+02		2.8650000e+02		1.9045522e+02		2.9417326e-08		2.0028964e-07		5.0930221e-08		5.0787260e-08		1.4296099e-10
2.8700000e+02		2.8800000e+02		2.8750000e+02		2.2108403e+02		3.2203557e-08		2.1992861e-07		5.5753122e-08		5.5590791e-08		1.6233084e-10
2.8800000e+02		2.8900000e+02		2.8850000e+02		2.1010240e+02		3.0362226e-08		2.0742546e-07		5.2564570e-08		5.2406945e-08		1.5762558e-10
2.8900000e+02		2.9000000e+02		2.8950000e+02		3.1885068e+02		4.7731907e-08		3.2545322e-07		8.2634905e-08		8.2381241e-08		2.5366352e-10
2.9000000e+02		2.9100000e+02		2.9050000e+02		4.1860542e+02		5.6661874e-08		3.8838927e-07		9.8092721e-08		9.7778588e-08		3.1413343e-10
2.9100000e+02		2.9200000e+02		2.9150000e+02		4.0318642e+02		6.2205562e-08		4.2338469e-07		1.0768920e-07		1.0733962e-07		3.4957256e-10
2.9200000e+02		2.9300000e+02		2.9250000e+02		3.5818014e+02		4.7359077e-08		3.2497203e-07		8.1985111e-08		8.1705328e-08		2.7978313e-10
2.9300000e+02		2.9400000e+02		2.9350000e+02		3.7393440e+02		5.6739802e-08		3.8645859e-07		9.8223825e-08		9.7884627e-08		3.3919792e-10
2.9400000e+02		2.9500000e+02		2.9450000e+02		3.4819581e+02		4.9507899e-08		3.3834502e-07		8.5702730e-08		8.5395440e-08		3.0729013e-10
2.9500000e+02		2.9600000e+02		2.9550000e+02		3.7701055e+02		6.2753951e-08		4.2521273e-07		1.0863154e-07		1.0823348e-07		3.9806211e-10
2.9600000e+02		2.9700000e+02		2.9650000e+02		3.4493460e+02		4.9302189e-08		3.3671595e-07		8.5341870e-08		8.5005065e-08		3.3680509e-10
2.9700000e+02		2.9800000e+02		2.9750000e+02		3.5165811e+02		5.9442410e-08		4.0225875e-07		1.0289246e-07		1.0247288e-07		4.1957933e-10
2.9800000e+02		2.9900000e+02		2.9850000e+02		3.0223333e+02		4.4411053e-08		3.0272760e-07		7.6870198e-08		7.6533545e-08		3.3665283e-10
2.9900000e+02		3.0000000e+02		2.9950000e+02		3.4101318e+02		6.1679595e-08		4.1570441e-07		1.0675801e-07		1.0627778e-07		4.8022961e-10
3.0000000e+02		3.0100000e+02		3.0050000e+02		2.7131061e+02		4.4629134e-08		3.0224989e-07		7.7243014e-08		7.6874564e-08		3.6845022e-10
3.0100000e+02		3.0200000e+02		3.0150000e+02		3.1202593e+02		6.9473657e-08		4.6285171e-07		1.2024310e-07		1.1966819e-07		5.7490778e-10
3.0200000e+02		3.0300000e+02		3.0250000e+02		3.2846528e+02		6.1390036e-08		4.1274623e-07		1.0624717e-07		1.0570664e-07		5.4052962e-10
3.0300000e+02		3.0400000e+02		3.0350000e+02		4.2601061e+02		1.0830278e-07		7.1611779e-07		1.8743844e-07		1.8648365e-07		9.5478954e-10
3.0400000e+02		3.0500000e+02		3.0450000e+02		4.0776836e+02		8.7409646e-08		5.8312939e-07		1.5127146e-07		1.5045263e-07		8.1883551e-10
3.0500000e+02		3.0600000e+02		3.0550000e+02		4.1174793e+02		1.2411071e-07		8.1289099e-07		2.1479225e-07		2.1366704e-07		1.1252075e-09
3.0600000e+02		3.0700000e+02		3.0650000e+02		3.9053943e+02		1.0915601e-07		7.1776162e-07		1.8891241e-07		1.8793263e-07		9.7977235e-10
3.0700000e+02		3.0800000e+02		3.0750000e+02		4.3847484e+02		1.7231950e-07		1.1125543e-06		2.9824154e-07		2.9678755e-07		1.4539934e-09
3.0800000e+02		3.0900000e+02		3.0850000e+02		4.3035211e+02		1.7430424e-07		1.1234481e-06		3.0168168e-07		3.0024378e-07		1.4379047e-09
3.0900000e+02		3.1000000e+02		3.0950000e+02		3.4901328e+02		1.8218825e-07		1.1583668e-06		3.1533858e-07		3.1390961e-07		1.4289708e-09
3.1000000e+02		3.1100000e+02		3.1050000e+02		4.3927411e+02		2.5967423e-07		1.6402004e-06		4.4947450e-07		4.4756815e-07		1.9063440e-09
3.1100000e+02		3.1200000e+02		3.1150000e+02		5.2246540e+02		4.0221624e-07		2.5055893e-06		6.9625308e-07		6.9362544e-07		2.6276425e-09
3.1200000e+02		3.1300000e+02		3.1250000e+02		4.6521908e+02		4.4444010e-07		2.7376116e-06		7.6939153e-07		7.6679350e-07		2.5980288e-09
3.1300000e+02		3.1400000e+02		3.1350000e+02		4.9544367e+02		5.7215330e-07		3.4897461e-06		9.9053500e-07		9.8753386e-07		3.0011489e-09
3.1400000e+02		3.1500000e+02		3.1450000e+02		4.6729179e+02		6.9540783e-07		4.1858547e-06		1.2039806e-06		1.2007370e-06		3.2436733e-09
3.1500000e+02		3.1600000e+02		3.1550000e+02		4.5343123e+02		7.9578479e-07		4.7495578e-06		1.3778220e-06		1.3744709e-06		3.3511511e-09
3.1600000e+02		3.1700000e+02		3.1650000e+02		4.4229406e+02		9.5230309e-07		5.6240883e-06		1.6488792e-06		1.6452657e-06		3.6134615e-09
3.1700000e+02		3.1800000e+02		3.1750000e+02		5.6102832e+02		1.4360273e-06		8.4060222e-06		2.4865112e-06		2.4815841e-06		4.9270766e-09
3.1800000e+02		3.1900000e+02		3.1850000e+02		4.6340678e+02		1.4327383e-06		8.3060101e-06		2.4808909e-06		2.4764587e-06		4.4322363e-09
3.1900000e+02		3.2000000e+02		3.1950000e+02		4.9774832e+02		1.8494880e-06		1.0621880e-05		3.2026104e-06		3.1974519e-06		5.1585215e-09
3.2000000e+02		3.2100000e+02		3.2050000e+02		5.7184857e+02		2.8681603e-06		1.6217530e-05		4.9666545e-06		4.9592421e-06		7.4124118e-09
3.2100000e+02		3.2200000e+02		3.2150000e+02		4.8024660e+02		3.5872937e-06		1.9865475e-05		6.2120053e-06		6.2031383e-06		8.8669689e-09
3.2200000e+02		3.2300000e+02		3.2250000e+02		4.8228681e+02		5.3996461e-06		2.9276843e-05		9.3504877e-06		9.3377107e-06		1.2776996e-08
3.2300000e+02		3.2400000e+02		3.2350000e+02		4.6607071e+02		7.7849784e-06		4.1339959e-05		1.3481247e-05		1.3463568e-05		1.7679286e-08
3.2400000e+02		3.2500000e+02		3.2450000e+02		5.4882129e+02		1.3494188e-05		7.0232409e-05		2.3368059e-05		2.3338536e-05		2.9522788e-08
3.2500000e+02		3.2600000e+02		3.2550000e+02		6.3196128e+02		1.9412121e-05		9.9940840e-05		3.3616980e-05		3.3579437e-05		3.7543168e-08
3.2600000e+02		3.2700000e+02		3.2650000e+02		7.1301257e+02		2.4089758e-05		1.2358583e-04		4.1718908e-05		4.1681509e-05		3.7399953e-08
3.2700000e+02		3.2800000e+02		3.2750000e+02		6.8984049e+02		2.5282260e-05		1.2934837e-04		4.3785305e-05		4.3753881e-05		3.1424803e-08
3.2800000e+02		3.2900000e+02		3.2850000e+02		6.6596082e+02		2.6578771e-05		1.3559258e-04		4.6031718e-05		4.6005409e-05		2.6308571e-08
3.2900000e+02		3.3000000e+02		3.2950000e+02		7.7527139e+02		3.3684333e-05		1.7136670e-04		5.8338894e-05		5.8312466e-05		2.6427503e-08
3.3000000e+02		3.3100000e+02		3.3050000e+02		7.3029799e+02		3.5744949e-05		1.8098245e-04		6.1908515e-05		6.1885512e-05		2.3003567e-08
3.3100000e+02		3.3200000e+02		3.3150000e+02		6.9881652e+02		4.0627084e-05		2.0411106e-04		7.0364749e-05		7.0342578e-05		2.2171725e-08
3.3200000e+02		3.3300000e+02		3.3250000e+02		6.8562051e+02		4.6734031e-05		2.3314436e-04		8.0942375e-05		8.0920745e-05		2.1629831e-08
3.3300000e+02		3.3400000e+02		3.3350000e+02		6.5878216e+02		5.2733698e-05		2.6122322e-04		9.1334255e-05		9.1313604e-05		2.0651001e-08
3.3400000e+02		3.3500000e+02		3.3450000e+02		6.9405546e+02		6.5257845e-05		3.2100395e-04		1.1302657e-04		1.1300499e-04		2.1577798e-08
3.3500000e+02		3.3600000e+02		3.3550000e+02		6.8541663e+02		7.4413131e-05		3.6376995e-04		1.2888405e-04		1.2886285e-04		2.1197643e-08
3.3600000e+02		3.3700000e+02		3.3650000e+02		5.6469084e+02		6.9417234e-05		3.3754735e-04		1.2023149e-04		1.2021409e-04		1.7401035e-08
3.3700000e+02		3.3800000e+02		3.3750000e+02		5.9573781e+02		8.3046237e-05		4.0166394e-04		1.4383748e-04		1.4381919e-04		1.8291638e-08
3.3800000e+02		3.3900000e+02		3.3850000e+02		6.4448401e+02		1.0200628e-04		4.9072295e-04		1.7667702e-04		1.7665731e-04		1.9712966e-08
3.3900000e+02		3.4000000e+02		3.3950000e+02		6.7448220e+02		1.2095285e-04		5.7883605e-04		2.0949331e-04		2.0947282e-04		2.0491010e-08
3.4000000e+02		3.4100000e+02		3.4050000e+02		7.1196374e+02		1.5791707e-04		7.4861728e-04		2.7351682e-04		2.7349376e-04		2.3066009e-08
3.4100000e+02		3.4200000e+02		3.4150000e+02		6.4984945e+02		1.9291625e-04		9.0253279e-04		3.3413704e-04		3.3411309e-04		2.3947529e-08
3.4200000e+02		3.4300000e+02		3.4250000e+02		7.0477558e+02		2.8607021e-04		1.3195661e-03		4.9548349e-04		4.9545345e-04		3.0040737e-08
3.4300000e+02		3.4400000e+02		3.4350000e+02		6.9264465e+02		3.7786480e-04		1.7201832e-03		6.5447583e-04		6.5444217e-04		3.3661104e-08
3.4400000e+02		3.4500000e+02		3.4450000e+02		5.5710877e+02		4.1298294e-04		1.8547163e-03		7.1530262e-04		7.1527150e-04		3.1121961e-08
3.4500000e+02		3.4600000e+02		3.4550000e+02		6.7138909e+02		6.5545241e-04		2.9088042e-03		1.1352705e-03		1.1352291e-03		4.1388547e-08
3.4600000e+02		3.4700000e+02		3.4650000e+02		6.5194093e+02		8.2109643e-04		3.6048797e-03		1.4221741e-03		1.4221312e-03		4.2897359e-08
3.4700000e+02		3.4800000e+02		3.4750000e+02		6.4525828e+02		1.0478119e-03		4.5516450e-03		1.8148564e-03		1.8148112e-03		4.5207667e-08
3.4800000e+02		3.4900000e+02		3.4850000e+02		6.6761091e+02		1.4233718e-03		6.1133978e-03		2.4653444e-03		2.4652940e-03		5.0404895e-08
3.4900000e+02		3.5000000e+02		3.4950000e+02		6.3989005e+02		1.7711326e-03		7.5263004e-03		3.0676837e-03		3.0676322e-03		5.1493983e-08
3.5000000e+02		3.5100000e+02		3.5050000e+02		7.6650484e+02		2.8193937e-03		1.1834590e-02		4.8833220e-03		4.8832495e-03		7.2471634e-08
3.5100000e+02		3.5200000e+02		3.5150000e+02		7.1211510e+02		3.5818239e-03		1.4823548e-02		6.2038874e-03		6.2037996e-03		8.7788490e-08
3.5200000e+02		3.5300000e+02		3.5250000e+02		6.5785102e+02		4.5080222e-03		1.8399236e-02		7.8081073e-03		7.8080017e-03		1.0559316e-07
3.5300000e+02		3.5400000e+02		3.5350000e+02		7.5263834e+02		7.0429220e-03		2.8348637e-02		1.2198674e-02		1.2198517e-02		1.5778527e-07
3.5400000e+02		3.5500000e+02		3.5450000e+02		8.0329241e+02		1.0186965e-02		4.0455809e-02		1.7644307e-02		1.7644088e-02		2.1900197e-07
3.5500000e+02		3.5600000e+02		3.5550000e+02		7.5433512e+02		1.2443549e-02		4.8879951e-02		2.1552822e-02		2.1552580e-02		2.4186307e-07
3.5600000e+02		3.5700000e+02		3.5650000e+02		6.5576441e+02		1.3508094e-02		5.2617110e-02		2.3396670e-02		2.3396447e-02		2.2311516e-07
3.5700000e+02		3.5800000e+02		3.5750000e+02		5.7307986e+02		1.4761732e-02		5.7022172e-02		2.5568038e-02		2.5567831e-02		2.0673489e-07
3.5800000e+02		3.5900000e+02		3.5850000e+02		4.9194729e+02		1.5944699e-02		6.1071449e-02		2.7616999e-02		2.7616810e-02		1.8863874e-07
3.5900000e+02		3.6000000e+02		3.5950000e+02		7.1030971e+02		2.8883015e-02		1.0972163e-01		5.0026805e-02		5.0026517e-02		2.8831186e-07
3.6000000e+02		3.6100000e+02		3.6050000e+02		7.0092701e+02		3.5476505e-02		1.3365862e-01		6.1447061e-02		6.1446747e-02		3.1407500e-07
3.6100000e+02		3.6200000e+02		3.6150000e+02		6.5110481e+02		4.0011053e-02		1.4959008e-01		6.9301125e-02		6.9300792e-02		3.3240597e-07
3.6200000e+02		3.6300000e+02		3.6250000e+02		7.3500056e+02		5.4762518e-02		2.0320169e-01		9.4851397e-02		9.4850970e-02		4.2709516e-07
3.6300000e+02		3.6400000e+02		3.6350000e+02		7.1558904e+02		6.5657443e-02		2.4166372e-01		1.1372195e-01		1.1372148e-01		4.7831262e-07
3.6400000e+02		3.6500000e+02		3.6450000e+02		7.4837927e+02		8.1608142e-02		2.9839293e-01		1.4134936e-01		1.4134880e-01		5.6155342e-07
3.6500000e+02		3.6600000e+02		3.6550000e+02		8.5179486e+02		1.1559342e-01		4.1911501e-01		2.0021356e-01		2.0021282e-01		7.3488964e-07
3.6600000e+02		3.6700000e+02		3.6650000e+02		9.1042532e+02		1.4805913e-01		5.3311754e-01		2.5644580e-01		2.5644493e-01		8.7389442e-07
3.6700000e+02		3.6800000e+02		3.6750000e+02		8.7909512e+02		1.7716364e-01		6.3274284e-01		3.0685628e-01		3.0685532e-01		9.5950920e-07
3.6800000e+02		3.6900000e+02		3.6850000e+02		8.1047729e+02		1.8903274e-01		6.7144722e-01		3.2741416e-01		3.2741320e-01		9.6128389e-07
3.6900000e+02		3.7000000e+02		3.6950000e+02		8.9967825e+02		2.6621323e-01		9.3727367e-01		4.6109465e-01		4.6109342e-01		1.2305897e-06
3.7000000e+02		3.7100000e+02		3.7050000e+02		8.4427990e+02		3.3345359e-01		1.1622438e+00		5.7755836e-01		5.7755703e-01		1.3311854e-06
3.7100000e+02		3.7200000e+02		3.7150000e+02		8.7164560e+02		3.9204978e-01		1.3614286e+00		6.7904993e-01		6.7904855e-01		1.3850634e-06
3.7200000e+02		3.7300000e+02		3.7250000e+02		7.2411383e+02		3.7135353e-01		1.2848250e+00		6.4320300e-01		6.4320185e-01		1.1588712e-06
3.7300000e+02		3.7400000e+02		3.7350000e+02		6.3155746e+02		3.6998464e-01		1.2753961e+00		6.4083204e-01		6.4083102e-01		1.0176851e-06
3.7400000e+02		3.7500000e+02		3.7450000e+02		6.4642322e+02		4.3345548e-01		1.4887190e+00		7.5076675e-01		7.5076570e-01		1.0485019e-06
3.7500000e+02		3.7600000e+02		3.7550000e+02		7.4036161e+02		5.4494178e-01		1.8690877e+00		9.4386667e-01		9.4386558e-01		1.0909357e-06
3.7600000e+02		3.7700000e+02		3.7650000e+02		7.6758018e+02		5.9598979e-01		2.0459384e+00		1.0322845e+00		1.0322835e+00		9.2764089e-07
3.7700000e+02		3.7800000e+02		3.7750000e+02		9.0048278e+02		7.4086792e-01		2.5452040e+00		1.2832207e+00		1.2832198e+00		8.9241195e-07
3.7800000e+02		3.7900000e+02		3.7850000e+02		9.3786543e+02		8.2144645e-01		2.8238546e+00		1.4227869e+00		1.4227861e+00		7.6208060e-07
3.7900000e+02		3.8000000e+02		3.7950000e+02		7.6051322e+02		7.1270163e-01		2.4513314e+00		1.2344354e+00		1.2344349e+00		5.0666577e-07
3.8000000e+02		3.8100000e+02		3.8050000e+02		8.2814537e+02		8.5245263e-01		2.9271718e+00		1.4764912e+00		1.4764907e+00		5.1715513e-07
3.8100000e+02		3.8200000e+02		3.8150000e+02		7.4366886e+02		8.6026094e-01		2.9429868e+00		1.4900156e+00		1.4900151e+00		4.9764458e-07
3.8200000e+02		3.8300000e+02		3.8250000e+02		5.3336093e+02		6.9375682e-01		2.3645892e+00		1.2016220e+00		1.2016216e+00		3.8239280e-07
3.8300000e+02		3.8400000e+02		3.8350000e+02		4.7073026e+02		6.8886007e-01		2.3392726e+00		1.1931406e+00		1.1931402e+00		3.6150767e-07
3.8400000e+02		3.8500000e+02		3.8450000e+02		6.2969557e+02		1.0376952e+00		3.5109728e+00		1.7973407e+00		1.7973402e+00		5.1799180e-07
3.8500000e+02		3.8600000e+02		3.8550000e+02		6.6694888e+02		1.2317547e+00		4.1533678e+00		2.1334616e+00		2.1334610e+00		5.8635465e-07
3.8600000e+02		3.8700000e+02		3.8650000e+02		6.6977732e+02		1.3793980e+00		4.6365554e+00		2.3891874e+00		2.3891868e+00		6.2793097e-07
3.8700000e+02		3.8800000e+02		3.8750000e+02		6.6902499e+02		1.5374799e+00		5.1517398e+00		2.6629933e+00		2.6629926e+00		6.6881951e-07
3.8800000e+02		3.8900000e+02		3.8850000e+02		6.7841027e+02		1.7408148e+00		5.8149370e+00		3.0151796e+00		3.0151788e+00		7.2311753e-07
3.8900000e+02		3.9000000e+02		3.8950000e+02		8.1451188e+02		2.3354598e+00		7.7771722e+00		4.0451350e+00		4.0451340e+00		9.2563027e-07
3.9000000e+02		3.9100000e+02		3.9050000e+02		8.5560997e+02		2.7171408e+00		9.0253585e+00		4.7062258e+00		4.7062247e+00		1.0229428e-06
3.9100000e+02		3.9200000e+02		3.9150000e+02		9.2006232e+02		3.2066597e+00		1.0630521e+01		5.5540974e+00		5.5540963e+00		1.1421593e-06
3.9200000e+02		3.9300000e+02		3.9250000e+02		7.0614281e+02		2.7033197e+00		8.9444386e+00		4.6822870e+00		4.6822861e+00		9.1055562e-07
3.9300000e+02		3.9400000e+02		3.9350000e+02		4.3291589e+02		1.8221488e+00		6.0172453e+00		3.1560543e+00		3.1560537e+00		5.8009782e-07
3.9400000e+02		3.9500000e+02		3.9450000e+02		7.1565803e+02		3.3150637e+00		1.0926173e+01		5.7418586e+00		5.7418576e+00		9.9693790e-07
3.9500000e+02		3.9600000e+02		3.9550000e+02		8.7888136e+02		4.4833656e+00		1.4736557e+01		7.7654169e+00		7.7654156e+00		1.3097659e-06
3.9600000e+02		3.9700000e+02		3.9650000e+02		6.0712893e+02		3.4108365e+00		1.1171834e+01		5.9077420e+00		5.9077410e+00		9.9571238e-07
3.9700000e+02		3.9800000e+02		3.9750000e+02		6.8053003e+02		4.2115946e+00		1.3746416e+01		7.2946956e+00		7.2946944e+00		1.2282222e-06
3.9800000e+02		3.9900000e+02		3.9850000e+02		1.0480559e+03		7.1471754e+00		2.3246857e+01		1.2379271e+01		1.2379269e+01		2.0815194e-06
3.9900000e+02		4.0000000e+02		3.9950000e+02		1.1577145e+03		8.7023528e+00		2.8207274e+01		1.5072917e+01		1.5072914e+01		2.5301652e-06
4.0000000e+02		4.0100000e+02		4.0050000e+02		1.1939713e+03		9.7555995e+00		3.1541364e+01		1.6897193e+01		1.6897191e+01		2.8061103e-06
