Left Bin Edge (nm)	Right Bin Edge (nm)	Bin Center (nm)		Top of Atm Intensity (erg/s/nm/cm2)		Total Surface Flux (erg/s/nm/cm2)		Total Intensity at BOA (erg/s/nm/cm2)		Total Surface Intensity (erg/s/nm/cm2)		Total Surface Diffuse Intensity (erg/s/nm/cm2)		Total Surface Direct Intensity (erg/s/nm/cm2)
1.9000000e+02		1.9100000e+02		1.9050000e+02		4.4384288e+00		0.0000000e+00		0.0000000e+00		0.0000000e+00		0.0000000e+00		0.0000000e+00
1.9100000e+02		1.9200000e+02		1.9150000e+02		4.8094361e+00		0.0000000e+00		0.0000000e+00		0.0000000e+00		0.0000000e+00		0.0000000e+00
1.9200000e+02		1.9300000e+02		1.9250000e+02		5.0365493e+00		7.1347604e-284		0.0000000e+00		1.0879778e-283		1.3115286e-284		9.5682495e-284
1.9300000e+02		1.9400000e+02		1.9350000e+02		3.8447944e+00		2.7137786e-194		0.0000000e+00		4.1677389e-194		7.1936643e-195		3.4483725e-194
1.9400000e+02		1.9500000e+02		1.9450000e+02		6.1679797e+00		2.5924395e-150		0.0000000e+00		4.0063614e-150		8.7383424e-151		3.1325272e-150
1.9500000e+02		1.9600000e+02		1.9550000e+02		5.9528271e+00		3.5005975e-96		2.8841428e-88		5.4982813e-96		1.8410118e-96		3.6572695e-96
1.9600000e+02		1.9700000e+02		1.9650000e+02		6.5508102e+00		2.9055537e-74		4.4184752e-68		4.6220895e-74		1.9647309e-74		2.6573586e-74
1.9700000e+02		1.9800000e+02		1.9750000e+02		6.5190955e+00		4.8876140e-54		1.8965508e-49		7.9425553e-54		4.5564807e-54		3.3860746e-54
1.9800000e+02		1.9900000e+02		1.9850000e+02		6.3883794e+00		1.1120484e-34		1.3529355e-31		1.8820517e-34		1.5967326e-34		2.8531907e-35
1.9900000e+02		2.0000000e+02		1.9950000e+02		6.7274707e+00		1.4308099e-22		1.9125365e-20		2.4707031e-22		2.4219396e-22		4.8763532e-24
2.0000000e+02		2.0100000e+02		2.0050000e+02		7.1125146e+00		1.3955716e-14		4.2661506e-13		2.4162779e-14		2.4103018e-14		5.9760635e-17
2.0100000e+02		2.0200000e+02		2.0150000e+02		7.5701275e+00		4.7830613e-05		2.7671327e-04		8.2844514e-05		8.2841025e-05		3.4888774e-09
2.0200000e+02		2.0300000e+02		2.0250000e+02		7.4828608e+00		5.9045013e-04		2.8957087e-03		1.0226858e-03		1.0226611e-03		2.4709687e-08
2.0300000e+02		2.0400000e+02		2.0350000e+02		8.0092047e+00		5.6021447e-02		2.1677130e-01		9.7031931e-02		9.7031532e-02		3.9928478e-07
2.0400000e+02		2.0500000e+02		2.0450000e+02		8.6207445e+00		7.5224930e-01		2.6723936e+00		1.3029338e+00		1.3029324e+00		1.3724927e-06
2.0500000e+02		2.0600000e+02		2.0550000e+02		8.6400754e+00		7.6870367e-01		2.7111377e+00		1.3314335e+00		1.3314316e+00		1.9370774e-06
2.0600000e+02		2.0700000e+02		2.0650000e+02		8.6510225e+00		7.8462338e-01		2.7475781e+00		1.3590071e+00		1.3590044e+00		2.7056425e-06
2.0700000e+02		2.0800000e+02		2.0750000e+02		9.3957826e+00		8.6857575e-01		3.0201909e+00		1.5044167e+00		1.5044126e+00		4.0621330e-06
2.0800000e+02		2.0900000e+02		2.0850000e+02		1.0163489e+01		9.5747547e-01		3.3062332e+00		1.6583952e+00		1.6583892e+00		6.0208411e-06
2.0900000e+02		2.1000000e+02		2.0950000e+02		1.3129215e+01		1.2602695e+00		4.3220435e+00		2.1828491e+00		2.1828386e+00		1.0566872e-05
2.1000000e+02		2.1100000e+02		2.1050000e+02		1.6183343e+01		1.5825703e+00		5.3907465e+00		2.7410895e+00		2.7410719e+00		1.7550514e-05
2.1100000e+02		2.1200000e+02		2.1150000e+02		1.8424170e+01		1.8352012e+00		6.2096851e+00		3.1786576e+00		3.1786309e+00		2.6709141e-05
2.1200000e+02		2.1300000e+02		2.1250000e+02		1.6428561e+01		1.6665858e+00		5.6021262e+00		2.8866064e+00		2.8865748e+00		3.1591468e-05
2.1300000e+02		2.1400000e+02		2.1350000e+02		1.6737981e+01		1.7290023e+00		5.7742952e+00		2.9947133e+00		2.9946709e+00		4.2376678e-05
2.1400000e+02		2.1500000e+02		2.1450000e+02		2.1432541e+01		2.2540473e+00		7.4796800e+00		3.9041134e+00		3.9040425e+00		7.0926668e-05
2.1500000e+02		2.1600000e+02		2.1550000e+02		1.8408135e+01		1.9707386e+00		6.4983565e+00		3.4134071e+00		3.4133281e+00		7.9070726e-05
2.1600000e+02		2.1700000e+02		2.1650000e+02		1.7036901e+01		1.8564073e+00		6.0833069e+00		3.2153771e+00		3.2152828e+00		9.4345315e-05
2.1700000e+02		2.1800000e+02		2.1750000e+02		1.7640866e+01		1.9561405e+00		6.3708219e+00		3.3881155e+00		3.3879903e+00		1.2511790e-04
2.1800000e+02		2.1900000e+02		2.1850000e+02		2.3730294e+01		2.6774128e+00		8.6671476e+00		4.6373819e+00		4.6371677e+00		2.1419404e-04
2.1900000e+02		2.2000000e+02		2.1950000e+02		2.5052511e+01		2.8756143e+00		9.2532216e+00		4.9806658e+00		4.9803798e+00		2.8600974e-04
2.2000000e+02		2.2100000e+02		2.2050000e+02		2.5203754e+01		2.9427090e+00		9.4134039e+00		5.0968657e+00		5.0965039e+00		3.6176219e-04
2.2100000e+02		2.2200000e+02		2.2150000e+02		2.0176768e+01		2.3959209e+00		7.6198069e+00		4.1498008e+00		4.1494388e+00		3.6201007e-04
2.2200000e+02		2.2300000e+02		2.2250000e+02		2.7154039e+01		3.2789187e+00		1.0368331e+01		5.6791603e+00		5.6785547e+00		6.0558353e-04
2.2300000e+02		2.2400000e+02		2.2350000e+02		3.5163062e+01		4.3171313e+00		1.3574203e+01		7.4773411e+00		7.4763716e+00		9.6946096e-04
2.2400000e+02		2.2500000e+02		2.2450000e+02		3.2875934e+01		4.1033308e+00		1.2830102e+01		7.1070053e+00		7.1058907e+00		1.1146297e-03
2.2500000e+02		2.2600000e+02		2.2550000e+02		2.8720078e+01		3.6436099e+00		1.1330084e+01		6.3107334e+00		6.3095421e+00		1.1912989e-03
2.2600000e+02		2.2700000e+02		2.2650000e+02		2.1037217e+01		2.7124440e+00		8.3888498e+00		4.6979267e+00		4.6968644e+00		1.0622976e-03
2.2700000e+02		2.2800000e+02		2.2750000e+02		2.0463841e+01		2.6811725e+00		8.2478164e+00		4.6437337e+00		4.6424818e+00		1.2519074e-03
2.2800000e+02		2.2900000e+02		2.2850000e+02		2.8509984e+01		3.7952381e+00		1.1613351e+01		6.5732203e+00		6.5711171e+00		2.1031751e-03
2.2900000e+02		2.3000000e+02		2.2950000e+02		2.5620938e+01		3.4648248e+00		1.0547156e+01		6.0009022e+00		5.9986334e+00		2.2687827e-03
2.3000000e+02		2.3100000e+02		2.3050000e+02		2.9055844e+01		3.9912062e+00		1.2087167e+01		6.9124969e+00		6.9094220e+00		3.0749255e-03
2.3100000e+02		2.3200000e+02		2.3150000e+02		2.7387429e+01		3.8207356e+00		1.1512348e+01		6.6171754e+00		6.6137263e+00		3.4490152e-03
2.3200000e+02		2.3300000e+02		2.3250000e+02		2.9413108e+01		4.1668008e+00		1.2492404e+01		7.2164327e+00		7.2120432e+00		4.3895592e-03
2.3300000e+02		2.3400000e+02		2.3350000e+02		2.6543685e+01		3.8179535e+00		1.1390152e+01		6.6121672e+00		6.6074918e+00		4.6754431e-03
2.3400000e+02		2.3500000e+02		2.3450000e+02		2.3194371e+01		3.3868933e+00		1.0055064e+01		5.8655293e+00		5.8607263e+00		4.8030983e-03
2.3500000e+02		2.3600000e+02		2.3550000e+02		3.1223226e+01		4.6279483e+00		1.3673653e+01		8.0146718e+00		8.0070993e+00		7.5724826e-03
2.3600000e+02		2.3700000e+02		2.3650000e+02		2.8911473e+01		4.3492610e+00		1.2789456e+01		7.5318772e+00		7.5236955e+00		8.1817031e-03
2.3700000e+02		2.3800000e+02		2.3750000e+02		3.0878004e+01		4.7138105e+00		1.3796744e+01		8.1629899e+00		8.1528304e+00		1.0159502e-02
2.3800000e+02		2.3900000e+02		2.3850000e+02		2.5598090e+01		3.9650770e+00		1.1551832e+01		6.8662075e+00		6.8564495e+00		9.7580090e-03
2.3900000e+02		2.4000000e+02		2.3950000e+02		2.7890834e+01		4.3829916e+00		1.2711329e+01		7.5896679e+00		7.5773915e+00		1.2276336e-02
2.4000000e+02		2.4100000e+02		2.4050000e+02		2.5623038e+01		4.0845963e+00		1.1792786e+01		7.0727233e+00		7.0597439e+00		1.2979434e-02
2.4100000e+02		2.4200000e+02		2.4150000e+02		3.0005079e+01		4.8514029e+00		1.3944629e+01		8.4001831e+00		8.3827473e+00		1.7435797e-02
2.4200000e+02		2.4300000e+02		2.4250000e+02		4.1301739e+01		6.7723599e+00		1.9381032e+01		1.1725832e+01		1.1698386e+01		2.7446048e-02
2.4300000e+02		2.4400000e+02		2.4350000e+02		3.8791639e+01		6.4499207e+00		1.8378620e+01		1.1167051e+01		1.1137661e+01		2.9389606e-02
2.4400000e+02		2.4500000e+02		2.4450000e+02		3.6329084e+01		6.1243648e+00		1.7376617e+01		1.0602878e+01		1.0571591e+01		3.1287442e-02
2.4500000e+02		2.4600000e+02		2.4550000e+02		2.9476122e+01		5.0374817e+00		1.4232683e+01		8.7207297e+00		8.6919559e+00		2.8773763e-02
2.4600000e+02		2.4700000e+02		2.4650000e+02		2.8685918e+01		4.9692971e+00		1.3981713e+01		8.6021859e+00		8.5705347e+00		3.1651202e-02
2.4700000e+02		2.4800000e+02		2.4750000e+02		3.1678139e+01		5.5618060e+00		1.5584610e+01		9.6272445e+00		9.5878448e+00		3.9399751e-02
2.4800000e+02		2.4900000e+02		2.4850000e+02		2.5406301e+01		4.5203788e+00		1.2615129e+01		7.8240382e+00		7.7885131e+00		3.5525196e-02
2.4900000e+02		2.5000000e+02		2.4950000e+02		3.0967514e+01		5.5829605e+00		1.5518147e+01		9.6624708e+00		9.6139149e+00		4.8555924e-02
2.5000000e+02		2.5100000e+02		2.5050000e+02		3.3448743e+01		6.1095719e+00		1.6914755e+01		1.0573027e+01		1.0514364e+01		5.8663212e-02
2.5100000e+02		2.5200000e+02		2.5150000e+02		2.7888154e+01		5.1602626e+00		1.4230729e+01		8.9294070e+00		8.8748319e+00		5.4575039e-02
2.5200000e+02		2.5300000e+02		2.5250000e+02		2.5069906e+01		4.6986646e+00		1.2907749e+01		8.1298901e+00		8.0752789e+00		5.4611153e-02
2.5300000e+02		2.5400000e+02		2.5350000e+02		3.1592540e+01		5.9968744e+00		1.6411250e+01		1.0375085e+01		1.0298656e+01		7.6429439e-02
2.5400000e+02		2.5500000e+02		2.5450000e+02		3.5730773e+01		6.8683245e+00		1.8725250e+01		1.1881492e+01		1.1785709e+01		9.5782330e-02
2.5500000e+02		2.5600000e+02		2.5550000e+02		4.8755658e+01		9.4896685e+00		2.5775498e+01		1.6414267e+01		1.6269763e+01		1.4450393e-01
2.5600000e+02		2.5700000e+02		2.5650000e+02		6.2803876e+01		1.2375993e+01		3.3491451e+01		2.1404127e+01		2.1198764e+01		2.0536301e-01
2.5700000e+02		2.5800000e+02		2.5750000e+02		7.8843355e+01		1.5728113e+01		4.2407891e+01		2.7198046e+01		2.6914205e+01		2.8384120e-01
2.5800000e+02		2.5900000e+02		2.5850000e+02		8.2991293e+01		1.6757629e+01		4.5021161e+01		2.8974358e+01		2.8646086e+01		3.2827216e-01
2.5900000e+02		2.6000000e+02		2.5950000e+02		7.0629481e+01		1.4433961e+01		3.8640366e+01		2.4953033e+01		2.4646683e+01		3.0634995e-01
2.6000000e+02		2.6100000e+02		2.6050000e+02		5.7868388e+01		1.1967727e+01		3.1925381e+01		2.0686278e+01		2.0411574e+01		2.7470366e-01
2.6100000e+02		2.6200000e+02		2.6150000e+02		5.9092703e+01		1.2365921e+01		3.2872780e+01		2.1371070e+01		2.1064640e+01		3.0642934e-01
2.6200000e+02		2.6300000e+02		2.6250000e+02		7.0528613e+01		1.4932489e+01		3.9558894e+01		2.5802229e+01		2.5403445e+01		3.9878421e-01
2.6300000e+02		2.6400000e+02		2.6350000e+02		1.0614195e+02		2.2734237e+01		6.0021993e+01		3.9275951e+01		3.8622733e+01		6.5321854e-01
2.6400000e+02		2.6500000e+02		2.6450000e+02		1.6548208e+02		3.5852817e+01		9.4338114e+01		6.1927976e+01		6.0821446e+01		1.1065303e+00
2.6500000e+02		2.6600000e+02		2.6550000e+02		1.7356948e+02		3.8034483e+01		9.9744913e+01		6.5683198e+01		6.4424309e+01		1.2588890e+00
2.6600000e+02		2.6700000e+02		2.6650000e+02		1.6826276e+02		3.7288693e+01		9.7466391e+01		6.4381773e+01		6.3060225e+01		1.3215481e+00
2.6700000e+02		2.6800000e+02		2.6750000e+02		1.6940220e+02		3.7961788e+01		9.8901692e+01		6.5529553e+01		6.4091113e+01		1.4384401e+00
2.6800000e+02		2.6900000e+02		2.6850000e+02		1.6778062e+02		3.8015583e+01		9.8721693e+01		6.5607377e+01		6.4069553e+01		1.5378232e+00
2.6900000e+02		2.7000000e+02		2.6950000e+02		1.5737310e+02		3.6049287e+01		9.3315929e+01		6.2199062e+01		6.0644465e+01		1.5545971e+00
2.7000000e+02		2.7100000e+02		2.7050000e+02		1.8181465e+02		4.2101326e+01		1.0863682e+02		7.2623081e+01		7.0690285e+01		1.9327961e+00
2.7100000e+02		2.7200000e+02		2.7150000e+02		1.5108640e+02		3.5362885e+01		9.0963014e+01		6.0983717e+01		5.9257818e+01		1.7258985e+00
2.7200000e+02		2.7300000e+02		2.7250000e+02		1.2154404e+02		2.8751890e+01		7.3728081e+01		4.9569604e+01		4.8079781e+01		1.4898225e+00
2.7300000e+02		2.7400000e+02		2.7350000e+02		1.2960124e+02		3.0981868e+01		7.9202110e+01		5.3399232e+01		5.1697018e+01		1.7022138e+00
2.7400000e+02		2.7500000e+02		2.7450000e+02		8.9183780e+01		2.1542973e+01		5.4904813e+01		3.7119908e+01		3.5866471e+01		1.2534373e+00
2.7500000e+02		2.7600000e+02		2.7550000e+02		1.1893609e+02		2.9027569e+01		7.3757099e+01		5.0001292e+01		4.8214953e+01		1.7863391e+00
2.7600000e+02		2.7700000e+02		2.7650000e+02		1.6564211e+02		4.0841456e+01		1.0346544e+02		7.0329340e+01		6.7674184e+01		2.6551555e+00
2.7700000e+02		2.7800000e+02		2.7750000e+02		1.5837296e+02		3.9445864e+01		9.9634298e+01		6.7904259e+01		6.5198320e+01		2.7059389e+00
2.7800000e+02		2.7900000e+02		2.7850000e+02		1.0921797e+02		2.7476495e+01		6.9198099e+01		4.7283819e+01		4.5297219e+01		1.9866005e+00
2.7900000e+02		2.8000000e+02		2.7950000e+02		6.1368404e+01		1.5592508e+01		3.9154906e+01		2.6823678e+01		2.5636776e+01		1.1869025e+00
2.8000000e+02		2.8100000e+02		2.8050000e+02		6.7313201e+01		1.7271607e+01		4.3246611e+01		2.9701726e+01		2.8319081e+01		1.3826454e+00
2.8100000e+02		2.8200000e+02		2.8150000e+02		1.3943196e+02		3.6125504e+01		9.0197388e+01		6.2101908e+01		5.9063740e+01		3.0381677e+00
2.8200000e+02		2.8300000e+02		2.8250000e+02		1.8983287e+02		4.9659244e+01		1.2363809e+02		8.5335302e+01		8.0952320e+01		4.3829826e+00
2.8300000e+02		2.8400000e+02		2.8350000e+02		1.9610227e+02		5.1790101e+01		1.2858263e+02		8.8962816e+01		8.4170436e+01		4.7923803e+00
2.8400000e+02		2.8500000e+02		2.8450000e+02		1.4459284e+02		3.8548280e+01		9.5441001e+01		6.6190471e+01		6.2454375e+01		3.7360963e+00
2.8500000e+02		2.8600000e+02		2.8550000e+02		9.2944992e+01		2.5011355e+01		6.1755066e+01		4.2929123e+01		4.0392576e+01		2.5365471e+00
2.8600000e+02		2.8700000e+02		2.8650000e+02		1.9045522e+02		5.1726891e+01		1.2737022e+02		8.8746478e+01		8.3262333e+01		5.4841449e+00
2.8700000e+02		2.8800000e+02		2.8750000e+02		2.2108403e+02		6.0597216e+01		1.4880963e+02		1.0392094e+02		9.7210736e+01		6.7102090e+00
2.8800000e+02		2.8900000e+02		2.8850000e+02		2.1010240e+02		5.8110949e+01		1.4232253e+02		9.9613864e+01		9.2898869e+01		6.7149952e+00
2.8900000e+02		2.9000000e+02		2.8950000e+02		3.1885068e+02		8.8982809e+01		2.1735494e+02		1.5246675e+02		1.4174610e+02		1.0720649e+01
2.9000000e+02		2.9100000e+02		2.9050000e+02		4.1860542e+02		1.1786256e+02		2.8714236e+02		2.0185893e+02		1.8706615e+02		1.4792784e+01
2.9100000e+02		2.9200000e+02		2.9150000e+02		4.0318642e+02		1.1452227e+02		2.7827837e+02		1.9604737e+02		1.8108626e+02		1.4961108e+01
2.9200000e+02		2.9300000e+02		2.9250000e+02		3.5818014e+02		1.0262653e+02		2.4872951e+02		1.7560048e+02		1.6165664e+02		1.3943841e+01
2.9300000e+02		2.9400000e+02		2.9350000e+02		3.7393440e+02		1.0806598e+02		2.6124306e+02		1.8481878e+02		1.6956005e+02		1.5258728e+01
2.9400000e+02		2.9500000e+02		2.9450000e+02		3.4819581e+02		1.0148789e+02		2.4471913e+02		1.7348363e+02		1.5860319e+02		1.4880439e+01
2.9500000e+02		2.9600000e+02		2.9550000e+02		3.7701055e+02		1.1081620e+02		2.6654135e+02		1.8933501e+02		1.7247528e+02		1.6859725e+01
2.9600000e+02		2.9700000e+02		2.9650000e+02		3.4493460e+02		1.0223695e+02		2.4529375e+02		1.7458832e+02		1.5846027e+02		1.6128055e+01
2.9700000e+02		2.9800000e+02		2.9750000e+02		3.5165811e+02		1.0509346e+02		2.5152497e+02		1.7937381e+02		1.6219609e+02		1.7177716e+01
2.9800000e+02		2.9900000e+02		2.9850000e+02		3.0223333e+02		9.1063481e+01		2.1741320e+02		1.5534599e+02		1.3993447e+02		1.5411520e+01
2.9900000e+02		3.0000000e+02		2.9950000e+02		3.4101318e+02		1.0358171e+02		2.4670068e+02		1.7660698e+02		1.5846858e+02		1.8138395e+01
3.0000000e+02		3.0100000e+02		3.0050000e+02		2.7131061e+02		8.3071526e+01		1.9737601e+02		1.4156066e+02		1.2651912e+02		1.5041545e+01
3.0100000e+02		3.0200000e+02		3.0150000e+02		3.1202593e+02		9.6297141e+01		2.2825467e+02		1.6400841e+02		1.4599090e+02		1.8017509e+01
3.0200000e+02		3.0300000e+02		3.0250000e+02		3.2846528e+02		1.0216769e+02		2.4159785e+02		1.7391035e+02		1.5416980e+02		1.9740546e+01
3.0300000e+02		3.0400000e+02		3.0350000e+02		4.2601061e+02		1.3353968e+02		3.1504464e+02		2.2718422e+02		2.0055554e+02		2.6628681e+01
3.0400000e+02		3.0500000e+02		3.0450000e+02		4.0776836e+02		1.2880536e+02		3.0317052e+02		2.1900537e+02		1.9251410e+02		2.6491268e+01
3.0500000e+02		3.0600000e+02		3.0550000e+02		4.1174793e+02		1.3105311e+02		3.0775177e+02		2.2269898e+02		1.9491545e+02		2.7783529e+01
3.0600000e+02		3.0700000e+02		3.0650000e+02		3.9053943e+02		1.2523959e+02		2.9342956e+02		2.1269620e+02		1.8534348e+02		2.7352723e+01
3.0700000e+02		3.0800000e+02		3.0750000e+02		4.3847484e+02		1.4166020e+02		3.3115239e+02		2.4044207e+02		2.0858696e+02		3.1855104e+01
3.0800000e+02		3.0900000e+02		3.0850000e+02		4.3035211e+02		1.4006172e+02		3.2668261e+02		2.3758767e+02		2.0517747e+02		3.2410207e+01
3.0900000e+02		3.1000000e+02		3.0950000e+02		3.4901328e+02		1.1441844e+02		2.6627952e+02		1.9397233e+02		1.6674194e+02		2.7230395e+01
3.1000000e+02		3.1100000e+02		3.1050000e+02		4.3927411e+02		1.4504901e+02		3.3682186e+02		2.4575104e+02		2.1026661e+02		3.5484436e+01
3.1100000e+02		3.1200000e+02		3.1150000e+02		5.2246540e+02		1.7375151e+02		4.0259317e+02		2.9420069e+02		2.5052983e+02		4.3670866e+01
3.1200000e+02		3.1300000e+02		3.1250000e+02		4.6521908e+02		1.5580722e+02		3.6023523e+02		2.6365434e+02		2.2344095e+02		4.0213392e+01
3.1300000e+02		3.1400000e+02		3.1350000e+02		4.9544367e+02		1.6709012e+02		3.8549485e+02		2.8257140e+02		2.3830863e+02		4.4262770e+01
3.1400000e+02		3.1500000e+02		3.1450000e+02		4.6729179e+02		1.5868606e+02		3.6532901e+02		2.6819102e+02		2.2506684e+02		4.3124177e+01
3.1500000e+02		3.1600000e+02		3.1550000e+02		4.5343123e+02		1.5503302e+02		3.5616848e+02		2.6185188e+02		2.1865080e+02		4.3201088e+01
3.1600000e+02		3.1700000e+02		3.1650000e+02		4.4229406e+02		1.5224897e+02		3.4904367e+02		2.5698633e+02		2.1350408e+02		4.3482249e+01
3.1700000e+02		3.1800000e+02		3.1750000e+02		5.6102832e+02		1.9441380e+02		4.4478984e+02		3.2794813e+02		2.7106610e+02		5.6882027e+01
3.1800000e+02		3.1900000e+02		3.1850000e+02		4.6340678e+02		1.6164886e+02		3.6907185e+02		2.7250309e+02		2.2407264e+02		4.8430443e+01
3.1900000e+02		3.2000000e+02		3.1950000e+02		4.9774832e+02		1.7476611e+02		3.9821177e+02		2.9442529e+02		2.4083175e+02		5.3593544e+01
3.2000000e+02		3.2100000e+02		3.2050000e+02		5.7184857e+02		2.0208547e+02		4.5953503e+02		3.4022844e+02		2.7682459e+02		6.3403851e+01
3.2100000e+02		3.2200000e+02		3.2150000e+02		4.8024660e+02		1.7080272e+02		3.8762605e+02		2.8737335e+02		2.3256833e+02		5.4805022e+01
3.2200000e+02		3.2300000e+02		3.2250000e+02		4.8228681e+02		1.7261651e+02		3.9096973e+02		2.9023445e+02		2.3361356e+02		5.6620887e+01
3.2300000e+02		3.2400000e+02		3.2350000e+02		4.6607071e+02		1.6785938e+02		3.7945205e+02		2.8204987e+02		2.2578515e+02		5.6264719e+01
3.2400000e+02		3.2500000e+02		3.2450000e+02		5.4882129e+02		1.9888967e+02		4.4872667e+02		3.3396815e+02		2.6587080e+02		6.8097347e+01
3.2500000e+02		3.2600000e+02		3.2550000e+02		6.3196128e+02		2.3042530e+02		5.1887886e+02		3.8666465e+02		3.0610634e+02		8.0558310e+01
3.2600000e+02		3.2700000e+02		3.2650000e+02		7.1301257e+02		2.6155711e+02		5.8786315e+02		4.3861283e+02		3.4527724e+02		9.3335591e+01
3.2700000e+02		3.2800000e+02		3.2750000e+02		6.8984049e+02		2.5457700e+02		5.7109780e+02		4.2662234e+02		3.3393034e+02		9.2692004e+01
3.2800000e+02		3.2900000e+02		3.2850000e+02		6.6596082e+02		2.4722484e+02		5.5357017e+02		4.1402384e+02		3.2221116e+02		9.1812686e+01
3.2900000e+02		3.3000000e+02		3.2950000e+02		7.7527139e+02		2.8949574e+02		6.4702285e+02		4.8448858e+02		3.7486886e+02		1.0961972e+02
3.3000000e+02		3.3100000e+02		3.3050000e+02		7.3029799e+02		2.7428741e+02		6.1191026e+02		4.5872743e+02		3.5286548e+02		1.0586196e+02
3.3100000e+02		3.3200000e+02		3.3150000e+02		6.9881652e+02		2.6397264e+02		5.8783128e+02		4.4117883e+02		3.3736978e+02		1.0380905e+02
3.3200000e+02		3.3300000e+02		3.3250000e+02		6.8562051e+02		2.6046084e+02		5.7896938e+02		4.3501539e+02		3.3068308e+02		1.0433231e+02
3.3300000e+02		3.3400000e+02		3.3350000e+02		6.5878216e+02		2.5167294e+02		5.5843995e+02		4.2005363e+02		3.1740015e+02		1.0265349e+02
3.3400000e+02		3.3500000e+02		3.3450000e+02		6.9405546e+02		2.6662348e+02		5.9057151e+02		4.4470531e+02		3.3400214e+02		1.1070317e+02
3.3500000e+02		3.3600000e+02		3.3550000e+02		6.8541663e+02		2.6475375e+02		5.8540667e+02		4.4128734e+02		3.2942222e+02		1.1186513e+02
3.3600000e+02		3.3700000e+02		3.3650000e+02		5.6469084e+02		2.1930850e+02		4.8408290e+02		3.6529194e+02		2.7102307e+02		9.4268865e+01
3.3700000e+02		3.3800000e+02		3.3750000e+02		5.9573781e+02		2.3261163e+02		5.1256814e+02		3.8718736e+02		2.8549780e+02		1.0168956e+02
3.3800000e+02		3.3900000e+02		3.3850000e+02		6.4448401e+02		2.5298482e+02		5.5651611e+02		4.2081315e+02		3.0836660e+02		1.1244655e+02
3.3900000e+02		3.4000000e+02		3.3950000e+02		6.7448220e+02		2.6615441e+02		5.8450355e+02		4.4241886e+02		3.2217324e+02		1.2024562e+02
3.4000000e+02		3.4100000e+02		3.4050000e+02		7.1196374e+02		2.8240800e+02		6.1916690e+02		4.6911804e+02		3.3946697e+02		1.2965108e+02
3.4100000e+02		3.4200000e+02		3.4150000e+02		6.4984945e+02		2.5909745e+02		5.6712416e+02		4.3010413e+02		3.0926491e+02		1.2083923e+02
3.4200000e+02		3.4300000e+02		3.4250000e+02		7.0477558e+02		2.8242821e+02		6.1718353e+02		4.6851566e+02		3.3473816e+02		1.3377750e+02
3.4300000e+02		3.4400000e+02		3.4350000e+02		6.9264465e+02		2.7896545e+02		6.0863205e+02		4.6245797e+02		3.2829198e+02		1.3416599e+02
3.4400000e+02		3.4500000e+02		3.4450000e+02		5.5710877e+02		2.2549595e+02		4.9118846e+02		3.7356547e+02		2.6347825e+02		1.1008722e+02
3.4500000e+02		3.4600000e+02		3.4550000e+02		6.7138909e+02		2.7309151e+02		5.9392204e+02		4.5210854e+02		3.1680664e+02		1.3530190e+02
3.4600000e+02		3.4700000e+02		3.4650000e+02		6.5194093e+02		2.6647346e+02		5.7862045e+02		4.4085466e+02		3.0690527e+02		1.3394938e+02
3.4700000e+02		3.4800000e+02		3.4750000e+02		6.4525828e+02		2.6501347e+02		5.7455694e+02		4.3814401e+02		3.0301723e+02		1.3512679e+02
3.4800000e+02		3.4900000e+02		3.4850000e+02		6.6761091e+02		2.7550124e+02		5.9637667e+02		4.5517719e+02		3.1272093e+02		1.4245626e+02
3.4900000e+02		3.5000000e+02		3.4950000e+02		6.3989005e+02		2.6530695e+02		5.7343511e+02		4.3804039e+02		2.9895200e+02		1.3908839e+02
3.5000000e+02		3.5100000e+02		3.5050000e+02		7.6650484e+02		3.1928529e+02		6.8906422e+02		5.2680961e+02		3.5713877e+02		1.6967084e+02
3.5100000e+02		3.5200000e+02		3.5150000e+02		7.1211510e+02		2.9799762e+02		6.4216293e+02		4.9135741e+02		3.3087374e+02		1.6048366e+02
3.5200000e+02		3.5300000e+02		3.5250000e+02		6.5785102e+02		2.7654565e+02		5.9505537e+02		4.5568237e+02		3.0478551e+02		1.5089687e+02
3.5300000e+02		3.5400000e+02		3.5350000e+02		7.5263834e+02		3.1781958e+02		6.8286632e+02		5.2334429e+02		3.4767461e+02		1.7566968e+02
3.5400000e+02		3.5500000e+02		3.5450000e+02		8.0329241e+02		3.4072309e+02		7.3101699e+02		5.6068727e+02		3.6995253e+02		1.9073474e+02
3.5500000e+02		3.5600000e+02		3.5550000e+02		7.5433512e+02		3.2136948e+02		6.8850597e+02		5.2849016e+02		3.4632893e+02		1.8216123e+02
3.5600000e+02		3.5700000e+02		3.5650000e+02		6.5576441e+02		2.8059477e+02		6.0029688e+02		4.6113270e+02		3.0011754e+02		1.6101515e+02
3.5700000e+02		3.5800000e+02		3.5750000e+02		5.7307986e+02		2.4627345e+02		5.2613080e+02		4.0446313e+02		2.6142393e+02		1.4303920e+02
3.5800000e+02		3.5900000e+02		3.5850000e+02		4.9194729e+02		2.1231038e+02		4.5294258e+02		3.4845650e+02		2.2366784e+02		1.2478866e+02
3.5900000e+02		3.6000000e+02		3.5950000e+02		7.1030971e+02		3.0784376e+02		6.5584944e+02		5.0492247e+02		3.2185197e+02		1.8307050e+02
3.6000000e+02		3.6100000e+02		3.6050000e+02		7.0092701e+02		3.0504597e+02		6.4900348e+02		5.0000887e+02		3.1650013e+02		1.8350873e+02
3.6100000e+02		3.6200000e+02		3.6150000e+02		6.5110481e+02		2.8453354e+02		6.0454570e+02		4.6608491e+02		2.9296413e+02		1.7312077e+02
3.6200000e+02		3.6300000e+02		3.6250000e+02		7.3500056e+02		3.2250815e+02		6.8431530e+02		5.2794971e+02		3.2952167e+02		1.9842804e+02
3.6300000e+02		3.6400000e+02		3.6350000e+02		7.1558904e+02		3.1525922e+02		6.6805025e+02		5.1575219e+02		3.1964180e+02		1.9611039e+02
3.6400000e+02		3.6500000e+02		3.6450000e+02		7.4837927e+02		3.3102271e+02		7.0053647e+02		5.4119488e+02		3.3304013e+02		2.0815475e+02
3.6500000e+02		3.6600000e+02		3.6550000e+02		8.5179486e+02		3.7825444e+02		7.9945571e+02		6.1802173e+02		3.7762144e+02		2.4040029e+02
3.6600000e+02		3.6700000e+02		3.6650000e+02		9.1042532e+02		4.0587059e+02		8.5672437e+02		6.6272347e+02		4.0205468e+02		2.6066878e+02
3.6700000e+02		3.6800000e+02		3.6750000e+02		8.7909512e+02		3.9341855e+02		8.2938702e+02		6.4198654e+02		3.8669514e+02		2.5529140e+02
3.6800000e+02		3.6900000e+02		3.6850000e+02		8.1047729e+02		3.6409709e+02		7.6660936e+02		5.9376680e+02		3.5509054e+02		2.3867626e+02
3.6900000e+02		3.7000000e+02		3.6950000e+02		8.9967825e+02		4.0569801e+02		8.5313915e+02		6.6119641e+02		3.9257689e+02		2.6861952e+02
3.7000000e+02		3.7100000e+02		3.7050000e+02		8.4427990e+02		3.8214087e+02		8.0261287e+02		6.2241687e+02		3.6689142e+02		2.5552545e+02
3.7100000e+02		3.7200000e+02		3.7150000e+02		8.7164560e+02		3.9598676e+02		8.3068128e+02		6.4457007e+02		3.7720673e+02		2.6736334e+02
3.7200000e+02		3.7300000e+02		3.7250000e+02		7.2411383e+02		3.3016706e+02		6.9177375e+02		5.3710130e+02		3.1203980e+02		2.2506151e+02
3.7300000e+02		3.7400000e+02		3.7350000e+02		6.3155746e+02		2.8900720e+02		6.0481277e+02		4.6985678e+02		2.7099133e+02		1.9886545e+02
3.7400000e+02		3.7500000e+02		3.7450000e+02		6.4642322e+02		2.9686877e+02		6.2053191e+02		4.8234430e+02		2.7616907e+02		2.0617524e+02
3.7500000e+02		3.7600000e+02		3.7550000e+02		7.4036161e+02		3.4121360e+02		7.1239117e+02		5.5405923e+02		3.1491558e+02		2.3914365e+02
3.7600000e+02		3.7700000e+02		3.7650000e+02		7.6758018e+02		3.5499673e+02		7.4031131e+02		5.7609338e+02		3.2504482e+02		2.5104856e+02
3.7700000e+02		3.7800000e+02		3.7750000e+02		9.0048278e+02		4.1790508e+02		8.7050387e+02		6.7777620e+02		3.7961350e+02		2.9816270e+02
3.7800000e+02		3.7900000e+02		3.7850000e+02		9.3786543e+02		4.3674512e+02		9.0871834e+02		7.0791048e+02		3.9357854e+02		3.1433194e+02
3.7900000e+02		3.8000000e+02		3.7950000e+02		7.6051322e+02		3.5535584e+02		7.3854669e+02		5.7564779e+02		3.1768788e+02		2.5795991e+02
3.8000000e+02		3.8100000e+02		3.8050000e+02		8.2814537e+02		3.8825446e+02		8.0602640e+02		6.2857116e+02		3.4433582e+02		2.8423534e+02
3.8100000e+02		3.8200000e+02		3.8150000e+02		7.4366886e+02		3.4980570e+02		7.2540911e+02		5.6599293e+02		3.0776280e+02		2.5823013e+02
3.8200000e+02		3.8300000e+02		3.8250000e+02		5.3336093e+02		2.5170410e+02		5.2140438e+02		4.0702592e+02		2.1968388e+02		1.8734205e+02
3.8300000e+02		3.8400000e+02		3.8350000e+02		4.7073026e+02		2.2286794e+02		4.6117435e+02		3.6018745e+02		1.9296099e+02		1.6722646e+02
3.8400000e+02		3.8500000e+02		3.8450000e+02		6.2969557e+02		2.9908682e+02		6.1823392e+02		4.8309104e+02		2.5687912e+02		2.2621193e+02
3.8500000e+02		3.8600000e+02		3.8550000e+02		6.6694888e+02		3.1778638e+02		6.5619610e+02		5.1300226e+02		2.7075233e+02		2.4224993e+02
3.8600000e+02		3.8700000e+02		3.8650000e+02		6.6977732e+02		3.2013588e+02		6.6035931e+02		5.1650226e+02		2.7056566e+02		2.4593659e+02
3.8700000e+02		3.8800000e+02		3.8750000e+02		6.6902499e+02		3.2076925e+02		6.6098403e+02		5.1723277e+02		2.6892343e+02		2.4830934e+02
3.8800000e+02		3.8900000e+02		3.8850000e+02		6.7841027e+02		3.2626819e+02		6.7162973e+02		5.2580540e+02		2.7133426e+02		2.5447115e+02
3.8900000e+02		3.9000000e+02		3.8950000e+02		8.1451188e+02		3.9291380e+02		8.0800496e+02		6.3285788e+02		3.2412889e+02		3.0872899e+02
3.9000000e+02		3.9100000e+02		3.9050000e+02		8.5560997e+02		4.1397968e+02		8.5047569e+02		6.6642016e+02		3.3875586e+02		3.2766429e+02
3.9100000e+02		3.9200000e+02		3.9150000e+02		9.2006232e+02		4.4648791e+02		9.1635393e+02		7.1835743e+02		3.6241135e+02		3.5594608e+02
3.9200000e+02		3.9300000e+02		3.9250000e+02		7.0614281e+02		3.4368485e+02		7.0467533e+02		5.5265570e+02		2.7671576e+02		2.7593994e+02
3.9300000e+02		3.9400000e+02		3.9350000e+02		4.3291589e+02		2.1131632e+02		4.3285385e+02		3.3961924e+02		1.6876612e+02		1.7085312e+02
3.9400000e+02		3.9500000e+02		3.9450000e+02		7.1565803e+02		3.5033469e+02		7.1692769e+02		5.6274156e+02		2.7753107e+02		2.8521049e+02
3.9500000e+02		3.9600000e+02		3.9550000e+02		8.7888136e+02		4.3146198e+02		8.8211060e+02		6.9268626e+02		3.3903526e+02		3.5365100e+02
3.9600000e+02		3.9700000e+02		3.9650000e+02		6.0712893e+02		2.9889223e+02		6.1050290e+02		4.7959924e+02		2.3296392e+02		2.4663532e+02
3.9700000e+02		3.9800000e+02		3.9750000e+02		6.8053003e+02		3.3596134e+02		6.8558179e+02		5.3879629e+02		2.5973653e+02		2.7905975e+02
3.9800000e+02		3.9900000e+02		3.9850000e+02		1.0480559e+03		5.1882612e+02		1.0577739e+03		8.3163001e+02		3.9786285e+02		4.3376716e+02
3.9900000e+02		4.0000000e+02		3.9950000e+02		1.1577145e+03		5.7467384e+02		1.1705708e+03		9.2067086e+02		4.3711843e+02		4.8355243e+02
4.0000000e+02		4.0100000e+02		4.0050000e+02		1.1939713e+03		5.9426993e+02		1.2093983e+03		9.5157493e+02		4.4835915e+02		5.0321578e+02
