Left Bin Edge (nm)	Right Bin Edge (nm)	Bin Center (nm)		Top of Atm Intensity (erg/s/nm/cm2)		Total Surface Flux (erg/s/nm/cm2)		Total Intensity at BOA (erg/s/nm/cm2)		Total Surface Intensity (erg/s/nm/cm2)		Total Surface Diffuse Intensity (erg/s/nm/cm2)		Total Surface Direct Intensity (erg/s/nm/cm2)
1.9000000e+02		1.9100000e+02		1.9050000e+02		4.4384288e+00		0.0000000e+00		0.0000000e+00		0.0000000e+00		0.0000000e+00		0.0000000e+00
1.9100000e+02		1.9200000e+02		1.9150000e+02		4.8094361e+00		0.0000000e+00		0.0000000e+00		0.0000000e+00		0.0000000e+00		0.0000000e+00
1.9200000e+02		1.9300000e+02		1.9250000e+02		5.0365493e+00		6.1543986e-284		0.0000000e+00		9.3834221e-284		1.1208170e-284		8.2626051e-284
1.9300000e+02		1.9400000e+02		1.9350000e+02		3.8447944e+00		2.3273086e-194		0.0000000e+00		3.5735016e-194		6.1162737e-195		2.9618743e-194
1.9400000e+02		1.9500000e+02		1.9450000e+02		6.1679797e+00		2.1956388e-150		0.0000000e+00		3.3923895e-150		7.3444030e-151		2.6579492e-150
1.9500000e+02		1.9600000e+02		1.9550000e+02		5.9528271e+00		2.9786134e-96		2.4864843e-88		4.6791508e-96		1.5719791e-96		3.1071717e-96
1.9600000e+02		1.9700000e+02		1.9650000e+02		6.5508102e+00		2.4810452e-74		3.8219847e-68		3.9475495e-74		1.6833487e-74		2.2642009e-74
1.9700000e+02		1.9800000e+02		1.9750000e+02		6.5190955e+00		4.1396197e-54		1.6284721e-49		6.7285881e-54		3.8707582e-54		2.8578299e-54
1.9800000e+02		1.9900000e+02		1.9850000e+02		6.3883794e+00		9.6754217e-35		1.1909186e-31		1.6378798e-34		1.3921823e-34		2.4569752e-35
1.9900000e+02		2.0000000e+02		1.9950000e+02		6.7274707e+00		1.2496124e-22		1.6884694e-20		2.1579305e-22		2.1160986e-22		4.1831910e-24
2.0000000e+02		2.0100000e+02		2.0050000e+02		7.1125146e+00		1.2098261e-14		3.7402489e-13		2.0946940e-14		2.0896042e-14		5.0898392e-17
2.0100000e+02		2.0200000e+02		2.0150000e+02		7.5701275e+00		4.1444244e-05		2.4211610e-04		7.1783070e-05		7.1780046e-05		3.0242902e-09
2.0200000e+02		2.0300000e+02		2.0250000e+02		7.4828608e+00		4.9667065e-04		2.4621503e-03		8.6025553e-04		8.6023434e-04		2.1195386e-08
2.0300000e+02		2.0400000e+02		2.0350000e+02		8.0092047e+00		4.4522194e-02		1.7396622e-01		7.7114649e-02		7.7114303e-02		3.4569821e-07
2.0400000e+02		2.0500000e+02		2.0450000e+02		8.6207445e+00		5.5323547e-01		1.9800177e+00		9.5823175e-01		9.5823054e-01		1.2163923e-06
2.0500000e+02		2.0600000e+02		2.0550000e+02		8.6400754e+00		5.3245416e-01		1.8947780e+00		9.2223739e-01		9.2223570e-01		1.6887582e-06
2.0600000e+02		2.0700000e+02		2.0650000e+02		8.6510225e+00		5.7597744e-01		2.0322905e+00		9.9762182e-01		9.9761942e-01		2.3922424e-06
2.0700000e+02		2.0800000e+02		2.0750000e+02		9.3957826e+00		6.8117502e-01		2.3828886e+00		1.1798292e+00		1.1798255e+00		3.6508441e-06
2.0800000e+02		2.0900000e+02		2.0850000e+02		1.0163489e+01		7.2053740e-01		2.5057562e+00		1.2480066e+00		1.2480012e+00		5.3488897e-06
2.0900000e+02		2.1000000e+02		2.0950000e+02		1.3129215e+01		1.0396938e+00		3.5830873e+00		1.8008010e+00		1.8007913e+00		9.6125841e-06
2.1000000e+02		2.1100000e+02		2.1050000e+02		1.6183343e+01		1.2449895e+00		4.2667601e+00		2.1563826e+00		2.1563668e+00		1.5753877e-05
2.1100000e+02		2.1200000e+02		2.1150000e+02		1.8424170e+01		1.5264258e+00		5.1896158e+00		2.6438434e+00		2.6438190e+00		2.4321288e-05
2.1200000e+02		2.1300000e+02		2.1250000e+02		1.6428561e+01		1.4201078e+00		4.7938055e+00		2.4596944e+00		2.4596654e+00		2.8939797e-05
2.1300000e+02		2.1400000e+02		2.1350000e+02		1.6737981e+01		1.4602697e+00		4.8986859e+00		2.5292554e+00		2.5292167e+00		3.8703767e-05
2.1400000e+02		2.1500000e+02		2.1450000e+02		2.1432541e+01		2.0046010e+00		6.6735401e+00		3.4720607e+00		3.4719950e+00		6.5683073e-05
2.1500000e+02		2.1600000e+02		2.1550000e+02		1.8408135e+01		1.7181189e+00		5.6866951e+00		2.9758580e+00		2.9757852e+00		7.2787286e-05
2.1600000e+02		2.1700000e+02		2.1650000e+02		1.7036901e+01		1.6816225e+00		5.5262436e+00		2.9126420e+00		2.9125542e+00		8.7758616e-05
2.1700000e+02		2.1800000e+02		2.1750000e+02		1.7640866e+01		1.7713633e+00		5.7856491e+00		3.0680732e+00		3.0679569e+00		1.1633196e-04
2.1800000e+02		2.1900000e+02		2.1850000e+02		2.3730294e+01		2.4581870e+00		7.9778588e+00		4.2576739e+00		4.2574740e+00		1.9988713e-04
2.1900000e+02		2.2000000e+02		2.1950000e+02		2.5052511e+01		2.6873439e+00		8.6659052e+00		4.6545748e+00		4.6543066e+00		2.6822400e-04
2.2000000e+02		2.2100000e+02		2.2050000e+02		2.5203754e+01		2.7312492e+00		8.7573017e+00		4.7306102e+00		4.7302717e+00		3.3849494e-04
2.2100000e+02		2.2200000e+02		2.2150000e+02		2.0176768e+01		2.2731677e+00		7.2423345e+00		3.9371893e+00		3.9368484e+00		3.4088022e-04
2.2200000e+02		2.2300000e+02		2.2250000e+02		2.7154039e+01		3.1104552e+00		9.8533451e+00		5.3873784e+00		5.3868083e+00		5.7010122e-04
2.2300000e+02		2.2400000e+02		2.2350000e+02		3.5163062e+01		4.1597703e+00		1.3097915e+01		7.2047919e+00		7.2038750e+00		9.1688016e-04
2.2400000e+02		2.2500000e+02		2.2450000e+02		3.2875934e+01		3.9437305e+00		1.2349392e+01		6.8305788e+00		6.8295256e+00		1.0532087e-03
2.2500000e+02		2.2600000e+02		2.2550000e+02		2.8720078e+01		3.5304573e+00		1.0992383e+01		6.1147571e+00		6.1136287e+00		1.1284312e-03
2.2600000e+02		2.2700000e+02		2.2650000e+02		2.1037217e+01		2.6363025e+00		8.1633651e+00		4.5660543e+00		4.5650471e+00		1.0072004e-03
2.2700000e+02		2.2800000e+02		2.2750000e+02		2.0463841e+01		2.6160004e+00		8.0565244e+00		4.5308620e+00		4.5296736e+00		1.1884456e-03
2.2800000e+02		2.2900000e+02		2.2850000e+02		2.8509984e+01		3.7254724e+00		1.1411260e+01		6.4523985e+00		6.4503980e+00		2.0005278e-03
2.2900000e+02		2.3000000e+02		2.2950000e+02		2.5620938e+01		3.4124318e+00		1.0397290e+01		5.9101715e+00		5.9080110e+00		2.1604909e-03
2.3000000e+02		2.3100000e+02		2.3050000e+02		2.9055844e+01		3.9353319e+00		1.1928756e+01		6.8157423e+00		6.8128127e+00		2.9295199e-03
2.3100000e+02		2.3200000e+02		2.3150000e+02		2.7387429e+01		3.7751662e+00		1.1384787e+01		6.5382718e+00		6.5349831e+00		3.2886784e-03
2.3200000e+02		2.3300000e+02		2.3250000e+02		2.9413108e+01		4.1234408e+00		1.2372560e+01		7.1413620e+00		7.1371737e+00		4.1882801e-03
2.3300000e+02		2.3400000e+02		2.3350000e+02		2.6543685e+01		3.7835246e+00		1.1296346e+01		6.5525673e+00		6.5481035e+00		4.4638685e-03
2.3400000e+02		2.3500000e+02		2.3450000e+02		2.3194371e+01		3.3595669e+00		9.9816002e+00		5.8182318e+00		5.8136438e+00		4.5879778e-03
2.3500000e+02		2.3600000e+02		2.3550000e+02		3.1223226e+01		4.5939234e+00		1.3583380e+01		7.9557909e+00		7.9485541e+00		7.2368633e-03
2.3600000e+02		2.3700000e+02		2.3650000e+02		2.8911473e+01		4.3206061e+00		1.2714637e+01		7.4823007e+00		7.4744770e+00		7.8236974e-03
2.3700000e+02		2.3800000e+02		2.3750000e+02		3.0878004e+01		4.6856285e+00		1.3724338e+01		8.1142452e+00		8.1045250e+00		9.7202059e-03
2.3800000e+02		2.3900000e+02		2.3850000e+02		2.5598090e+01		3.9433241e+00		1.1496839e+01		6.8285949e+00		6.8192541e+00		9.3407643e-03
2.3900000e+02		2.4000000e+02		2.3950000e+02		2.7890834e+01		4.3607103e+00		1.2655899e+01		7.5511556e+00		7.5393987e+00		1.1756971e-02
2.4000000e+02		2.4100000e+02		2.4050000e+02		2.5623038e+01		4.0653724e+00		1.1745732e+01		7.0395106e+00		7.0270748e+00		1.2435815e-02
2.4100000e+02		2.4200000e+02		2.4150000e+02		3.0005079e+01		4.8302704e+00		1.3893732e+01		8.3636923e+00		8.3469799e+00		1.6712367e-02
2.4200000e+02		2.4300000e+02		2.4250000e+02		4.1301739e+01		6.7449138e+00		1.9315993e+01		1.1678468e+01		1.1652151e+01		2.6317638e-02
2.4300000e+02		2.4400000e+02		2.4350000e+02		3.8791639e+01		6.4250086e+00		1.8320331e+01		1.1124087e+01		1.1095895e+01		2.8191206e-02
2.4400000e+02		2.4500000e+02		2.4450000e+02		3.6329084e+01		6.1005227e+00		1.7320976e+01		1.0561778e+01		1.0531759e+01		3.0019629e-02
2.4500000e+02		2.4600000e+02		2.4550000e+02		2.9476122e+01		5.0170702e+00		1.4184951e+01		8.6855549e+00		8.6579403e+00		2.7614681e-02
2.4600000e+02		2.4700000e+02		2.4650000e+02		2.8685918e+01		4.9503595e+00		1.3938184e+01		8.5695799e+00		8.5391902e+00		3.0389731e-02
2.4700000e+02		2.4800000e+02		2.4750000e+02		3.1678139e+01		5.5409321e+00		1.5537064e+01		9.5913304e+00		9.5534868e+00		3.7843539e-02
2.4800000e+02		2.4900000e+02		2.4850000e+02		2.5406301e+01		4.5034967e+00		1.2576947e+01		7.7950124e+00		7.7608782e+00		3.4134187e-02
2.4900000e+02		2.5000000e+02		2.4950000e+02		3.0967514e+01		5.5617674e+00		1.5470352e+01		9.6260548e+00		9.5793850e+00		4.6669774e-02
2.5000000e+02		2.5100000e+02		2.5050000e+02		3.3448743e+01		6.0840359e+00		1.6856498e+01		1.0529150e+01		1.0472766e+01		5.6383460e-02
2.5100000e+02		2.5200000e+02		2.5150000e+02		2.7888154e+01		5.1372594e+00		1.4178022e+01		8.8898932e+00		8.8374485e+00		5.2444758e-02
2.5200000e+02		2.5300000e+02		2.5250000e+02		2.5069906e+01		4.6785008e+00		1.2862164e+01		8.0952947e+00		8.0428146e+00		5.2480033e-02
2.5300000e+02		2.5400000e+02		2.5350000e+02		3.1592540e+01		5.9695611e+00		1.6349279e+01		1.0328240e+01		1.0254806e+01		7.3434057e-02
2.5400000e+02		2.5500000e+02		2.5450000e+02		3.5730773e+01		6.8339942e+00		1.8646687e+01		1.1822613e+01		1.1730608e+01		9.2004892e-02
2.5500000e+02		2.5600000e+02		2.5550000e+02		4.8755658e+01		9.4373291e+00		2.5654674e+01		1.6324497e+01		1.6185718e+01		1.3877826e-01
2.5600000e+02		2.5700000e+02		2.5650000e+02		6.2803876e+01		1.2314882e+01		3.3353494e+01		2.1299524e+01		2.1102220e+01		1.9730399e-01
2.5700000e+02		2.5800000e+02		2.5750000e+02		7.8843355e+01		1.5638173e+01		4.2201450e+01		2.7043996e+01		2.6771353e+01		2.7264340e-01
2.5800000e+02		2.5900000e+02		2.5850000e+02		8.2991293e+01		1.6663498e+01		4.4806797e+01		2.8813309e+01		2.8497930e+01		3.1537878e-01
2.5900000e+02		2.6000000e+02		2.5950000e+02		7.0629481e+01		1.4344595e+01		3.8435202e+01		2.4800111e+01		2.4505832e+01		2.9427915e-01
2.6000000e+02		2.6100000e+02		2.6050000e+02		5.7868388e+01		1.1890003e+01		3.1746743e+01		2.0553327e+01		2.0289438e+01		2.6388950e-01
2.6100000e+02		2.6200000e+02		2.6150000e+02		5.9092703e+01		1.2279234e+01		3.2672637e+01		2.1222789e+01		2.0928429e+01		2.9436000e-01
2.6200000e+02		2.6300000e+02		2.6250000e+02		7.0528613e+01		1.4828201e+01		3.9319336e+01		2.5624011e+01		2.5240844e+01		3.8316661e-01
2.6300000e+02		2.6400000e+02		2.6350000e+02		1.0614195e+02		2.2579034e+01		5.9668098e+01		3.9011056e+01		3.8383233e+01		6.2782264e-01
2.6400000e+02		2.6500000e+02		2.6450000e+02		1.6548208e+02		3.5577411e+01		9.3704432e+01		6.1457637e+01		6.0394333e+01		1.0633038e+00
2.6500000e+02		2.6600000e+02		2.6550000e+02		1.7356948e+02		3.7733785e+01		9.9054121e+01		6.5169953e+01		6.3960128e+01		1.2098254e+00
2.6600000e+02		2.6700000e+02		2.6650000e+02		1.6826276e+02		3.6978391e+01		9.6753139e+01		6.3852274e+01		6.2582250e+01		1.2700240e+00
2.6700000e+02		2.6800000e+02		2.6750000e+02		1.6940220e+02		3.7638199e+01		9.8159584e+01		6.4977724e+01		6.3595243e+01		1.3824812e+00
2.6800000e+02		2.6900000e+02		2.6850000e+02		1.6778062e+02		3.7673916e+01		9.7937660e+01		6.5024842e+01		6.3546910e+01		1.4779320e+00
2.6900000e+02		2.7000000e+02		2.6950000e+02		1.5737310e+02		3.5730062e+01		9.2587803e+01		6.1655440e+01		6.0161007e+01		1.4944334e+00
2.7000000e+02		2.7100000e+02		2.7050000e+02		1.8181465e+02		4.1695666e+01		1.0770799e+02		7.1932068e+01		7.0074441e+01		1.8576269e+00
2.7100000e+02		2.7200000e+02		2.7150000e+02		1.5108640e+02		3.5007275e+01		9.0148818e+01		6.0378152e+01		5.8719386e+01		1.6587663e+00
2.7200000e+02		2.7300000e+02		2.7250000e+02		1.2154404e+02		2.8447041e+01		7.3029598e+01		4.9050559e+01		4.7618794e+01		1.4317650e+00
2.7300000e+02		2.7400000e+02		2.7350000e+02		1.2960124e+02		3.0624705e+01		7.8381306e+01		5.2790925e+01		5.1155504e+01		1.6354215e+00
2.7400000e+02		2.7500000e+02		2.7450000e+02		8.9183780e+01		2.1322185e+01		5.4404225e+01		3.6744924e+01		3.5539604e+01		1.2053195e+00
2.7500000e+02		2.7600000e+02		2.7550000e+02		1.1893609e+02		2.8695706e+01		7.3000592e+01		4.9437199e+01		4.7720192e+01		1.7170065e+00
2.7600000e+02		2.7700000e+02		2.7650000e+02		1.6564211e+02		4.0388141e+01		1.0243844e+02		6.9559955e+01		6.7006955e+01		2.5530003e+00
2.7700000e+02		2.7800000e+02		2.7750000e+02		1.5837296e+02		3.8981415e+01		9.8580993e+01		6.7115969e+01		6.4514644e+01		2.6013248e+00
2.7800000e+02		2.7900000e+02		2.7850000e+02		1.0921797e+02		2.7156352e+01		6.8475342e+01		4.6741109e+01		4.4830858e+01		1.9102512e+00
2.7900000e+02		2.8000000e+02		2.7950000e+02		6.1368404e+01		1.5401190e+01		3.8722813e+01		2.6499381e+01		2.5358289e+01		1.1410923e+00
2.8000000e+02		2.8100000e+02		2.8050000e+02		6.7313201e+01		1.7059976e+01		4.2770519e+01		2.9343389e+01		2.8013950e+01		1.3294387e+00
2.8100000e+02		2.8200000e+02		2.8150000e+02		1.3943196e+02		3.5633303e+01		8.9085803e+01		6.1267775e+01		5.8348621e+01		2.9191533e+00
2.8200000e+02		2.8300000e+02		2.8250000e+02		1.8983287e+02		4.9091136e+01		1.2237754e+02		8.4376998e+01		8.0160308e+01		4.2166901e+00
2.8300000e+02		2.8400000e+02		2.8350000e+02		1.9610227e+02		5.1117188e+01		1.2708002e+02		8.7825973e+01		8.3219238e+01		4.6067352e+00
2.8400000e+02		2.8500000e+02		2.8450000e+02		1.4459284e+02		3.8066552e+01		9.4372827e+01		6.5378265e+01		6.1785695e+01		3.5925702e+00
2.8500000e+02		2.8600000e+02		2.8550000e+02		9.2944992e+01		2.4677319e+01		6.1013397e+01		4.2365775e+01		3.9927757e+01		2.4380173e+00
2.8600000e+02		2.8700000e+02		2.8650000e+02		1.9045522e+02		5.1077294e+01		1.2594058e+02		8.7653832e+01		8.2380019e+01		5.2738128e+00
2.8700000e+02		2.8800000e+02		2.8750000e+02		2.2108403e+02		5.9810587e+01		1.4708043e+02		1.0259841e+02		9.6146830e+01		6.4515820e+00
2.8800000e+02		2.8900000e+02		2.8850000e+02		2.1010240e+02		5.7375345e+01		1.4071515e+02		9.8379499e+01		9.1921769e+01		6.4577309e+00
2.8900000e+02		2.9000000e+02		2.8950000e+02		3.1885068e+02		8.7941748e+01		2.1510498e+02		1.5072603e+02		1.4040972e+02		1.0316311e+01
2.9000000e+02		2.9100000e+02		2.9050000e+02		4.1860542e+02		1.1634442e+02		2.8384600e+02		1.9931711e+02		1.8509196e+02		1.4225157e+01
2.9100000e+02		2.9200000e+02		2.9150000e+02		4.0318642e+02		1.1327440e+02		2.7562289e+02		1.9397206e+02		1.7956807e+02		1.4403986e+01
2.9200000e+02		2.9300000e+02		2.9250000e+02		3.5818014e+02		1.0129100e+02		2.4585028e+02		1.7337015e+02		1.5996278e+02		1.3407367e+01
2.9300000e+02		2.9400000e+02		2.9350000e+02		3.7393440e+02		1.0688107e+02		2.5874146e+02		1.8285434e+02		1.6816457e+02		1.4689771e+01
2.9400000e+02		2.9500000e+02		2.9450000e+02		3.4819581e+02		1.0029554e+02		2.4219408e+02		1.7150519e+02		1.5718653e+02		1.4318659e+01
2.9500000e+02		2.9600000e+02		2.9550000e+02		3.7701055e+02		1.0975598e+02		2.6435797e+02		1.8759350e+02		1.7134780e+02		1.6245696e+01
2.9600000e+02		2.9700000e+02		2.9650000e+02		3.4493460e+02		1.0102618e+02		2.4274733e+02		1.7258507e+02		1.5706465e+02		1.5520419e+01
2.9700000e+02		2.9800000e+02		2.9750000e+02		3.5165811e+02		1.0408289e+02		2.4945938e+02		1.7771964e+02		1.6116463e+02		1.6555012e+01
2.9800000e+02		2.9900000e+02		2.9850000e+02		3.0223333e+02		9.0000569e+01		2.1519781e+02		1.5359398e+02		1.3875871e+02		1.4835274e+01
2.9900000e+02		3.0000000e+02		2.9950000e+02		3.4101318e+02		1.0265762e+02		2.4484703e+02		1.7510624e+02		1.5761414e+02		1.7492098e+01
3.0000000e+02		3.0100000e+02		3.0050000e+02		2.7131061e+02		8.2195033e+01		1.9558367e+02		1.4012725e+02		1.2563410e+02		1.4493142e+01
3.0100000e+02		3.0200000e+02		3.0150000e+02		3.1202593e+02		9.5631114e+01		2.2698682e+02		1.6294947e+02		1.4554473e+02		1.7404739e+01
3.0200000e+02		3.0300000e+02		3.0250000e+02		3.2846528e+02		1.0116522e+02		2.3958056e+02		1.7228244e+02		1.5324382e+02		1.9038618e+01
3.0300000e+02		3.0400000e+02		3.0350000e+02		4.2601061e+02		1.3272113e+02		3.1353944e+02		2.2590240e+02		2.0015384e+02		2.5748569e+01
3.0400000e+02		3.0500000e+02		3.0450000e+02		4.0776836e+02		1.2765235e+02		3.0089615e+02		2.1714977e+02		1.9157431e+02		2.5575452e+01
3.0500000e+02		3.0600000e+02		3.0550000e+02		4.1174793e+02		1.3032748e+02		3.0646308e+02		2.2158060e+02		1.9469332e+02		2.6887279e+01
3.0600000e+02		3.0700000e+02		3.0650000e+02		3.9053943e+02		1.2419309e+02		2.9140347e+02		2.1102685e+02		1.8460142e+02		2.6425433e+01
3.0700000e+02		3.0800000e+02		3.0750000e+02		4.3847484e+02		1.4086611e+02		3.2975113e+02		2.3922431e+02		2.0838980e+02		3.0834511e+01
3.0800000e+02		3.0900000e+02		3.0850000e+02		4.3035211e+02		1.3908096e+02		3.2486224e+02		2.3605313e+02		2.0470584e+02		3.1347297e+01
3.0900000e+02		3.1000000e+02		3.0950000e+02		3.4901328e+02		1.1379349e+02		2.6519568e+02		1.9302315e+02		1.6665553e+02		2.6367620e+01
3.1000000e+02		3.1100000e+02		3.1050000e+02		4.3927411e+02		1.4417700e+02		3.3527531e+02		2.4441557e+02		2.1006337e+02		3.4352207e+01
3.1100000e+02		3.1200000e+02		3.1150000e+02		5.2246540e+02		1.7285246e+02		4.0107532e+02		2.9285423e+02		2.5054770e+02		4.2306534e+01
3.1200000e+02		3.1300000e+02		3.1250000e+02		4.6521908e+02		1.5503572e+02		3.5895859e+02		2.6251043e+02		2.2354237e+02		3.8968055e+01
3.1300000e+02		3.1400000e+02		3.1350000e+02		4.9544367e+02		1.6623559e+02		3.8407211e+02		2.8130288e+02		2.3840982e+02		4.2893058e+01
3.1400000e+02		3.1500000e+02		3.1450000e+02		4.6729179e+02		1.5798269e+02		3.6422559e+02		2.6717505e+02		2.2536055e+02		4.1814501e+01
3.1500000e+02		3.1600000e+02		3.1550000e+02		4.5343123e+02		1.5430246e+02		3.5500024e+02		2.6078959e+02		2.1890315e+02		4.1886439e+01
3.1600000e+02		3.1700000e+02		3.1650000e+02		4.4229406e+02		1.5159047e+02		3.4803374e+02		2.5604768e+02		2.1387252e+02		4.2175160e+01
3.1700000e+02		3.1800000e+02		3.1750000e+02		5.6102832e+02		1.9356624e+02		4.4349328e+02		3.2674341e+02		2.7156599e+02		5.5177425e+01
3.1800000e+02		3.1900000e+02		3.1850000e+02		4.6340678e+02		1.6097230e+02		3.6806252e+02		2.7155369e+02		2.2456334e+02		4.6990344e+01
3.1900000e+02		3.2000000e+02		3.1950000e+02		4.9774832e+02		1.7405384e+02		3.9716967e+02		2.9343620e+02		2.4142610e+02		5.2010092e+01
3.2000000e+02		3.2100000e+02		3.2050000e+02		5.7184857e+02		2.0128719e+02		4.5839289e+02		3.3913302e+02		2.7758879e+02		6.1544232e+01
3.2100000e+02		3.2200000e+02		3.2150000e+02		4.8024660e+02		1.7013642e+02		3.8668456e+02		2.8646607e+02		2.3325860e+02		5.3207469e+01
3.2200000e+02		3.2300000e+02		3.2250000e+02		4.8228681e+02		1.7195409e+02		3.9004752e+02		2.8934040e+02		2.3435925e+02		5.4981144e+01
3.2300000e+02		3.2400000e+02		3.2350000e+02		4.6607071e+02		1.6723587e+02		3.7860544e+02		2.8121961e+02		2.2657134e+02		5.4648268e+01
3.2400000e+02		3.2500000e+02		3.2450000e+02		5.4882129e+02		1.9814914e+02		4.4772539e+02		3.3298622e+02		2.6683569e+02		6.6150537e+01
3.2500000e+02		3.2600000e+02		3.2550000e+02		6.3196128e+02		2.2956570e+02		5.1772179e+02		3.8552978e+02		3.0726329e+02		7.8266492e+01
3.2600000e+02		3.2700000e+02		3.2650000e+02		7.1301257e+02		2.6060021e+02		5.8659817e+02		4.3736283e+02		3.4666467e+02		9.0698158e+01
3.2700000e+02		3.2800000e+02		3.2750000e+02		6.8984049e+02		2.5364426e+02		5.6987058e+02		4.2540940e+02		3.3532383e+02		9.0085563e+01
3.2800000e+02		3.2900000e+02		3.2850000e+02		6.6596082e+02		2.4632199e+02		5.5239146e+02		4.1285673e+02		3.2361198e+02		8.9244751e+01
3.2900000e+02		3.3000000e+02		3.2950000e+02		7.7527139e+02		2.8843634e+02		6.4564551e+02		4.8312493e+02		3.7655625e+02		1.0656868e+02
3.3000000e+02		3.3100000e+02		3.3050000e+02		7.3029799e+02		2.7328162e+02		6.1060741e+02		4.5743834e+02		3.5450890e+02		1.0292944e+02
3.3100000e+02		3.3200000e+02		3.3150000e+02		6.9881652e+02		2.6301841e+02		5.8661268e+02		4.3996755e+02		3.3901664e+02		1.0095091e+02
3.3200000e+02		3.3300000e+02		3.3250000e+02		6.8562051e+02		2.5952007e+02		5.7777403e+02		4.3382750e+02		3.3235376e+02		1.0147373e+02
3.3300000e+02		3.3400000e+02		3.3350000e+02		6.5878216e+02		2.5076632e+02		5.5729516e+02		4.1891557e+02		3.1906045e+02		9.9855121e+01
3.3400000e+02		3.3500000e+02		3.3450000e+02		6.9405546e+02		2.6566417e+02		5.8936648e+02		4.4350759e+02		3.3580734e+02		1.0770026e+02
3.3500000e+02		3.3600000e+02		3.3550000e+02		6.8541663e+02		2.6380209e+02		5.8421772e+02		4.4010546e+02		3.3125999e+02		1.0884548e+02
3.3600000e+02		3.3700000e+02		3.3650000e+02		5.6469084e+02		2.1851928e+02		4.8310115e+02		3.6431621e+02		2.7258023e+02		9.1735977e+01
3.3700000e+02		3.3800000e+02		3.3750000e+02		5.9573781e+02		2.3177437e+02		5.1153176e+02		3.8615723e+02		2.8718701e+02		9.8970226e+01
3.3800000e+02		3.3900000e+02		3.3850000e+02		6.4448401e+02		2.5207485e+02		5.5539585e+02		4.1969927e+02		3.1024517e+02		1.0945410e+02
3.3900000e+02		3.4000000e+02		3.3950000e+02		6.7448220e+02		2.6519630e+02		5.8332907e+02		4.4125133e+02		3.2419065e+02		1.1706068e+02
3.4000000e+02		3.4100000e+02		3.4050000e+02		7.1196374e+02		2.8138871e+02		6.1792105e+02		4.6788066e+02		3.4164818e+02		1.2623247e+02
3.4100000e+02		3.4200000e+02		3.4150000e+02		6.4984945e+02		2.5815312e+02		5.6596716e+02		4.2895885e+02		3.1129393e+02		1.1766491e+02
3.4200000e+02		3.4300000e+02		3.4250000e+02		7.0477558e+02		2.8140661e+02		6.1594457e+02		4.6728603e+02		3.3700337e+02		1.3028266e+02
3.4300000e+02		3.4400000e+02		3.4350000e+02		6.9264465e+02		2.7795114e+02		6.0740281e+02		4.6124025e+02		3.3056441e+02		1.3067584e+02
3.4400000e+02		3.4500000e+02		3.4450000e+02		5.5710877e+02		2.2467909e+02		4.9020562e+02		3.7259071e+02		2.6535249e+02		1.0723822e+02
3.4500000e+02		3.4600000e+02		3.4550000e+02		6.7138909e+02		2.7209932e+02		5.9273114e+02		4.5092864e+02		3.1911363e+02		1.3181501e+02
3.4600000e+02		3.4700000e+02		3.4650000e+02		6.5194093e+02		2.6550288e+02		5.7745891e+02		4.3970470e+02		3.0919377e+02		1.3051093e+02
3.4700000e+02		3.4800000e+02		3.4750000e+02		6.4525828e+02		2.6404441e+02		5.7339924e+02		4.3699933e+02		3.0532806e+02		1.3167127e+02
3.4800000e+02		3.4900000e+02		3.4850000e+02		6.6761091e+02		2.7450238e+02		5.9519658e+02		4.5400695e+02		3.1517496e+02		1.3883199e+02
3.4900000e+02		3.5000000e+02		3.4950000e+02		6.3989005e+02		2.6434405e+02		5.7230178e+02		4.3691694e+02		3.0135254e+02		1.3556440e+02
3.5000000e+02		3.5100000e+02		3.5050000e+02		7.6650484e+02		3.1812228e+02		6.8769754e+02		5.2545670e+02		3.6006813e+02		1.6538857e+02
3.5100000e+02		3.5200000e+02		3.5150000e+02		7.1211510e+02		2.9691199e+02		6.4089243e+02		4.9010006e+02		3.3364964e+02		1.5645042e+02
3.5200000e+02		3.5300000e+02		3.5250000e+02		6.5785102e+02		2.7553717e+02		5.9387909e+02		4.5451898e+02		3.0739868e+02		1.4712030e+02
3.5300000e+02		3.5400000e+02		3.5350000e+02		7.5263834e+02		3.1666300e+02		6.8152496e+02		5.2201711e+02		3.5072419e+02		1.7129292e+02
3.5400000e+02		3.5500000e+02		3.5450000e+02		8.0329241e+02		3.3948142e+02		7.2958103e+02		5.5926764e+02		3.7326538e+02		1.8600227e+02
3.5500000e+02		3.5600000e+02		3.5550000e+02		7.5433512e+02		3.2019795e+02		6.8715578e+02		5.2715607e+02		3.4949451e+02		1.7766156e+02
3.5600000e+02		3.5700000e+02		3.5650000e+02		6.5576441e+02		2.7957048e+02		5.9911917e+02		4.5997017e+02		3.0291438e+02		1.5705579e+02
3.5700000e+02		3.5800000e+02		3.5750000e+02		5.7307986e+02		2.4537303e+02		5.2509769e+02		4.0344443e+02		2.6390671e+02		1.3953772e+02
3.5800000e+02		3.5900000e+02		3.5850000e+02		4.9194729e+02		2.1153509e+02		4.5205679e+02		3.4758322e+02		2.2583450e+02		1.2174873e+02
3.5900000e+02		3.6000000e+02		3.5950000e+02		7.1030971e+02		3.0671744e+02		6.5456466e+02		5.0365743e+02		3.2502660e+02		1.7863083e+02
3.6000000e+02		3.6100000e+02		3.6050000e+02		7.0092701e+02		3.0393030e+02		6.4773571e+02		4.9876099e+02		3.1968370e+02		1.7907729e+02
3.6100000e+02		3.6200000e+02		3.6150000e+02		6.5110481e+02		2.8348567e+02		6.0335301e+02		4.6491387e+02		2.9596177e+02		1.6895209e+02
3.6200000e+02		3.6300000e+02		3.6250000e+02		7.3500056e+02		3.2131134e+02		6.8294996e+02		5.2661278e+02		3.3294963e+02		1.9366314e+02
3.6300000e+02		3.6400000e+02		3.6350000e+02		7.1558904e+02		3.1409169e+02		6.6672545e+02		5.1445455e+02		3.2303494e+02		1.9141960e+02
3.6400000e+02		3.6500000e+02		3.6450000e+02		7.4837927e+02		3.2977328e+02		6.9910235e+02		5.3979884e+02		3.3661622e+02		2.0318262e+02
3.6500000e+02		3.6600000e+02		3.6550000e+02		8.5179486e+02		3.7683581e+02		7.9784097e+02		6.1644750e+02		3.8176297e+02		2.3468453e+02
3.6600000e+02		3.6700000e+02		3.6650000e+02		9.1042532e+02		4.0432062e+02		8.5494045e+02		6.6099450e+02		4.0651248e+02		2.5448202e+02
3.6700000e+02		3.6800000e+02		3.6750000e+02		8.7909512e+02		3.9191792e+02		8.2766656e+02		6.4031941e+02		3.9106185e+02		2.4925756e+02
3.6800000e+02		3.6900000e+02		3.6850000e+02		8.1047729e+02		3.6265638e+02		7.6491601e+02		5.9214343e+02		3.5911251e+02		2.3303092e+02
3.6900000e+02		3.7000000e+02		3.6950000e+02		8.9967825e+02		4.0411371e+02		8.5130014e+02		6.5942810e+02		3.9712561e+02		2.6230249e+02
3.7000000e+02		3.7100000e+02		3.7050000e+02		8.4427990e+02		3.8074155e+02		8.0107387e+02		6.2090993e+02		3.7131936e+02		2.4959057e+02
3.7100000e+02		3.7200000e+02		3.7150000e+02		8.7164560e+02		3.9453768e+02		8.2909249e+02		6.4301525e+02		3.8183468e+02		2.6118057e+02
3.7200000e+02		3.7300000e+02		3.7250000e+02		7.2411383e+02		3.2895899e+02		6.9045257e+02		5.3580934e+02		3.1593000e+02		2.1987935e+02
3.7300000e+02		3.7400000e+02		3.7350000e+02		6.3155746e+02		2.8794978e+02		6.0365913e+02		4.6872954e+02		2.7442336e+02		1.9430618e+02
3.7400000e+02		3.7500000e+02		3.7450000e+02		6.4642322e+02		2.9578261e+02		6.1934960e+02		4.8119001e+02		2.7972124e+02		2.0146877e+02
3.7500000e+02		3.7600000e+02		3.7550000e+02		7.4036161e+02		3.3996461e+02		7.1103446e+02		5.5273583e+02		3.1902963e+02		2.3370620e+02
3.7600000e+02		3.7700000e+02		3.7650000e+02		7.6758018e+02		3.5369702e+02		7.3890305e+02		5.7472068e+02		3.2935917e+02		2.4536151e+02
3.7700000e+02		3.7800000e+02		3.7750000e+02		9.0048278e+02		4.1637449e+02		8.6884928e+02		6.7616464e+02		3.8473139e+02		2.9143325e+02
3.7800000e+02		3.7900000e+02		3.7850000e+02		9.3786543e+02		4.3514476e+02		9.0699197e+02		7.0623041e+02		3.9896679e+02		3.0726362e+02
3.7900000e+02		3.8000000e+02		3.7950000e+02		7.6051322e+02		3.5405338e+02		7.3714480e+02		5.7428457e+02		3.2210382e+02		2.5218075e+02
3.8000000e+02		3.8100000e+02		3.8050000e+02		8.2814537e+02		3.8683232e+02		8.0449897e+02		6.2708705e+02		3.4919036e+02		2.7789669e+02
3.8100000e+02		3.8200000e+02		3.8150000e+02		7.4366886e+02		3.4852635e+02		7.2403790e+02		5.6466170e+02		3.1215884e+02		2.5250286e+02
3.8200000e+02		3.8300000e+02		3.8250000e+02		5.3336093e+02		2.5078494e+02		5.2042116e+02		4.0607218e+02		2.2286241e+02		1.8320978e+02
3.8300000e+02		3.8400000e+02		3.8350000e+02		4.7073026e+02		2.2205520e+02		4.6030650e+02		3.5934638e+02		1.9578826e+02		1.6355812e+02
3.8400000e+02		3.8500000e+02		3.8450000e+02		6.2969557e+02		2.9799815e+02		6.1707384e+02		4.8196765e+02		2.6069034e+02		2.2127731e+02
3.8500000e+02		3.8600000e+02		3.8550000e+02		6.6694888e+02		3.1663140e+02		6.5496787e+02		5.1181382e+02		2.7482087e+02		2.3699294e+02
3.8600000e+02		3.8700000e+02		3.8650000e+02		6.6977732e+02		3.1897356e+02		6.5912560e+02		5.1530950e+02		2.7468428e+02		2.4062522e+02
3.8700000e+02		3.8800000e+02		3.8750000e+02		6.6902499e+02		3.1960584e+02		6.5975139e+02		5.1604205e+02		2.7306949e+02		2.4297256e+02
3.8800000e+02		3.8900000e+02		3.8850000e+02		6.7841027e+02		3.2508600e+02		6.7037929e+02		5.2459853e+02		2.7557020e+02		2.4902833e+02
3.8900000e+02		3.9000000e+02		3.8950000e+02		8.1451188e+02		3.9149154e+02		8.0650300e+02		6.3140953e+02		3.2925186e+02		3.0215766e+02
3.9000000e+02		3.9100000e+02		3.9050000e+02		8.5560997e+02		4.1248316e+02		8.4889822e+02		6.6490019e+02		3.4417633e+02		3.2072385e+02
3.9100000e+02		3.9200000e+02		3.9150000e+02		9.2006232e+02		4.4487582e+02		9.1465753e+02		7.1672421e+02		3.6828128e+02		3.4844293e+02
3.9200000e+02		3.9300000e+02		3.9250000e+02		7.0614281e+02		3.4244542e+02		7.0337317e+02		5.5140308e+02		2.8125169e+02		2.7015140e+02
3.9300000e+02		3.9400000e+02		3.9350000e+02		4.3291589e+02		2.1055518e+02		4.3205543e+02		3.3885185e+02		1.7156540e+02		1.6728645e+02
3.9400000e+02		3.9500000e+02		3.9450000e+02		7.1565803e+02		3.4907442e+02		7.1560770e+02		5.6147392e+02		2.8218833e+02		2.7928559e+02
3.9500000e+02		3.9600000e+02		3.9550000e+02		8.7888136e+02		4.2991191e+02		8.8048947e+02		6.9113075e+02		3.4479048e+02		3.4634027e+02
3.9600000e+02		3.9700000e+02		3.9650000e+02		6.0712893e+02		2.9781989e+02		6.0938304e+02		4.7852559e+02		2.3696377e+02		2.4156183e+02
3.9700000e+02		3.9800000e+02		3.9750000e+02		6.8053003e+02		3.3475772e+02		6.8432659e+02		5.3759390e+02		2.6424635e+02		2.7334755e+02
3.9800000e+02		3.9900000e+02		3.9850000e+02		1.0480559e+03		5.1697012e+02		1.0558411e+03		8.2978004e+02		4.0484787e+02		4.2493217e+02
3.9900000e+02		4.0000000e+02		3.9950000e+02		1.1577145e+03		5.7262117e+02		1.1684360e+03		9.1862932e+02		4.4487687e+02		4.7375245e+02
4.0000000e+02		4.0100000e+02		4.0050000e+02		1.1939713e+03		5.9214989e+02		1.2071964e+03		9.4947090e+02		4.5640604e+02		4.9306486e+02
