# Formed from form_atmospheric_profiles_paper_model.py
# Z (cm)	T (K)	DEN (cm**-3)	P (bar)
0.0000000e+00	2.8800000e+02	2.5149039e+19	1.0000000e+00
1.0000000e+04	2.8800000e+02	2.4715866e+19	9.8277574e-01
2.0000000e+04	2.8800000e+02	2.4290153e+19	9.6584815e-01
3.0000000e+04	2.8800000e+02	2.3871773e+19	9.4921212e-01
4.0000000e+04	2.8800000e+02	2.3460599e+19	9.3286264e-01
5.0000000e+04	2.8800000e+02	2.3056508e+19	9.1679477e-01
6.0000000e+04	2.8800000e+02	2.2659376e+19	9.0100365e-01
7.0000000e+04	2.8800000e+02	2.2269085e+19	8.8548453e-01
8.0000000e+04	2.8800000e+02	2.1885516e+19	8.7023271e-01
9.0000000e+04	2.8800000e+02	2.1508555e+19	8.5524359e-01
1.0000000e+05	2.8800000e+02	2.1138085e+19	8.4051265e-01
1.1000000e+05	2.8800000e+02	2.0773998e+19	8.2603543e-01
1.2000000e+05	2.8800000e+02	2.0416181e+19	8.1180758e-01
1.3000000e+05	2.8800000e+02	2.0064527e+19	7.9782479e-01
1.4000000e+05	2.8800000e+02	1.9718930e+19	7.8408285e-01
1.5000000e+05	2.8800000e+02	1.9379286e+19	7.7057759e-01
1.6000000e+05	2.8800000e+02	1.9045492e+19	7.5730496e-01
1.7000000e+05	2.8800000e+02	1.8717448e+19	7.4426094e-01
1.8000000e+05	2.8800000e+02	1.8395053e+19	7.3144159e-01
1.9000000e+05	2.8800000e+02	1.8078212e+19	7.1884305e-01
2.0000000e+05	2.8800000e+02	1.7766828e+19	7.0646151e-01
2.1000000e+05	2.8800000e+02	1.7460808e+19	6.9429323e-01
2.2000000e+05	2.8800000e+02	1.7160058e+19	6.8233454e-01
2.3000000e+05	2.8800000e+02	1.6864489e+19	6.7058183e-01
2.4000000e+05	2.8800000e+02	1.6574010e+19	6.5903155e-01
2.5000000e+05	2.8800000e+02	1.6288535e+19	6.4768021e-01
2.6000000e+05	2.8800000e+02	1.6007977e+19	6.3652440e-01
2.7000000e+05	2.8800000e+02	1.5732251e+19	6.2556073e-01
2.8000000e+05	2.8800000e+02	1.5461275e+19	6.1478591e-01
2.9000000e+05	2.8800000e+02	1.5194966e+19	6.0419667e-01
3.0000000e+05	2.8800000e+02	1.4933244e+19	5.9378983e-01
3.1000000e+05	2.8800000e+02	1.4676030e+19	5.8356224e-01
3.2000000e+05	2.8800000e+02	1.4423246e+19	5.7351081e-01
3.3000000e+05	2.8800000e+02	1.4174816e+19	5.6363250e-01
3.4000000e+05	2.8800000e+02	1.3930665e+19	5.5392435e-01
3.5000000e+05	2.8800000e+02	1.3690720e+19	5.4438341e-01
3.6000000e+05	2.8800000e+02	1.3454907e+19	5.3500680e-01
3.7000000e+05	2.8800000e+02	1.3223156e+19	5.2579171e-01
3.8000000e+05	2.8800000e+02	1.2995397e+19	5.1673533e-01
3.9000000e+05	2.8800000e+02	1.2771561e+19	5.0783494e-01
4.0000000e+05	2.8800000e+02	1.2551580e+19	4.9908786e-01
4.1000000e+05	2.8800000e+02	1.2335388e+19	4.9049144e-01
4.2000000e+05	2.8800000e+02	1.2122920e+19	4.8204308e-01
4.3000000e+05	2.8800000e+02	1.1914112e+19	4.7374025e-01
4.4000000e+05	2.8800000e+02	1.1708900e+19	4.6558042e-01
4.5000000e+05	2.8800000e+02	1.1507223e+19	4.5756114e-01
4.6000000e+05	2.8800000e+02	1.1309020e+19	4.4967998e-01
4.7000000e+05	2.8800000e+02	1.1114230e+19	4.4193458e-01
4.8000000e+05	2.8800000e+02	1.0922796e+19	4.3432258e-01
4.9000000e+05	2.8800000e+02	1.0734658e+19	4.2684169e-01
5.0000000e+05	2.8800000e+02	1.0549762e+19	4.1948966e-01
5.1000000e+05	2.8800000e+02	1.0368050e+19	4.1226426e-01
5.2000000e+05	2.8800000e+02	1.0189468e+19	4.0516331e-01
5.3000000e+05	2.8800000e+02	1.0013962e+19	3.9818467e-01
5.4000000e+05	2.8800000e+02	9.8414787e+18	3.9132623e-01
5.5000000e+05	2.8800000e+02	9.6719665e+18	3.8458592e-01
5.6000000e+05	2.8800000e+02	9.5053740e+18	3.7796171e-01
5.7000000e+05	2.8800000e+02	9.3416509e+18	3.7145160e-01
5.8000000e+05	2.8800000e+02	9.1807478e+18	3.6505362e-01
5.9000000e+05	2.8800000e+02	9.0226162e+18	3.5876584e-01
6.0000000e+05	2.8800000e+02	8.8672082e+18	3.5258636e-01
6.1000000e+05	2.8800000e+02	8.7144771e+18	3.4651332e-01
6.2000000e+05	2.8800000e+02	8.5643766e+18	3.4054488e-01
6.3000000e+05	2.8800000e+02	8.4168615e+18	3.3467925e-01
6.4000000e+05	2.8800000e+02	8.2718873e+18	3.2891464e-01
6.5000000e+05	2.8800000e+02	8.1294101e+18	3.2324933e-01
6.6000000e+05	2.8800000e+02	7.9893870e+18	3.1768160e-01
6.7000000e+05	2.8800000e+02	7.8517757e+18	3.1220977e-01
6.8000000e+05	2.8800000e+02	7.7165346e+18	3.0683218e-01
6.9000000e+05	2.8800000e+02	7.5836230e+18	3.0154722e-01
7.0000000e+05	2.8800000e+02	7.4530007e+18	2.9635330e-01
7.1000000e+05	2.8800000e+02	7.3246282e+18	2.9124883e-01
7.2000000e+05	2.8800000e+02	7.1984669e+18	2.8623228e-01
7.3000000e+05	2.8800000e+02	7.0744786e+18	2.8130214e-01
7.4000000e+05	2.8800000e+02	6.9526259e+18	2.7645692e-01
7.5000000e+05	2.8800000e+02	6.8328720e+18	2.7169515e-01
7.6000000e+05	2.8800000e+02	6.7151808e+18	2.6701540e-01
7.7000000e+05	2.8800000e+02	6.5995167e+18	2.6241626e-01
7.8000000e+05	2.8800000e+02	6.4858449e+18	2.5789633e-01
7.9000000e+05	2.8800000e+02	6.3741310e+18	2.5345426e-01
8.0000000e+05	2.8800000e+02	6.2643413e+18	2.4908869e-01
8.1000000e+05	2.8800000e+02	6.1564426e+18	2.4479832e-01
8.2000000e+05	2.8800000e+02	6.0504024e+18	2.4058185e-01
8.3000000e+05	2.8800000e+02	5.9461887e+18	2.3643801e-01
8.4000000e+05	2.8800000e+02	5.8437700e+18	2.3236554e-01
8.5000000e+05	2.8800000e+02	5.7431153e+18	2.2836321e-01
8.6000000e+05	2.8800000e+02	5.6441944e+18	2.2442982e-01
8.7000000e+05	2.8800000e+02	5.5469773e+18	2.2056418e-01
8.8000000e+05	2.8800000e+02	5.4514347e+18	2.1676513e-01
8.9000000e+05	2.8800000e+02	5.3575377e+18	2.1303151e-01
9.0000000e+05	2.8800000e+02	5.2652581e+18	2.0936220e-01
9.1000000e+05	2.8800000e+02	5.1745679e+18	2.0575609e-01
9.2000000e+05	2.8800000e+02	5.0854397e+18	2.0221209e-01
9.3000000e+05	2.8800000e+02	4.9978468e+18	1.9872913e-01
9.4000000e+05	2.8800000e+02	4.9117625e+18	1.9530617e-01
9.5000000e+05	2.8800000e+02	4.8271610e+18	1.9194217e-01
9.6000000e+05	2.8800000e+02	4.7440167e+18	1.8863610e-01
9.7000000e+05	2.8800000e+02	4.6623045e+18	1.8538698e-01
9.8000000e+05	2.8800000e+02	4.5819998e+18	1.8219383e-01
9.9000000e+05	2.8800000e+02	4.5030782e+18	1.7905568e-01
1.0000000e+06	2.8800000e+02	4.4255160e+18	1.7597157e-01
1.0100000e+06	2.8800000e+02	4.3492897e+18	1.7294059e-01
1.0200000e+06	2.8800000e+02	4.2743764e+18	1.6996182e-01
1.0300000e+06	2.8800000e+02	4.2007534e+18	1.6703435e-01
1.0400000e+06	2.8800000e+02	4.1283985e+18	1.6415731e-01
1.0500000e+06	2.8800000e+02	4.0572899e+18	1.6132982e-01
1.0600000e+06	2.8800000e+02	3.9874061e+18	1.5855103e-01
1.0700000e+06	2.8800000e+02	3.9187259e+18	1.5582010e-01
1.0800000e+06	2.8800000e+02	3.8512288e+18	1.5313622e-01
1.0900000e+06	2.8800000e+02	3.7848942e+18	1.5049856e-01
1.1000000e+06	2.8800000e+02	3.7197021e+18	1.4790633e-01
1.1100000e+06	2.8800000e+02	3.6556330e+18	1.4535875e-01
1.1200000e+06	2.8800000e+02	3.5926674e+18	1.4285506e-01
1.1300000e+06	2.8800000e+02	3.5307864e+18	1.4039448e-01
1.1400000e+06	2.8800000e+02	3.4699712e+18	1.3797629e-01
1.1500000e+06	2.8800000e+02	3.4102035e+18	1.3559975e-01
1.1600000e+06	2.8800000e+02	3.3514652e+18	1.3326415e-01
1.1700000e+06	2.8800000e+02	3.2937387e+18	1.3096877e-01
1.1800000e+06	2.8800000e+02	3.2370065e+18	1.2871293e-01
1.1900000e+06	2.8800000e+02	3.1812514e+18	1.2649594e-01
1.2000000e+06	2.8800000e+02	3.1264567e+18	1.2431714e-01
1.2100000e+06	2.8800000e+02	3.0726058e+18	1.2217587e-01
1.2200000e+06	2.8800000e+02	3.0196824e+18	1.2007148e-01
1.2300000e+06	2.8800000e+02	2.9676706e+18	1.1800334e-01
1.2400000e+06	2.8800000e+02	2.9165546e+18	1.1597082e-01
1.2500000e+06	2.8800000e+02	2.8663191e+18	1.1397331e-01
1.2600000e+06	2.8800000e+02	2.8169489e+18	1.1201020e-01
1.2700000e+06	2.8800000e+02	2.7684290e+18	1.1008091e-01
1.2800000e+06	2.8800000e+02	2.7207449e+18	1.0818484e-01
1.2900000e+06	2.8800000e+02	2.6738820e+18	1.0632144e-01
1.3000000e+06	2.8800000e+02	2.6278264e+18	1.0449013e-01
1.3100000e+06	2.8800000e+02	2.5825640e+18	1.0269036e-01
1.3200000e+06	2.8800000e+02	2.5380812e+18	1.0092160e-01
1.3300000e+06	2.8800000e+02	2.4943647e+18	9.9183298e-02
1.3400000e+06	2.8800000e+02	2.4514011e+18	9.7474939e-02
1.3500000e+06	2.8800000e+02	2.4091775e+18	9.5796005e-02
1.3600000e+06	2.8800000e+02	2.3676812e+18	9.4145989e-02
1.3700000e+06	2.8800000e+02	2.3268996e+18	9.2524393e-02
1.3800000e+06	2.8800000e+02	2.2868205e+18	9.0930729e-02
1.3900000e+06	2.8800000e+02	2.2474317e+18	8.9364514e-02
1.4000000e+06	2.8800000e+02	2.2087213e+18	8.7825276e-02
1.4100000e+06	2.8800000e+02	2.1706777e+18	8.6312550e-02
1.4200000e+06	2.8800000e+02	2.1332894e+18	8.4825880e-02
1.4300000e+06	2.8800000e+02	2.0965450e+18	8.3364816e-02
1.4400000e+06	2.8800000e+02	2.0604336e+18	8.1928919e-02
1.4500000e+06	2.8800000e+02	2.0249441e+18	8.0517753e-02
1.4600000e+06	2.8800000e+02	1.9900660e+18	7.9130894e-02
1.4700000e+06	2.8800000e+02	1.9557885e+18	7.7767923e-02
1.4800000e+06	2.8800000e+02	1.9221015e+18	7.6428427e-02
1.4900000e+06	2.8800000e+02	1.8889947e+18	7.5112004e-02
1.5000000e+06	2.8800000e+02	1.8564582e+18	7.3818255e-02
1.5100000e+06	2.8800000e+02	1.8244821e+18	7.2546790e-02
1.5200000e+06	2.8800000e+02	1.7930567e+18	7.1297224e-02
1.5300000e+06	2.8800000e+02	1.7621726e+18	7.0069182e-02
1.5400000e+06	2.8800000e+02	1.7318205e+18	6.8862292e-02
1.5500000e+06	2.8800000e+02	1.7019912e+18	6.7676190e-02
1.5600000e+06	2.8800000e+02	1.6726756e+18	6.6510517e-02
1.5700000e+06	2.8800000e+02	1.6438650e+18	6.5364922e-02
1.5800000e+06	2.8800000e+02	1.6155506e+18	6.4239060e-02
1.5900000e+06	2.8800000e+02	1.5877240e+18	6.3132589e-02
1.6000000e+06	2.8800000e+02	1.5603766e+18	6.2045177e-02
1.6100000e+06	2.8800000e+02	1.5335002e+18	6.0976494e-02
1.6200000e+06	2.8800000e+02	1.5070868e+18	5.9926219e-02
1.6300000e+06	2.8800000e+02	1.4811284e+18	5.8894034e-02
1.6400000e+06	2.8800000e+02	1.4556170e+18	5.7879627e-02
1.6500000e+06	2.8800000e+02	1.4305451e+18	5.6882693e-02
1.6600000e+06	2.8800000e+02	1.4059050e+18	5.5902931e-02
1.6700000e+06	2.8800000e+02	1.3816893e+18	5.4940044e-02
1.6800000e+06	2.8800000e+02	1.3578907e+18	5.3993742e-02
1.6900000e+06	2.8800000e+02	1.3345021e+18	5.3063739e-02
1.7000000e+06	2.8800000e+02	1.3115162e+18	5.2149755e-02
1.7100000e+06	2.8800000e+02	1.2889263e+18	5.1251514e-02
1.7200000e+06	2.8800000e+02	1.2667255e+18	5.0368745e-02
1.7300000e+06	2.8800000e+02	1.2449071e+18	4.9501180e-02
1.7400000e+06	2.8800000e+02	1.2234645e+18	4.8648559e-02
1.7500000e+06	2.8800000e+02	1.2023912e+18	4.7810623e-02
1.7600000e+06	2.8800000e+02	1.1816809e+18	4.6987120e-02
1.7700000e+06	2.8800000e+02	1.1613273e+18	4.6177801e-02
1.7800000e+06	2.8800000e+02	1.1413243e+18	4.5382423e-02
1.7900000e+06	2.8800000e+02	1.1216659e+18	4.4600744e-02
1.8000000e+06	2.8800000e+02	1.1023460e+18	4.3832529e-02
1.8100000e+06	2.8800000e+02	1.0833589e+18	4.3077546e-02
1.8200000e+06	2.8800000e+02	1.0646988e+18	4.2335567e-02
1.8300000e+06	2.8800000e+02	1.0463602e+18	4.1606368e-02
1.8400000e+06	2.8800000e+02	1.0283374e+18	4.0889729e-02
1.8500000e+06	2.8800000e+02	1.0106250e+18	4.0185433e-02
1.8600000e+06	2.8800000e+02	9.9321776e+17	3.9493269e-02
1.8700000e+06	2.8800000e+02	9.7611032e+17	3.8813026e-02
1.8800000e+06	2.8800000e+02	9.5929753e+17	3.8144500e-02
1.8900000e+06	2.8800000e+02	9.4277434e+17	3.7487489e-02
1.9000000e+06	2.8800000e+02	9.2653574e+17	3.6841795e-02
1.9100000e+06	2.8800000e+02	9.1057685e+17	3.6207222e-02
1.9200000e+06	2.8800000e+02	8.9489283e+17	3.5583579e-02
1.9300000e+06	2.8800000e+02	8.7947896e+17	3.4970678e-02
1.9400000e+06	2.8800000e+02	8.6433058e+17	3.4368334e-02
1.9500000e+06	2.8800000e+02	8.4944312e+17	3.3776365e-02
1.9600000e+06	2.8800000e+02	8.3481209e+17	3.3194592e-02
1.9700000e+06	2.8800000e+02	8.2043306e+17	3.2622839e-02
1.9800000e+06	2.8800000e+02	8.0630171e+17	3.2060935e-02
1.9900000e+06	2.8800000e+02	7.9241375e+17	3.1508709e-02
2.0000000e+06	2.8800000e+02	7.7876501e+17	3.0965994e-02
2.0100000e+06	2.8800000e+02	7.6535135e+17	3.0432628e-02
2.0200000e+06	2.8800000e+02	7.5216874e+17	2.9908448e-02
2.0300000e+06	2.8800000e+02	7.3921319e+17	2.9393297e-02
2.0400000e+06	2.8800000e+02	7.2648078e+17	2.8887019e-02
2.0500000e+06	2.8800000e+02	7.1396768e+17	2.8389462e-02
2.0600000e+06	2.8800000e+02	7.0167012e+17	2.7900474e-02
2.0700000e+06	2.8800000e+02	6.8958436e+17	2.7419909e-02
2.0800000e+06	2.8800000e+02	6.7770678e+17	2.6947621e-02
2.0900000e+06	2.8800000e+02	6.6603378e+17	2.6483468e-02
2.1000000e+06	2.8800000e+02	6.5456184e+17	2.6027310e-02
2.1100000e+06	2.8800000e+02	6.4328749e+17	2.5579009e-02
2.1200000e+06	2.8800000e+02	6.3220734e+17	2.5138429e-02
2.1300000e+06	2.8800000e+02	6.2131803e+17	2.4705438e-02
2.1400000e+06	2.8800000e+02	6.1061628e+17	2.4279905e-02
2.1500000e+06	2.8800000e+02	6.0009887e+17	2.3861701e-02
2.1600000e+06	2.8800000e+02	5.8976261e+17	2.3450701e-02
2.1700000e+06	2.8800000e+02	5.7960438e+17	2.3046780e-02
2.1800000e+06	2.8800000e+02	5.6962112e+17	2.2649816e-02
2.1900000e+06	2.8800000e+02	5.5980981e+17	2.2259690e-02
2.2000000e+06	2.8800000e+02	5.5016750e+17	2.1876283e-02
2.2100000e+06	2.8800000e+02	5.4069127e+17	2.1499480e-02
2.2200000e+06	2.8800000e+02	5.3137826e+17	2.1129167e-02
2.2300000e+06	2.8800000e+02	5.2222566e+17	2.0765233e-02
2.2400000e+06	2.8800000e+02	5.1323071e+17	2.0407567e-02
2.2500000e+06	2.8800000e+02	5.0439069e+17	2.0056062e-02
2.2600000e+06	2.8800000e+02	4.9570293e+17	1.9710611e-02
2.2700000e+06	2.8800000e+02	4.8716481e+17	1.9371110e-02
2.2800000e+06	2.8800000e+02	4.7877375e+17	1.9037457e-02
2.2900000e+06	2.8800000e+02	4.7052723e+17	1.8709551e-02
2.3000000e+06	2.8800000e+02	4.6242274e+17	1.8387293e-02
2.3100000e+06	2.8800000e+02	4.5445785e+17	1.8070585e-02
2.3200000e+06	2.8800000e+02	4.4663015e+17	1.7759332e-02
2.3300000e+06	2.8800000e+02	4.3893727e+17	1.7453441e-02
2.3400000e+06	2.8800000e+02	4.3137690e+17	1.7152818e-02
2.3500000e+06	2.8800000e+02	4.2394675e+17	1.6857374e-02
2.3600000e+06	2.8800000e+02	4.1664458e+17	1.6567018e-02
2.3700000e+06	2.8800000e+02	4.0946818e+17	1.6281663e-02
2.3800000e+06	2.8800000e+02	4.0241539e+17	1.6001223e-02
2.3900000e+06	2.8800000e+02	3.9548408e+17	1.5725614e-02
2.4000000e+06	2.8800000e+02	3.8867216e+17	1.5454752e-02
2.4100000e+06	2.8800000e+02	3.8197757e+17	1.5188555e-02
2.4200000e+06	2.8800000e+02	3.7539829e+17	1.4926943e-02
2.4300000e+06	2.8800000e+02	3.6893233e+17	1.4669838e-02
2.4400000e+06	2.8800000e+02	3.6257774e+17	1.4417161e-02
2.4500000e+06	2.8800000e+02	3.5633260e+17	1.4168836e-02
2.4600000e+06	2.8800000e+02	3.5019504e+17	1.3924788e-02
2.4700000e+06	2.8800000e+02	3.4416318e+17	1.3684944e-02
2.4800000e+06	2.8800000e+02	3.3823523e+17	1.3449231e-02
2.4900000e+06	2.8800000e+02	3.3240937e+17	1.3217577e-02
2.5000000e+06	2.8800000e+02	3.2668387e+17	1.2989914e-02
2.5100000e+06	2.8800000e+02	3.2105698e+17	1.2766173e-02
2.5200000e+06	2.8800000e+02	3.1552701e+17	1.2546285e-02
2.5300000e+06	2.8800000e+02	3.1009229e+17	1.2330184e-02
2.5400000e+06	2.8800000e+02	3.0475117e+17	1.2117806e-02
2.5500000e+06	2.8800000e+02	2.9950206e+17	1.1909086e-02
2.5600000e+06	2.8800000e+02	2.9434336e+17	1.1703960e-02
2.5700000e+06	2.8800000e+02	2.8927351e+17	1.1502368e-02
2.5800000e+06	2.8800000e+02	2.8429099e+17	1.1304248e-02
2.5900000e+06	2.8800000e+02	2.7939428e+17	1.1109541e-02
2.6000000e+06	2.8800000e+02	2.7458192e+17	1.0918187e-02
2.6100000e+06	2.8800000e+02	2.6985245e+17	1.0730130e-02
2.6200000e+06	2.8800000e+02	2.6520444e+17	1.0545311e-02
2.6300000e+06	2.8800000e+02	2.6063649e+17	1.0363676e-02
2.6400000e+06	2.8800000e+02	2.5614722e+17	1.0185169e-02
2.6500000e+06	2.8800000e+02	2.5173527e+17	1.0009737e-02
2.6600000e+06	2.8800000e+02	2.4739931e+17	9.8373266e-03
2.6700000e+06	2.8800000e+02	2.4313804e+17	9.6678859e-03
2.6800000e+06	2.8800000e+02	2.3895017e+17	9.5013637e-03
2.6900000e+06	2.8800000e+02	2.3483443e+17	9.3377097e-03
2.7000000e+06	2.8800000e+02	2.3078958e+17	9.1768745e-03
2.7100000e+06	2.8800000e+02	2.2681440e+17	9.0188096e-03
2.7200000e+06	2.8800000e+02	2.2290768e+17	8.8634672e-03
2.7300000e+06	2.8800000e+02	2.1906826e+17	8.7108005e-03
2.7400000e+06	2.8800000e+02	2.1529497e+17	8.5607634e-03
2.7500000e+06	2.8800000e+02	2.1158668e+17	8.4133105e-03
2.7600000e+06	2.8800000e+02	2.0794225e+17	8.2683974e-03
2.7700000e+06	2.8800000e+02	2.0436060e+17	8.1259804e-03
2.7800000e+06	2.8800000e+02	2.0084064e+17	7.9860163e-03
2.7900000e+06	2.8800000e+02	1.9738131e+17	7.8484631e-03
2.8000000e+06	2.8800000e+02	1.9398156e+17	7.7132790e-03
2.8100000e+06	2.8800000e+02	1.9064037e+17	7.5804235e-03
2.8200000e+06	2.8800000e+02	1.8735673e+17	7.4498563e-03
2.8300000e+06	2.8800000e+02	1.8412965e+17	7.3215380e-03
2.8400000e+06	2.8800000e+02	1.8095815e+17	7.1954299e-03
2.8500000e+06	2.8800000e+02	1.7784128e+17	7.0714939e-03
2.8600000e+06	2.8800000e+02	1.7477809e+17	6.9496926e-03
2.8700000e+06	2.8800000e+02	1.7176767e+17	6.8299892e-03
2.8800000e+06	2.8800000e+02	1.6880910e+17	6.7123477e-03
2.8900000e+06	2.8800000e+02	1.6590148e+17	6.5967324e-03
2.9000000e+06	2.8800000e+02	1.6304395e+17	6.4831086e-03
2.9100000e+06	2.8800000e+02	1.6023564e+17	6.3714418e-03
2.9200000e+06	2.8800000e+02	1.5747570e+17	6.2616984e-03
2.9300000e+06	2.8800000e+02	1.5476330e+17	6.1538452e-03
2.9400000e+06	2.8800000e+02	1.5209761e+17	6.0478498e-03
2.9500000e+06	2.8800000e+02	1.4947784e+17	5.9436800e-03
2.9600000e+06	2.8800000e+02	1.4690320e+17	5.8413045e-03
2.9700000e+06	2.8800000e+02	1.4437290e+17	5.7406923e-03
2.9800000e+06	2.8800000e+02	1.4188618e+17	5.6418131e-03
2.9900000e+06	2.8800000e+02	1.3944229e+17	5.5446370e-03
3.0000000e+06	2.8800000e+02	1.3704050e+17	5.4491347e-03
3.0100000e+06	2.8800000e+02	1.3468008e+17	5.3552774e-03
3.0200000e+06	2.8800000e+02	1.3236032e+17	5.2630367e-03
3.0300000e+06	2.8800000e+02	1.3008051e+17	5.1723847e-03
3.0400000e+06	2.8800000e+02	1.2783997e+17	5.0832942e-03
3.0500000e+06	2.8800000e+02	1.2563802e+17	4.9957382e-03
3.0600000e+06	2.8800000e+02	1.2347399e+17	4.9096903e-03
3.0700000e+06	2.8800000e+02	1.2134725e+17	4.8251245e-03
3.0800000e+06	2.8800000e+02	1.1925713e+17	4.7420153e-03
3.0900000e+06	2.8800000e+02	1.1720301e+17	4.6603375e-03
3.1000000e+06	2.8800000e+02	1.1518428e+17	4.5800666e-03
3.1100000e+06	2.8800000e+02	1.1320031e+17	4.5011784e-03
3.1200000e+06	2.8800000e+02	1.1125052e+17	4.4236489e-03
3.1300000e+06	2.8800000e+02	1.0933431e+17	4.3474548e-03
3.1400000e+06	2.8800000e+02	1.0745111e+17	4.2725731e-03
3.1500000e+06	2.8800000e+02	1.0560034e+17	4.1989811e-03
3.1600000e+06	2.8800000e+02	1.0378145e+17	4.1266568e-03
3.1700000e+06	2.8800000e+02	1.0199389e+17	4.0555781e-03
3.1800000e+06	2.8800000e+02	1.0023712e+17	3.9857238e-03
3.1900000e+06	2.8800000e+02	9.8510613e+16	3.9170726e-03
3.2000000e+06	2.8800000e+02	9.6813840e+16	3.8496039e-03
3.2100000e+06	2.8800000e+02	9.5146293e+16	3.7832973e-03
3.2200000e+06	2.8800000e+02	9.3507468e+16	3.7181328e-03
3.2300000e+06	2.8800000e+02	9.1896871e+16	3.6540907e-03
3.2400000e+06	2.8800000e+02	9.0314015e+16	3.5911517e-03
3.2500000e+06	2.8800000e+02	8.8758422e+16	3.5292967e-03
3.2600000e+06	2.8800000e+02	8.7229624e+16	3.4685072e-03
3.2700000e+06	2.8800000e+02	8.5727158e+16	3.4087647e-03
3.2800000e+06	2.8800000e+02	8.4250570e+16	3.3500512e-03
3.2900000e+06	2.8800000e+02	8.2799416e+16	3.2923491e-03
3.3000000e+06	2.8800000e+02	8.1373257e+16	3.2356408e-03
3.3100000e+06	2.8800000e+02	7.9971663e+16	3.1799093e-03
3.3200000e+06	2.8800000e+02	7.8594209e+16	3.1251377e-03
3.3300000e+06	2.8800000e+02	7.7240482e+16	3.0713095e-03
3.3400000e+06	2.8800000e+02	7.5910071e+16	3.0184084e-03
3.3500000e+06	2.8800000e+02	7.4602576e+16	2.9664185e-03
3.3600000e+06	2.8800000e+02	7.3317602e+16	2.9153242e-03
3.3700000e+06	2.8800000e+02	7.2054760e+16	2.8651098e-03
3.3800000e+06	2.8800000e+02	7.0813670e+16	2.8157604e-03
3.3900000e+06	2.8800000e+02	6.9593956e+16	2.7672610e-03
3.4000000e+06	2.8800000e+02	6.8395252e+16	2.7195970e-03
3.4100000e+06	2.8800000e+02	6.7217194e+16	2.6727539e-03
3.4200000e+06	2.8800000e+02	6.6059427e+16	2.6267177e-03
3.4300000e+06	2.8800000e+02	6.4921602e+16	2.5814744e-03
3.4400000e+06	2.8800000e+02	6.3803375e+16	2.5370104e-03
3.4500000e+06	2.8800000e+02	6.2704409e+16	2.4933123e-03
3.4600000e+06	2.8800000e+02	6.1624371e+16	2.4503668e-03
3.4700000e+06	2.8800000e+02	6.0562937e+16	2.4081611e-03
3.4800000e+06	2.8800000e+02	5.9519785e+16	2.3666823e-03
3.4900000e+06	2.8800000e+02	5.8494600e+16	2.3259179e-03
3.5000000e+06	2.8800000e+02	5.7487074e+16	2.2858557e-03
3.5100000e+06	2.8800000e+02	5.6496901e+16	2.2464835e-03
3.5200000e+06	2.8800000e+02	5.5523784e+16	2.2077895e-03
3.5300000e+06	2.8800000e+02	5.4567427e+16	2.1697619e-03
3.5400000e+06	2.8800000e+02	5.3627543e+16	2.1323893e-03
3.5500000e+06	2.8800000e+02	5.2703848e+16	2.0956605e-03
3.5600000e+06	2.8800000e+02	5.1796063e+16	2.0595643e-03
3.5700000e+06	2.8800000e+02	5.0903914e+16	2.0240898e-03
3.5800000e+06	2.8800000e+02	5.0027132e+16	1.9892264e-03
3.5900000e+06	2.8800000e+02	4.9165451e+16	1.9549634e-03
3.6000000e+06	2.8800000e+02	4.8318612e+16	1.9212906e-03
3.6100000e+06	2.8800000e+02	4.7486360e+16	1.8881978e-03
3.6200000e+06	2.8800000e+02	4.6668442e+16	1.8556750e-03
3.6300000e+06	2.8800000e+02	4.5864613e+16	1.8237123e-03
3.6400000e+06	2.8800000e+02	4.5074628e+16	1.7923002e-03
3.6500000e+06	2.8800000e+02	4.4298251e+16	1.7614292e-03
3.6600000e+06	2.8800000e+02	4.3535246e+16	1.7310898e-03
3.6700000e+06	2.8800000e+02	4.2785384e+16	1.7012731e-03
3.6800000e+06	2.8800000e+02	4.2048437e+16	1.6719699e-03
3.6900000e+06	2.8800000e+02	4.1324183e+16	1.6431715e-03
3.7000000e+06	2.8800000e+02	4.0612405e+16	1.6148690e-03
3.7100000e+06	2.8800000e+02	3.9912886e+16	1.5870541e-03
3.7200000e+06	2.8800000e+02	3.9225416e+16	1.5597183e-03
3.7300000e+06	2.8800000e+02	3.8549787e+16	1.5328533e-03
3.7400000e+06	2.8800000e+02	3.7885795e+16	1.5064510e-03
3.7500000e+06	2.8800000e+02	3.7233240e+16	1.4805035e-03
3.7600000e+06	2.8800000e+02	3.6591925e+16	1.4550029e-03
3.7700000e+06	2.8800000e+02	3.5961656e+16	1.4299415e-03
3.7800000e+06	2.8800000e+02	3.5342243e+16	1.4053119e-03
3.7900000e+06	2.8800000e+02	3.4733499e+16	1.3811064e-03
3.8000000e+06	2.8800000e+02	3.4135240e+16	1.3573178e-03
3.8100000e+06	2.8800000e+02	3.3547285e+16	1.3339390e-03
3.8200000e+06	2.8800000e+02	3.2969458e+16	1.3109629e-03
3.8300000e+06	2.8800000e+02	3.2401583e+16	1.2883826e-03
3.8400000e+06	2.8800000e+02	3.1843490e+16	1.2661911e-03
3.8500000e+06	2.8800000e+02	3.1295009e+16	1.2443819e-03
3.8600000e+06	2.8800000e+02	3.0755976e+16	1.2229483e-03
3.8700000e+06	2.8800000e+02	3.0226227e+16	1.2018839e-03
3.8800000e+06	2.8800000e+02	2.9705602e+16	1.1811824e-03
3.8900000e+06	2.8800000e+02	2.9193945e+16	1.1608374e-03
3.9000000e+06	2.8800000e+02	2.8691101e+16	1.1408428e-03
3.9100000e+06	2.8800000e+02	2.8196918e+16	1.1211926e-03
3.9200000e+06	2.8800000e+02	2.7711246e+16	1.1018809e-03
3.9300000e+06	2.8800000e+02	2.7233941e+16	1.0829018e-03
3.9400000e+06	2.8800000e+02	2.6764856e+16	1.0642496e-03
3.9500000e+06	2.8800000e+02	2.6303851e+16	1.0459187e-03
3.9600000e+06	2.8800000e+02	2.5850786e+16	1.0279035e-03
3.9700000e+06	2.8800000e+02	2.5405526e+16	1.0101987e-03
3.9800000e+06	2.8800000e+02	2.4967934e+16	9.9279873e-04
3.9900000e+06	2.8800000e+02	2.4537880e+16	9.7569850e-04
4.0000000e+06	2.8800000e+02	2.4115233e+16	9.5889281e-04
4.0100000e+06	2.8800000e+02	2.3699866e+16	9.4237659e-04
4.0200000e+06	2.8800000e+02	2.3291653e+16	9.2614484e-04
4.0300000e+06	2.8800000e+02	2.2890471e+16	9.1019268e-04
4.0400000e+06	2.8800000e+02	2.2496200e+16	8.9451528e-04
4.0500000e+06	2.8800000e+02	2.2108719e+16	8.7910791e-04
4.0600000e+06	2.8800000e+02	2.1727913e+16	8.6396592e-04
4.0700000e+06	2.8800000e+02	2.1353666e+16	8.4908474e-04
4.0800000e+06	2.8800000e+02	2.0985864e+16	8.3445988e-04
4.0900000e+06	2.8800000e+02	2.0624398e+16	8.2008693e-04
4.1000000e+06	2.8800000e+02	2.0269158e+16	8.0596153e-04
4.1100000e+06	2.8800000e+02	1.9920037e+16	7.9207944e-04
4.1200000e+06	2.8800000e+02	1.9576929e+16	7.7843645e-04
4.1300000e+06	2.8800000e+02	1.9239731e+16	7.6502845e-04
4.1400000e+06	2.8800000e+02	1.8908340e+16	7.5185140e-04
4.1500000e+06	2.8800000e+02	1.8582658e+16	7.3890131e-04
4.1600000e+06	2.8800000e+02	1.8262586e+16	7.2617428e-04
4.1700000e+06	2.8800000e+02	1.7948026e+16	7.1366646e-04
4.1800000e+06	2.8800000e+02	1.7638884e+16	7.0137408e-04
4.1900000e+06	2.8800000e+02	1.7335068e+16	6.8929343e-04
4.2000000e+06	2.8800000e+02	1.7036484e+16	6.7742086e-04
4.2100000e+06	2.8800000e+02	1.6743043e+16	6.6575278e-04
4.2200000e+06	2.8800000e+02	1.6454656e+16	6.5428568e-04
4.2300000e+06	2.8800000e+02	1.6171237e+16	6.4301609e-04
4.2400000e+06	2.8800000e+02	1.5892699e+16	6.3194061e-04
4.2500000e+06	2.8800000e+02	1.5618959e+16	6.2105590e-04
4.2600000e+06	2.8800000e+02	1.5349934e+16	6.1035867e-04
4.2700000e+06	2.8800000e+02	1.5085543e+16	5.9984569e-04
4.2800000e+06	2.8800000e+02	1.4825705e+16	5.8951379e-04
4.2900000e+06	2.8800000e+02	1.4570343e+16	5.7935985e-04
4.3000000e+06	2.8800000e+02	1.4319380e+16	5.6938080e-04
4.3100000e+06	2.8800000e+02	1.4072739e+16	5.5957363e-04
4.3200000e+06	2.8800000e+02	1.3830347e+16	5.4993539e-04
4.3300000e+06	2.8800000e+02	1.3592129e+16	5.4046315e-04
4.3400000e+06	2.8800000e+02	1.3358015e+16	5.3115407e-04
4.3500000e+06	2.8800000e+02	1.3127933e+16	5.2200534e-04
4.3600000e+06	2.8800000e+02	1.2901814e+16	5.1301418e-04
4.3700000e+06	2.8800000e+02	1.2679589e+16	5.0417789e-04
4.3800000e+06	2.8800000e+02	1.2461193e+16	4.9549379e-04
4.3900000e+06	2.8800000e+02	1.2246558e+16	4.8695928e-04
4.4000000e+06	2.8800000e+02	1.2035620e+16	4.7857176e-04
4.4100000e+06	2.8800000e+02	1.1828315e+16	4.7032871e-04
4.4200000e+06	2.8800000e+02	1.1624581e+16	4.6222765e-04
4.4300000e+06	2.8800000e+02	1.1424356e+16	4.5426612e-04
4.4400000e+06	2.8800000e+02	1.1227580e+16	4.4644172e-04
4.4500000e+06	2.8800000e+02	1.1034193e+16	4.3875209e-04
4.4600000e+06	2.8800000e+02	1.0844138e+16	4.3119490e-04
4.4700000e+06	2.8800000e+02	1.0657355e+16	4.2376789e-04
4.4800000e+06	2.8800000e+02	1.0473790e+16	4.1646880e-04
4.4900000e+06	2.8800000e+02	1.0293387e+16	4.0929543e-04
4.5000000e+06	2.8800000e+02	1.0116091e+16	4.0224562e-04
4.5100000e+06	2.8800000e+02	9.9418486e+15	3.9531723e-04
4.5200000e+06	2.8800000e+02	9.7706075e+15	3.8850818e-04
4.5300000e+06	2.8800000e+02	9.6023160e+15	3.8181641e-04
4.5400000e+06	2.8800000e+02	9.4369232e+15	3.7523991e-04
4.5500000e+06	2.8800000e+02	9.2743791e+15	3.6877668e-04
4.5600000e+06	2.8800000e+02	9.1146347e+15	3.6242477e-04
4.5700000e+06	2.8800000e+02	8.9576419e+15	3.5618227e-04
4.5800000e+06	2.8800000e+02	8.8033531e+15	3.5004729e-04
4.5900000e+06	2.8800000e+02	8.6517218e+15	3.4401798e-04
4.6000000e+06	2.8800000e+02	8.5027022e+15	3.3809253e-04
4.6100000e+06	2.8800000e+02	8.3562494e+15	3.3226913e-04
4.6200000e+06	2.8800000e+02	8.2123192e+15	3.2654604e-04
4.6300000e+06	2.8800000e+02	8.0708680e+15	3.2092152e-04
4.6400000e+06	2.8800000e+02	7.9318532e+15	3.1539389e-04
4.6500000e+06	2.8800000e+02	7.7952329e+15	3.0996146e-04
4.6600000e+06	2.8800000e+02	7.6609657e+15	3.0462260e-04
4.6700000e+06	2.8800000e+02	7.5290112e+15	2.9937570e-04
4.6800000e+06	2.8800000e+02	7.3993296e+15	2.9421917e-04
4.6900000e+06	2.8800000e+02	7.2718815e+15	2.8915147e-04
4.7000000e+06	2.8800000e+02	7.1466287e+15	2.8417104e-04
4.7100000e+06	2.8800000e+02	7.0235333e+15	2.7927641e-04
4.7200000e+06	2.8800000e+02	6.9025581e+15	2.7446608e-04
4.7300000e+06	2.8800000e+02	6.7836666e+15	2.6973860e-04
4.7400000e+06	2.8800000e+02	6.6668230e+15	2.6509255e-04
4.7500000e+06	2.8800000e+02	6.5519918e+15	2.6052653e-04
4.7600000e+06	2.8800000e+02	6.4391386e+15	2.5603915e-04
4.7700000e+06	2.8800000e+02	6.3282292e+15	2.5162906e-04
4.7800000e+06	2.8800000e+02	6.2192301e+15	2.4729494e-04
4.7900000e+06	2.8800000e+02	6.1121084e+15	2.4303546e-04
4.8000000e+06	2.8800000e+02	6.0068318e+15	2.3884936e-04
4.8100000e+06	2.8800000e+02	5.9033686e+15	2.3473535e-04
4.8200000e+06	2.8800000e+02	5.8016874e+15	2.3069221e-04
4.8300000e+06	2.8800000e+02	5.7017576e+15	2.2671870e-04
4.8400000e+06	2.8800000e+02	5.6035490e+15	2.2281364e-04
4.8500000e+06	2.8800000e+02	5.5070320e+15	2.1897584e-04
4.8600000e+06	2.8800000e+02	5.4121774e+15	2.1520414e-04
4.8700000e+06	2.8800000e+02	5.3189566e+15	2.1149741e-04
4.8800000e+06	2.8800000e+02	5.2273415e+15	2.0785452e-04
4.8900000e+06	2.8800000e+02	5.1373044e+15	2.0427438e-04
4.9000000e+06	2.8800000e+02	5.0488181e+15	2.0075590e-04
4.9100000e+06	2.8800000e+02	4.9618559e+15	1.9729803e-04
4.9200000e+06	2.8800000e+02	4.8763916e+15	1.9389972e-04
4.9300000e+06	2.8800000e+02	4.7923993e+15	1.9055994e-04
4.9400000e+06	2.8800000e+02	4.7098538e+15	1.8727768e-04
4.9500000e+06	2.8800000e+02	4.6287300e+15	1.8405196e-04
4.9600000e+06	2.8800000e+02	4.5490035e+15	1.8088180e-04
4.9700000e+06	2.8800000e+02	4.4706503e+15	1.7776625e-04
4.9800000e+06	2.8800000e+02	4.3936466e+15	1.7470435e-04
4.9900000e+06	2.8800000e+02	4.3179693e+15	1.7169520e-04
5.0000000e+06	2.8800000e+02	4.2435955e+15	1.6873788e-04
5.0100000e+06	2.8800000e+02	4.1705026e+15	1.6583149e-04
5.0200000e+06	2.8800000e+02	4.0986688e+15	1.6297516e-04
5.0300000e+06	2.8800000e+02	4.0280722e+15	1.6016804e-04
5.0400000e+06	2.8800000e+02	3.9586917e+15	1.5740926e-04
5.0500000e+06	2.8800000e+02	3.8905061e+15	1.5469800e-04
5.0600000e+06	2.8800000e+02	3.8234950e+15	1.5203344e-04
5.0700000e+06	2.8800000e+02	3.7576381e+15	1.4941478e-04
5.0800000e+06	2.8800000e+02	3.6929156e+15	1.4684122e-04
5.0900000e+06	2.8800000e+02	3.6293078e+15	1.4431199e-04
5.1000000e+06	2.8800000e+02	3.5667956e+15	1.4182632e-04
5.1100000e+06	2.8800000e+02	3.5053602e+15	1.3938346e-04
5.1200000e+06	2.8800000e+02	3.4449830e+15	1.3698269e-04
5.1300000e+06	2.8800000e+02	3.3856457e+15	1.3462326e-04
5.1400000e+06	2.8800000e+02	3.3273304e+15	1.3230447e-04
5.1500000e+06	2.8800000e+02	3.2700196e+15	1.3002563e-04
5.1600000e+06	2.8800000e+02	3.2136959e+15	1.2778603e-04
5.1700000e+06	2.8800000e+02	3.1583423e+15	1.2558501e-04
5.1800000e+06	2.8800000e+02	3.1039422e+15	1.2342190e-04
5.1900000e+06	2.8800000e+02	3.0504791e+15	1.2129605e-04
5.2000000e+06	2.8800000e+02	2.9979368e+15	1.1920681e-04
5.2100000e+06	2.8800000e+02	2.9462996e+15	1.1715356e-04
5.2200000e+06	2.8800000e+02	2.8955517e+15	1.1513568e-04
5.2300000e+06	2.8800000e+02	2.8456780e+15	1.1315255e-04
5.2400000e+06	2.8800000e+02	2.7966633e+15	1.1120358e-04
5.2500000e+06	2.8800000e+02	2.7484928e+15	1.0928818e-04
5.2600000e+06	2.8800000e+02	2.7011520e+15	1.0740577e-04
5.2700000e+06	2.8800000e+02	2.6546267e+15	1.0555579e-04
5.2800000e+06	2.8800000e+02	2.6089027e+15	1.0373767e-04
5.2900000e+06	2.8800000e+02	2.5639663e+15	1.0195086e-04
5.3000000e+06	2.8800000e+02	2.5198038e+15	1.0019483e-04
5.3100000e+06	2.8800000e+02	2.4764021e+15	9.8469052e-05
5.3200000e+06	2.8800000e+02	2.4337478e+15	9.6772995e-05
5.3300000e+06	2.8800000e+02	2.3918283e+15	9.5106151e-05
5.3400000e+06	2.8800000e+02	2.3506308e+15	9.3468018e-05
5.3500000e+06	2.8800000e+02	2.3101430e+15	9.1858100e-05
5.3600000e+06	2.8800000e+02	2.2703524e+15	9.0275912e-05
5.3700000e+06	2.8800000e+02	2.2312473e+15	8.8720975e-05
5.3800000e+06	2.8800000e+02	2.1928157e+15	8.7192822e-05
5.3900000e+06	2.8800000e+02	2.1550461e+15	8.5690990e-05
5.4000000e+06	2.8800000e+02	2.1179270e+15	8.4215025e-05
5.4100000e+06	2.8800000e+02	2.0814472e+15	8.2764483e-05
5.4200000e+06	2.8800000e+02	2.0455958e+15	8.1338926e-05
5.4300000e+06	2.8800000e+02	2.0103620e+15	7.9937923e-05
5.4400000e+06	2.8800000e+02	1.9757350e+15	7.8561051e-05
5.4500000e+06	2.8800000e+02	1.9417044e+15	7.7207895e-05
5.4600000e+06	2.8800000e+02	1.9082599e+15	7.5878045e-05
5.4700000e+06	2.8800000e+02	1.8753916e+15	7.4571102e-05
5.4800000e+06	2.8800000e+02	1.8430893e+15	7.3286669e-05
5.4900000e+06	2.8800000e+02	1.8113435e+15	7.2024360e-05
5.5000000e+06	2.8800000e+02	1.7801444e+15	7.0783794e-05
5.5100000e+06	2.8800000e+02	1.7494827e+15	6.9564595e-05
5.5200000e+06	2.8800000e+02	1.7193492e+15	6.8366396e-05
5.5300000e+06	2.8800000e+02	1.6897346e+15	6.7188835e-05
5.5400000e+06	2.8800000e+02	1.6606302e+15	6.6031557e-05
5.5500000e+06	2.8800000e+02	1.6320271e+15	6.4894212e-05
5.5600000e+06	2.8800000e+02	1.6039166e+15	6.3776457e-05
5.5700000e+06	2.8800000e+02	1.5762903e+15	6.2677954e-05
5.5800000e+06	2.8800000e+02	1.5491399e+15	6.1598372e-05
5.5900000e+06	2.8800000e+02	1.5224571e+15	6.0537386e-05
5.6000000e+06	2.8800000e+02	1.4962339e+15	5.9494674e-05
5.6100000e+06	2.8800000e+02	1.4704624e+15	5.8469922e-05
5.6200000e+06	2.8800000e+02	1.4451347e+15	5.7462820e-05
5.6300000e+06	2.8800000e+02	1.4202433e+15	5.6473065e-05
5.6400000e+06	2.8800000e+02	1.3957807e+15	5.5500358e-05
5.6500000e+06	2.8800000e+02	1.3717394e+15	5.4544405e-05
5.6600000e+06	2.8800000e+02	1.3481122e+15	5.3604918e-05
5.6700000e+06	2.8800000e+02	1.3248919e+15	5.2681613e-05
5.6800000e+06	2.8800000e+02	1.3020717e+15	5.1774211e-05
5.6900000e+06	2.8800000e+02	1.2796444e+15	5.0882438e-05
5.7000000e+06	2.8800000e+02	1.2576035e+15	5.0006026e-05
5.7100000e+06	2.8800000e+02	1.2359422e+15	4.9144708e-05
5.7200000e+06	2.8800000e+02	1.2146540e+15	4.8298227e-05
5.7300000e+06	2.8800000e+02	1.1937325e+15	4.7466326e-05
5.7400000e+06	2.8800000e+02	1.1731713e+15	4.6648753e-05
5.7500000e+06	2.8800000e+02	1.1529643e+15	4.5845263e-05
5.7600000e+06	2.8800000e+02	1.1331053e+15	4.5055612e-05
5.7700000e+06	2.8800000e+02	1.1135884e+15	4.4279562e-05
5.7800000e+06	2.8800000e+02	1.0944077e+15	4.3516879e-05
5.7900000e+06	2.8800000e+02	1.0755573e+15	4.2767333e-05
5.8000000e+06	2.8800000e+02	1.0570316e+15	4.2030697e-05
5.8100000e+06	2.8800000e+02	1.0388250e+15	4.1306749e-05
5.8200000e+06	2.8800000e+02	1.0209321e+15	4.0595271e-05
5.8300000e+06	2.8800000e+02	1.0033472e+15	3.9896047e-05
5.8400000e+06	2.8800000e+02	9.8606533e+14	3.9208867e-05
5.8500000e+06	2.8800000e+02	9.6908108e+14	3.8533523e-05
5.8600000e+06	2.8800000e+02	9.5238937e+14	3.7869811e-05
5.8700000e+06	2.8800000e+02	9.3598516e+14	3.7217532e-05
5.8800000e+06	2.8800000e+02	9.1986351e+14	3.6576487e-05
5.8900000e+06	2.8800000e+02	9.0401953e+14	3.5946484e-05
5.9000000e+06	2.8800000e+02	8.8844846e+14	3.5327332e-05
5.9100000e+06	2.8800000e+02	8.7314559e+14	3.4718845e-05
5.9200000e+06	2.8800000e+02	8.5810630e+14	3.4120838e-05
5.9300000e+06	2.8800000e+02	8.4332605e+14	3.3533132e-05
5.9400000e+06	2.8800000e+02	8.2880038e+14	3.2955548e-05
5.9500000e+06	2.8800000e+02	8.1452490e+14	3.2387913e-05
5.9600000e+06	2.8800000e+02	8.0049531e+14	3.1830055e-05
5.9700000e+06	2.8800000e+02	7.8670736e+14	3.1281806e-05
5.9800000e+06	2.8800000e+02	7.7315691e+14	3.0743000e-05
5.9900000e+06	2.8800000e+02	7.5983985e+14	3.0213474e-05
6.0000000e+06	2.8800000e+02	7.4675217e+14	2.9693069e-05
6.0100000e+06	2.8800000e+02	7.3388991e+14	2.9181628e-05
6.0200000e+06	2.8800000e+02	7.2124920e+14	2.8678996e-05
6.0300000e+06	2.8800000e+02	7.0882621e+14	2.8185021e-05
6.0400000e+06	2.8800000e+02	6.9661720e+14	2.7699555e-05
6.0500000e+06	2.8800000e+02	6.8461848e+14	2.7222451e-05
6.0600000e+06	2.8800000e+02	6.7282643e+14	2.6753564e-05
6.0700000e+06	2.8800000e+02	6.6123749e+14	2.6292753e-05
6.0800000e+06	2.8800000e+02	6.4984816e+14	2.5839880e-05
6.0900000e+06	2.8800000e+02	6.3865500e+14	2.5394807e-05
6.1000000e+06	2.8800000e+02	6.2765464e+14	2.4957400e-05
6.1100000e+06	2.8800000e+02	6.1684375e+14	2.4527527e-05
6.1200000e+06	2.8800000e+02	6.0621907e+14	2.4105059e-05
6.1300000e+06	2.8800000e+02	5.9577739e+14	2.3689867e-05
6.1400000e+06	2.8800000e+02	5.8551556e+14	2.3281826e-05
6.1500000e+06	2.8800000e+02	5.7543049e+14	2.2880814e-05
6.1600000e+06	2.8800000e+02	5.6551912e+14	2.2486709e-05
6.1700000e+06	2.8800000e+02	5.5577847e+14	2.2099392e-05
6.1800000e+06	2.8800000e+02	5.4620559e+14	2.1718746e-05
6.1900000e+06	2.8800000e+02	5.3679760e+14	2.1344657e-05
6.2000000e+06	2.8800000e+02	5.2755166e+14	2.0977011e-05
6.2100000e+06	2.8800000e+02	5.1846497e+14	2.0615697e-05
6.2200000e+06	2.8800000e+02	5.0953479e+14	2.0260607e-05
6.2300000e+06	2.8800000e+02	5.0075843e+14	1.9911633e-05
6.2400000e+06	2.8800000e+02	4.9213324e+14	1.9568669e-05
6.2500000e+06	2.8800000e+02	4.8365660e+14	1.9231613e-05
6.2600000e+06	2.8800000e+02	4.7532597e+14	1.8900363e-05
6.2700000e+06	2.8800000e+02	4.6713883e+14	1.8574818e-05
6.2800000e+06	2.8800000e+02	4.5909271e+14	1.8254881e-05
6.2900000e+06	2.8800000e+02	4.5118517e+14	1.7940454e-05
6.3000000e+06	2.8800000e+02	4.4341384e+14	1.7631443e-05
6.3100000e+06	2.8800000e+02	4.3577636e+14	1.7327754e-05
6.3200000e+06	2.8800000e+02	4.2827044e+14	1.7029296e-05
6.3300000e+06	2.8800000e+02	4.2089379e+14	1.6735979e-05
6.3400000e+06	2.8800000e+02	4.1364421e+14	1.6447714e-05
6.3500000e+06	2.8800000e+02	4.0651949e+14	1.6164414e-05
6.3600000e+06	2.8800000e+02	3.9951749e+14	1.5885994e-05
6.3700000e+06	2.8800000e+02	3.9263610e+14	1.5612370e-05
6.3800000e+06	2.8800000e+02	3.8587323e+14	1.5343458e-05
6.3900000e+06	2.8800000e+02	3.7922684e+14	1.5079178e-05
6.4000000e+06	2.8800000e+02	3.7269494e+14	1.4819450e-05
6.4100000e+06	2.8800000e+02	3.6627554e+14	1.4564196e-05
6.4200000e+06	2.8800000e+02	3.5996672e+14	1.4313339e-05
6.4300000e+06	2.8800000e+02	3.5376656e+14	1.4066802e-05
6.4400000e+06	2.8800000e+02	3.4767319e+14	1.3824512e-05
6.4500000e+06	2.8800000e+02	3.4168477e+14	1.3586395e-05
6.4600000e+06	2.8800000e+02	3.3579950e+14	1.3352379e-05
6.4700000e+06	2.8800000e+02	3.3001560e+14	1.3122394e-05
6.4800000e+06	2.8800000e+02	3.2433133e+14	1.2896370e-05
6.4900000e+06	2.8800000e+02	3.1874496e+14	1.2674240e-05
6.5000000e+06	2.8800000e+02	3.1325481e+14	1.2455935e-05
6.5100000e+06	2.8800000e+02	3.0785923e+14	1.2241391e-05
6.5200000e+06	2.8800000e+02	3.0255658e+14	1.2030542e-05
6.5300000e+06	2.8800000e+02	2.9734526e+14	1.1823325e-05
6.5400000e+06	2.8800000e+02	2.9222371e+14	1.1619677e-05
6.5500000e+06	2.8800000e+02	2.8719037e+14	1.1419536e-05
6.5600000e+06	2.8800000e+02	2.8224373e+14	1.1222843e-05
6.5700000e+06	2.8800000e+02	2.7738229e+14	1.1029538e-05
6.5800000e+06	2.8800000e+02	2.7260458e+14	1.0839562e-05
6.5900000e+06	2.8800000e+02	2.6790917e+14	1.0652859e-05
6.6000000e+06	2.8800000e+02	2.6329463e+14	1.0469371e-05
6.6100000e+06	2.8800000e+02	2.5875957e+14	1.0289044e-05
6.6200000e+06	2.8800000e+02	2.5430263e+14	1.0111823e-05
6.6300000e+06	2.8800000e+02	2.4992245e+14	9.9376541e-06
6.6400000e+06	2.8800000e+02	2.4561772e+14	9.7664853e-06
6.6500000e+06	2.8800000e+02	2.4138714e+14	9.5982648e-06
6.6600000e+06	2.8800000e+02	2.3722942e+14	9.4329418e-06
6.6700000e+06	2.8800000e+02	2.3314332e+14	9.2704663e-06
6.6800000e+06	2.8800000e+02	2.2912760e+14	9.1107893e-06
6.6900000e+06	2.8800000e+02	2.2518104e+14	8.9538627e-06
6.7000000e+06	2.8800000e+02	2.2130247e+14	8.7996390e-06
6.7100000e+06	2.8800000e+02	2.1749069e+14	8.6480716e-06
6.7200000e+06	2.8800000e+02	2.1374458e+14	8.4991150e-06
6.7300000e+06	2.8800000e+02	2.1006298e+14	8.3527240e-06
6.7400000e+06	2.8800000e+02	2.0644480e+14	8.2088544e-06
6.7500000e+06	2.8800000e+02	2.0288894e+14	8.0674629e-06
6.7600000e+06	2.8800000e+02	1.9939433e+14	7.9285068e-06
6.7700000e+06	2.8800000e+02	1.9595991e+14	7.7919441e-06
6.7800000e+06	2.8800000e+02	1.9258464e+14	7.6577336e-06
6.7900000e+06	2.8800000e+02	1.8926751e+14	7.5258348e-06
6.8000000e+06	2.8800000e+02	1.8600752e+14	7.3962078e-06
6.8100000e+06	2.8800000e+02	1.8280368e+14	7.2688136e-06
6.8200000e+06	2.8800000e+02	1.7965502e+14	7.1436136e-06
6.8300000e+06	2.8800000e+02	1.7656059e+14	7.0205701e-06
6.8400000e+06	2.8800000e+02	1.7351947e+14	6.8996459e-06
6.8500000e+06	2.8800000e+02	1.7053072e+14	6.7808046e-06
6.8600000e+06	2.8800000e+02	1.6759346e+14	6.6640102e-06
6.8700000e+06	2.8800000e+02	1.6470678e+14	6.5492276e-06
6.8800000e+06	2.8800000e+02	1.6186983e+14	6.4364219e-06
6.8900000e+06	2.8800000e+02	1.5908174e+14	6.3255593e-06
6.9000000e+06	2.8800000e+02	1.5634167e+14	6.2166062e-06
6.9100000e+06	2.8800000e+02	1.5364880e+14	6.1095297e-06
6.9200000e+06	2.8800000e+02	1.5100232e+14	6.0042976e-06
6.9300000e+06	2.8800000e+02	1.4840141e+14	5.9008780e-06
6.9400000e+06	2.8800000e+02	1.4584531e+14	5.7992397e-06
6.9500000e+06	2.8800000e+02	1.4333323e+14	5.6993520e-06
6.9600000e+06	2.8800000e+02	1.4086442e+14	5.6011849e-06
6.9700000e+06	2.8800000e+02	1.3843813e+14	5.5047086e-06
6.9800000e+06	2.8800000e+02	1.3605364e+14	5.4098940e-06
6.9900000e+06	2.8800000e+02	1.3371021e+14	5.3167126e-06
7.0000000e+06	2.8800000e+02	1.3140715e+14	5.2251361e-06
7.0100000e+06	2.8800000e+02	1.2914376e+14	5.1351370e-06
7.0200000e+06	2.8800000e+02	1.2691936e+14	5.0466880e-06
7.0300000e+06	2.8800000e+02	1.2473326e+14	4.9597625e-06
7.0400000e+06	2.8800000e+02	1.2258482e+14	4.8743343e-06
7.0500000e+06	2.8800000e+02	1.2047339e+14	4.7903774e-06
7.0600000e+06	2.8800000e+02	1.1839832e+14	4.7078667e-06
7.0700000e+06	2.8800000e+02	1.1635900e+14	4.6267772e-06
7.0800000e+06	2.8800000e+02	1.1435480e+14	4.5470843e-06
7.0900000e+06	2.8800000e+02	1.1238513e+14	4.4687642e-06
7.1000000e+06	2.8800000e+02	1.1044937e+14	4.3917930e-06
7.1100000e+06	2.8800000e+02	1.0854696e+14	4.3161476e-06
7.1200000e+06	2.8800000e+02	1.0667732e+14	4.2418051e-06
7.1300000e+06	2.8800000e+02	1.0483988e+14	4.1687431e-06
7.1400000e+06	2.8800000e+02	1.0303409e+14	4.0969396e-06
7.1500000e+06	2.8800000e+02	1.0125941e+14	4.0263728e-06
7.1600000e+06	2.8800000e+02	9.9515289e+13	3.9570215e-06
7.1700000e+06	2.8800000e+02	9.7801211e+13	3.8888647e-06
7.1800000e+06	2.8800000e+02	9.6116658e+13	3.8218819e-06
7.1900000e+06	2.8800000e+02	9.4461119e+13	3.7560528e-06
7.2000000e+06	2.8800000e+02	9.2834095e+13	3.6913575e-06
7.2100000e+06	2.8800000e+02	9.1235096e+13	3.6277766e-06
7.2200000e+06	2.8800000e+02	8.9663639e+13	3.5652908e-06
7.2300000e+06	2.8800000e+02	8.8119249e+13	3.5038813e-06
7.2400000e+06	2.8800000e+02	8.6601459e+13	3.4435295e-06
7.2500000e+06	2.8800000e+02	8.5109813e+13	3.3842173e-06
7.2600000e+06	2.8800000e+02	8.3643859e+13	3.3259266e-06
7.2700000e+06	2.8800000e+02	8.2203155e+13	3.2686400e-06
7.2800000e+06	2.8800000e+02	8.0787266e+13	3.2123401e-06
7.2900000e+06	2.8800000e+02	7.9395765e+13	3.1570099e-06
7.3000000e+06	2.8800000e+02	7.8028231e+13	3.1026327e-06
7.3100000e+06	2.8800000e+02	7.6684252e+13	3.0491921e-06
7.3200000e+06	2.8800000e+02	7.5363422e+13	2.9966720e-06
7.3300000e+06	2.8800000e+02	7.4065343e+13	2.9450566e-06
7.3400000e+06	2.8800000e+02	7.2789622e+13	2.8943301e-06
7.3500000e+06	2.8800000e+02	7.1535874e+13	2.8444774e-06
7.3600000e+06	2.8800000e+02	7.0303721e+13	2.7954834e-06
7.3700000e+06	2.8800000e+02	6.9092791e+13	2.7473332e-06
7.3800000e+06	2.8800000e+02	6.7902719e+13	2.7000124e-06
7.3900000e+06	2.8800000e+02	6.6733144e+13	2.6535067e-06
7.4000000e+06	2.8800000e+02	6.5583715e+13	2.6078020e-06
7.4100000e+06	2.8800000e+02	6.4454084e+13	2.5628845e-06
7.4200000e+06	2.8800000e+02	6.3343909e+13	2.5187407e-06
7.4300000e+06	2.8800000e+02	6.2252857e+13	2.4753573e-06
7.4400000e+06	2.8800000e+02	6.1180597e+13	2.4327211e-06
7.4500000e+06	2.8800000e+02	6.0126807e+13	2.3908192e-06
7.4600000e+06	2.8800000e+02	5.9091167e+13	2.3496391e-06
7.4700000e+06	2.8800000e+02	5.8073365e+13	2.3091683e-06
7.4800000e+06	2.8800000e+02	5.7073094e+13	2.2693946e-06
7.4900000e+06	2.8800000e+02	5.6090052e+13	2.2303059e-06
7.5000000e+06	2.8800000e+02	5.5123942e+13	2.1918906e-06
7.5100000e+06	2.8800000e+02	5.4174472e+13	2.1541369e-06
7.5200000e+06	2.8800000e+02	5.3241357e+13	2.1170334e-06
7.5300000e+06	2.8800000e+02	5.2324314e+13	2.0805691e-06
7.5400000e+06	2.8800000e+02	5.1423066e+13	2.0447328e-06
7.5500000e+06	2.8800000e+02	5.0537341e+13	2.0095138e-06
7.5600000e+06	2.8800000e+02	4.9666873e+13	1.9749014e-06
7.5700000e+06	2.8800000e+02	4.8811397e+13	1.9408852e-06
7.5800000e+06	2.8800000e+02	4.7970657e+13	1.9074549e-06
7.5900000e+06	2.8800000e+02	4.7144398e+13	1.8746003e-06
7.6000000e+06	2.8800000e+02	4.6332370e+13	1.8423117e-06
7.6100000e+06	2.8800000e+02	4.5534329e+13	1.8105793e-06
7.6200000e+06	2.8800000e+02	4.4750034e+13	1.7793934e-06
7.6300000e+06	2.8800000e+02	4.3979247e+13	1.7487446e-06
7.6400000e+06	2.8800000e+02	4.3221737e+13	1.7186238e-06
7.6500000e+06	2.8800000e+02	4.2477274e+13	1.6890218e-06
7.6600000e+06	2.8800000e+02	4.1745635e+13	1.6599296e-06
7.6700000e+06	2.8800000e+02	4.1026597e+13	1.6313385e-06
7.6800000e+06	2.8800000e+02	4.0319944e+13	1.6032399e-06
7.6900000e+06	2.8800000e+02	3.9625462e+13	1.5756253e-06
7.7000000e+06	2.8800000e+02	3.8942943e+13	1.5484863e-06
7.7100000e+06	2.8800000e+02	3.8272179e+13	1.5218148e-06
7.7200000e+06	2.8800000e+02	3.7612969e+13	1.4956026e-06
7.7300000e+06	2.8800000e+02	3.6965113e+13	1.4698420e-06
7.7400000e+06	2.8800000e+02	3.6328417e+13	1.4445250e-06
7.7500000e+06	2.8800000e+02	3.5702686e+13	1.4196441e-06
7.7600000e+06	2.8800000e+02	3.5087734e+13	1.3951918e-06
7.7700000e+06	2.8800000e+02	3.4483373e+13	1.3711607e-06
7.7800000e+06	2.8800000e+02	3.3889423e+13	1.3475434e-06
7.7900000e+06	2.8800000e+02	3.3305702e+13	1.3243330e-06
7.8000000e+06	2.8800000e+02	3.2732036e+13	1.3015223e-06
7.8100000e+06	2.8800000e+02	3.2168251e+13	1.2791046e-06
7.8200000e+06	2.8800000e+02	3.1614176e+13	1.2570729e-06
7.8300000e+06	2.8800000e+02	3.1069645e+13	1.2354208e-06
7.8400000e+06	2.8800000e+02	3.0534493e+13	1.2141415e-06
7.8500000e+06	2.8800000e+02	3.0008559e+13	1.1932289e-06
7.8600000e+06	2.8800000e+02	2.9491684e+13	1.1726764e-06
7.8700000e+06	2.8800000e+02	2.8983711e+13	1.1524779e-06
7.8800000e+06	2.8800000e+02	2.8484488e+13	1.1326273e-06
7.8900000e+06	2.8800000e+02	2.7993864e+13	1.1131186e-06
7.9000000e+06	2.8800000e+02	2.7511690e+13	1.0939460e-06
7.9100000e+06	2.8800000e+02	2.7037821e+13	1.0751036e-06
7.9200000e+06	2.8800000e+02	2.6572115e+13	1.0565857e-06
7.9300000e+06	2.8800000e+02	2.6114430e+13	1.0383868e-06
7.9400000e+06	2.8800000e+02	2.5664628e+13	1.0205013e-06
7.9500000e+06	2.8800000e+02	2.5222574e+13	1.0029239e-06
7.9600000e+06	2.8800000e+02	2.4788133e+13	9.8564931e-07
7.9700000e+06	2.8800000e+02	2.4361176e+13	9.6867223e-07
7.9800000e+06	2.8800000e+02	2.3941573e+13	9.5198756e-07
7.9900000e+06	2.8800000e+02	2.3529197e+13	9.3559027e-07
8.0000000e+06	2.8800000e+02	2.3123923e+13	9.1947542e-07
8.0100000e+06	2.8800000e+02	2.2725631e+13	9.0363813e-07
8.0200000e+06	2.8800000e+02	2.2334199e+13	8.8807363e-07
8.0300000e+06	2.8800000e+02	2.1949508e+13	8.7277721e-07
8.0400000e+06	2.8800000e+02	2.1571444e+13	8.5774427e-07
8.0500000e+06	2.8800000e+02	2.1199892e+13	8.4297025e-07
8.0600000e+06	2.8800000e+02	2.0834739e+13	8.2845071e-07
8.0700000e+06	2.8800000e+02	2.0475876e+13	8.1418126e-07
8.0800000e+06	2.8800000e+02	2.0123194e+13	8.0015758e-07
8.0900000e+06	2.8800000e+02	1.9776587e+13	7.8637546e-07
8.1000000e+06	2.8800000e+02	1.9435950e+13	7.7283072e-07
8.1100000e+06	2.8800000e+02	1.9101180e+13	7.5951928e-07
8.1200000e+06	2.8800000e+02	1.8772176e+13	7.4643711e-07
8.1300000e+06	2.8800000e+02	1.8448839e+13	7.3358028e-07
8.1400000e+06	2.8800000e+02	1.8131072e+13	7.2094490e-07
8.1500000e+06	2.8800000e+02	1.7818777e+13	7.0852716e-07
8.1600000e+06	2.8800000e+02	1.7511862e+13	6.9632330e-07
8.1700000e+06	2.8800000e+02	1.7210233e+13	6.8432964e-07
8.1800000e+06	2.8800000e+02	1.6913799e+13	6.7254257e-07
8.1900000e+06	2.8800000e+02	1.6622472e+13	6.6095851e-07
8.2000000e+06	2.8800000e+02	1.6336162e+13	6.4957399e-07
8.2100000e+06	2.8800000e+02	1.6054783e+13	6.3838556e-07
8.2200000e+06	2.8800000e+02	1.5778252e+13	6.2738983e-07
8.2300000e+06	2.8800000e+02	1.5506483e+13	6.1658351e-07
8.2400000e+06	2.8800000e+02	1.5239395e+13	6.0596331e-07
8.2500000e+06	2.8800000e+02	1.4976908e+13	5.9552604e-07
8.2600000e+06	2.8800000e+02	1.4718941e+13	5.8526854e-07
8.2700000e+06	2.8800000e+02	1.4465418e+13	5.7518772e-07
8.2800000e+06	2.8800000e+02	1.4216262e+13	5.6528053e-07
8.2900000e+06	2.8800000e+02	1.3971398e+13	5.5554399e-07
8.3000000e+06	2.8800000e+02	1.3730751e+13	5.4597515e-07
8.3100000e+06	2.8800000e+02	1.3494248e+13	5.3657113e-07
8.3200000e+06	2.8800000e+02	1.3261820e+13	5.2732909e-07
8.3300000e+06	2.8800000e+02	1.3033395e+13	5.1824623e-07
8.3400000e+06	2.8800000e+02	1.2808904e+13	5.0931982e-07
8.3500000e+06	2.8800000e+02	1.2588280e+13	5.0054716e-07
8.3600000e+06	2.8800000e+02	1.2371456e+13	4.9192561e-07
8.3700000e+06	2.8800000e+02	1.2158367e+13	4.8345255e-07
8.3800000e+06	2.8800000e+02	1.1948948e+13	4.7512543e-07
8.3900000e+06	2.8800000e+02	1.1743136e+13	4.6694175e-07
8.4000000e+06	2.8800000e+02	1.1540869e+13	4.5889902e-07
8.4100000e+06	2.8800000e+02	1.1342086e+13	4.5099482e-07
8.4200000e+06	2.8800000e+02	1.1146727e+13	4.4322677e-07
8.4300000e+06	2.8800000e+02	1.0954733e+13	4.3559251e-07
8.4400000e+06	2.8800000e+02	1.0766046e+13	4.2808975e-07
8.4500000e+06	2.8800000e+02	1.0580609e+13	4.2071622e-07
8.4600000e+06	2.8800000e+02	1.0398366e+13	4.1346969e-07
8.4700000e+06	2.8800000e+02	1.0219261e+13	4.0634798e-07
8.4800000e+06	2.8800000e+02	1.0043242e+13	3.9934894e-07
8.4900000e+06	2.8800000e+02	9.8702546e+12	3.9247044e-07
8.5000000e+06	2.8800000e+02	9.7002467e+12	3.8571043e-07
8.5100000e+06	2.8800000e+02	9.5331671e+12	3.7906685e-07
8.5200000e+06	2.8800000e+02	9.3689653e+12	3.7253770e-07
8.5300000e+06	2.8800000e+02	9.2075918e+12	3.6612101e-07
8.5400000e+06	2.8800000e+02	9.0489978e+12	3.5981485e-07
8.5500000e+06	2.8800000e+02	8.8931354e+12	3.5361730e-07
8.5600000e+06	2.8800000e+02	8.7399577e+12	3.4752650e-07
8.5700000e+06	2.8800000e+02	8.5894184e+12	3.4154062e-07
8.5800000e+06	2.8800000e+02	8.4414719e+12	3.3565783e-07
8.5900000e+06	2.8800000e+02	8.2960738e+12	3.2987637e-07
8.6000000e+06	2.8800000e+02	8.1531800e+12	3.2419449e-07
8.6100000e+06	2.8800000e+02	8.0127475e+12	3.1861048e-07
8.6200000e+06	2.8800000e+02	7.8747338e+12	3.1312265e-07
8.6300000e+06	2.8800000e+02	7.7390973e+12	3.0772934e-07
8.6400000e+06	2.8800000e+02	7.6057970e+12	3.0242893e-07
8.6500000e+06	2.8800000e+02	7.4747928e+12	2.9721981e-07
8.6600000e+06	2.8800000e+02	7.3460450e+12	2.9210042e-07
8.6700000e+06	2.8800000e+02	7.2195147e+12	2.8706921e-07
8.6800000e+06	2.8800000e+02	7.0951639e+12	2.8212465e-07
8.6900000e+06	2.8800000e+02	6.9729549e+12	2.7726526e-07
8.7000000e+06	2.8800000e+02	6.8528509e+12	2.7248957e-07
8.7100000e+06	2.8800000e+02	6.7348156e+12	2.6779614e-07
8.7200000e+06	2.8800000e+02	6.6188133e+12	2.6318355e-07
8.7300000e+06	2.8800000e+02	6.5048091e+12	2.5865040e-07
8.7400000e+06	2.8800000e+02	6.3927686e+12	2.5419534e-07
8.7500000e+06	2.8800000e+02	6.2826578e+12	2.4981701e-07
8.7600000e+06	2.8800000e+02	6.1744437e+12	2.4551410e-07
8.7700000e+06	2.8800000e+02	6.0680934e+12	2.4128530e-07
8.7800000e+06	2.8800000e+02	5.9635750e+12	2.3712934e-07
8.7900000e+06	2.8800000e+02	5.8608568e+12	2.3304496e-07
8.8000000e+06	2.8800000e+02	5.7599078e+12	2.2903093e-07
8.8100000e+06	2.8800000e+02	5.6606977e+12	2.2508604e-07
8.8200000e+06	2.8800000e+02	5.5631963e+12	2.2120910e-07
8.8300000e+06	2.8800000e+02	5.4673743e+12	2.1739893e-07
8.8400000e+06	2.8800000e+02	5.3732028e+12	2.1365440e-07
8.8500000e+06	2.8800000e+02	5.2806534e+12	2.0997436e-07
8.8600000e+06	2.8800000e+02	5.1896980e+12	2.0635770e-07
8.8700000e+06	2.8800000e+02	5.1003093e+12	2.0280334e-07
8.8800000e+06	2.8800000e+02	5.0124602e+12	1.9931021e-07
8.8900000e+06	2.8800000e+02	4.9261242e+12	1.9587723e-07
8.9000000e+06	2.8800000e+02	4.8412754e+12	1.9250339e-07
8.9100000e+06	2.8800000e+02	4.7578880e+12	1.8918766e-07
8.9200000e+06	2.8800000e+02	4.6759368e+12	1.8592904e-07
8.9300000e+06	2.8800000e+02	4.5953973e+12	1.8272655e-07
8.9400000e+06	2.8800000e+02	4.5162449e+12	1.7957922e-07
8.9500000e+06	2.8800000e+02	4.4384559e+12	1.7648610e-07
8.9600000e+06	2.8800000e+02	4.3620068e+12	1.7344626e-07
8.9700000e+06	2.8800000e+02	4.2868744e+12	1.7045878e-07
8.9800000e+06	2.8800000e+02	4.2130362e+12	1.6752275e-07
8.9900000e+06	2.8800000e+02	4.1404697e+12	1.6463729e-07
9.0000000e+06	2.8800000e+02	4.0691532e+12	1.6180154e-07
9.0100000e+06	2.8800000e+02	3.9990650e+12	1.5901462e-07
9.0200000e+06	2.8800000e+02	3.9301840e+12	1.5627571e-07
9.0300000e+06	2.8800000e+02	3.8624895e+12	1.5358398e-07
9.0400000e+06	2.8800000e+02	3.7959610e+12	1.5093861e-07
9.0500000e+06	2.8800000e+02	3.7305783e+12	1.4833880e-07
9.0600000e+06	2.8800000e+02	3.6663219e+12	1.4578377e-07
9.0700000e+06	2.8800000e+02	3.6031722e+12	1.4327276e-07
9.0800000e+06	2.8800000e+02	3.5411102e+12	1.4080499e-07
9.0900000e+06	2.8800000e+02	3.4801172e+12	1.3837973e-07
9.1000000e+06	2.8800000e+02	3.4201747e+12	1.3599624e-07
9.1100000e+06	2.8800000e+02	3.3612647e+12	1.3365380e-07
9.1200000e+06	2.8800000e+02	3.3033694e+12	1.3135171e-07
9.1300000e+06	2.8800000e+02	3.2464713e+12	1.2908928e-07
9.1400000e+06	2.8800000e+02	3.1905532e+12	1.2686581e-07
9.1500000e+06	2.8800000e+02	3.1355983e+12	1.2468064e-07
9.1600000e+06	2.8800000e+02	3.0815899e+12	1.2253311e-07
9.1700000e+06	2.8800000e+02	3.0285118e+12	1.2042256e-07
9.1800000e+06	2.8800000e+02	2.9763479e+12	1.1834837e-07
9.1900000e+06	2.8800000e+02	2.9250825e+12	1.1630991e-07
9.2000000e+06	2.8800000e+02	2.8747001e+12	1.1430656e-07
9.2100000e+06	2.8800000e+02	2.8251855e+12	1.1233771e-07
9.2200000e+06	2.8800000e+02	2.7765237e+12	1.1040278e-07
9.2300000e+06	2.8800000e+02	2.7287002e+12	1.0850117e-07
9.2400000e+06	2.8800000e+02	2.6817003e+12	1.0663232e-07
9.2500000e+06	2.8800000e+02	2.6355100e+12	1.0479565e-07
9.2600000e+06	2.8800000e+02	2.5901153e+12	1.0299062e-07
9.2700000e+06	2.8800000e+02	2.5455024e+12	1.0121669e-07
9.2800000e+06	2.8800000e+02	2.5016580e+12	9.9473304e-08
9.2900000e+06	2.8800000e+02	2.4585688e+12	9.7759950e-08
9.3000000e+06	2.8800000e+02	2.4162218e+12	9.6076106e-08
9.3100000e+06	2.8800000e+02	2.3746041e+12	9.4421266e-08
9.3200000e+06	2.8800000e+02	2.3337033e+12	9.2794929e-08
9.3300000e+06	2.8800000e+02	2.2935070e+12	9.1196605e-08
9.3400000e+06	2.8800000e+02	2.2540030e+12	8.9625810e-08
9.3500000e+06	2.8800000e+02	2.2151795e+12	8.8082071e-08
9.3600000e+06	2.8800000e+02	2.1770246e+12	8.6564923e-08
9.3700000e+06	2.8800000e+02	2.1395270e+12	8.5073905e-08
9.3800000e+06	2.8800000e+02	2.1026752e+12	8.3608570e-08
9.3900000e+06	2.8800000e+02	2.0664582e+12	8.2168474e-08
9.4000000e+06	2.8800000e+02	2.0308649e+12	8.0753182e-08
9.4100000e+06	2.8800000e+02	1.9958848e+12	7.9362268e-08
9.4200000e+06	2.8800000e+02	1.9615071e+12	7.7995311e-08
9.4300000e+06	2.8800000e+02	1.9277216e+12	7.6651899e-08
9.4400000e+06	2.8800000e+02	1.8945180e+12	7.5331627e-08
9.4500000e+06	2.8800000e+02	1.8618864e+12	7.4034095e-08
9.4600000e+06	2.8800000e+02	1.8298167e+12	7.2758912e-08
9.4700000e+06	2.8800000e+02	1.7982995e+12	7.1505693e-08
9.4800000e+06	2.8800000e+02	1.7673251e+12	7.0274060e-08
9.4900000e+06	2.8800000e+02	1.7368842e+12	6.9063641e-08
9.5000000e+06	2.8800000e+02	1.7069677e+12	6.7874071e-08
9.5100000e+06	2.8800000e+02	1.6775664e+12	6.6704990e-08
9.5200000e+06	2.8800000e+02	1.6486716e+12	6.5556045e-08
9.5300000e+06	2.8800000e+02	1.6202744e+12	6.4426891e-08
9.5400000e+06	2.8800000e+02	1.5923664e+12	6.3317185e-08
9.5500000e+06	2.8800000e+02	1.5649390e+12	6.2226593e-08
9.5600000e+06	2.8800000e+02	1.5379841e+12	6.1154786e-08
9.5700000e+06	2.8800000e+02	1.5114935e+12	6.0101439e-08
9.5800000e+06	2.8800000e+02	1.4854591e+12	5.9066236e-08
9.5900000e+06	2.8800000e+02	1.4598732e+12	5.8048864e-08
9.6000000e+06	2.8800000e+02	1.4347279e+12	5.7049015e-08
9.6100000e+06	2.8800000e+02	1.4100158e+12	5.6066387e-08
9.6200000e+06	2.8800000e+02	1.3857293e+12	5.5100685e-08
9.6300000e+06	2.8800000e+02	1.3618611e+12	5.4151616e-08
9.6400000e+06	2.8800000e+02	1.3384041e+12	5.3218895e-08
9.6500000e+06	2.8800000e+02	1.3153510e+12	5.2302238e-08
9.6600000e+06	2.8800000e+02	1.2926951e+12	5.1401371e-08
9.6700000e+06	2.8800000e+02	1.2704294e+12	5.0516020e-08
9.6800000e+06	2.8800000e+02	1.2485472e+12	4.9645918e-08
9.6900000e+06	2.8800000e+02	1.2270418e+12	4.8790804e-08
9.7000000e+06	2.8800000e+02	1.2059070e+12	4.7950418e-08
9.7100000e+06	2.8800000e+02	1.1851361e+12	4.7124508e-08
9.7200000e+06	2.8800000e+02	1.1647230e+12	4.6312823e-08
9.7300000e+06	2.8800000e+02	1.1446615e+12	4.5515118e-08
9.7400000e+06	2.8800000e+02	1.1249455e+12	4.4731154e-08
9.7500000e+06	2.8800000e+02	1.1055692e+12	4.3960693e-08
9.7600000e+06	2.8800000e+02	1.0865266e+12	4.3203502e-08
9.7700000e+06	2.8800000e+02	1.0678119e+12	4.2459353e-08
9.7800000e+06	2.8800000e+02	1.0494197e+12	4.1728022e-08
9.7900000e+06	2.8800000e+02	1.0313442e+12	4.1009288e-08
9.8000000e+06	2.8800000e+02	1.0135800e+12	4.0302933e-08
9.8100000e+06	2.8800000e+02	9.9612187e+11	3.9608745e-08
9.8200000e+06	2.8800000e+02	9.7896440e+11	3.8926513e-08
9.8300000e+06	2.8800000e+02	9.6210246e+11	3.8256032e-08
9.8400000e+06	2.8800000e+02	9.4553095e+11	3.7597100e-08
9.8500000e+06	2.8800000e+02	9.2924488e+11	3.6949518e-08
9.8600000e+06	2.8800000e+02	9.1323932e+11	3.6313090e-08
9.8700000e+06	2.8800000e+02	8.9750944e+11	3.5687623e-08
9.8800000e+06	2.8800000e+02	8.8205050e+11	3.5072930e-08
9.8900000e+06	2.8800000e+02	8.6685783e+11	3.4468825e-08
9.9000000e+06	2.8800000e+02	8.5192684e+11	3.3875125e-08
9.9100000e+06	2.8800000e+02	8.3725303e+11	3.3291651e-08
9.9200000e+06	2.8800000e+02	8.2283196e+11	3.2718226e-08
9.9300000e+06	2.8800000e+02	8.0865928e+11	3.2154679e-08
9.9400000e+06	2.8800000e+02	7.9473072e+11	3.1600838e-08
9.9500000e+06	2.8800000e+02	7.8104207e+11	3.1056537e-08
9.9600000e+06	2.8800000e+02	7.6758919e+11	3.0521611e-08
9.9700000e+06	2.8800000e+02	7.5436804e+11	2.9995899e-08
9.9800000e+06	2.8800000e+02	7.4137460e+11	2.9479241e-08
9.9900000e+06	2.8800000e+02	7.2860497e+11	2.8971483e-08
