# Formed from form_atmospheric_profiles_paper_model.py
# Z (cm)	T (K)	DEN (cm**-3)	P (bar)
0.0000000e+00	2.8800000e+02	2.5149039e+19	1.0000000e+00
1.0000000e+04	2.8800000e+02	2.4862103e+19	9.8859058e-01
2.0000000e+04	2.8800000e+02	2.4578441e+19	9.7731134e-01
3.0000000e+04	2.8800000e+02	2.4298016e+19	9.6616079e-01
4.0000000e+04	2.8800000e+02	2.4020789e+19	9.5513745e-01
5.0000000e+04	2.8800000e+02	2.3746726e+19	9.4423989e-01
6.0000000e+04	2.8800000e+02	2.3475790e+19	9.3346667e-01
7.0000000e+04	2.8800000e+02	2.3207945e+19	9.2281635e-01
8.0000000e+04	2.8800000e+02	2.2943156e+19	9.1228756e-01
9.0000000e+04	2.8800000e+02	2.2681388e+19	9.0187889e-01
1.0000000e+05	2.8800000e+02	2.2422606e+19	8.9158898e-01
1.1000000e+05	2.8800000e+02	2.2166777e+19	8.8141646e-01
1.2000000e+05	2.8800000e+02	2.1913867e+19	8.7136002e-01
1.3000000e+05	2.8800000e+02	2.1663843e+19	8.6141831e-01
1.4000000e+05	2.8800000e+02	2.1416671e+19	8.5159002e-01
1.5000000e+05	2.8800000e+02	2.1172319e+19	8.4187388e-01
1.6000000e+05	2.8800000e+02	2.0930755e+19	8.3226859e-01
1.7000000e+05	2.8800000e+02	2.0691948e+19	8.2277289e-01
1.8000000e+05	2.8800000e+02	2.0455865e+19	8.1338553e-01
1.9000000e+05	2.8800000e+02	2.0222475e+19	8.0410527e-01
2.0000000e+05	2.8800000e+02	1.9991748e+19	7.9493090e-01
2.1000000e+05	2.8800000e+02	1.9763654e+19	7.8586120e-01
2.2000000e+05	2.8800000e+02	1.9538162e+19	7.7689498e-01
2.3000000e+05	2.8800000e+02	1.9315243e+19	7.6803106e-01
2.4000000e+05	2.8800000e+02	1.9094868e+19	7.5926828e-01
2.5000000e+05	2.8800000e+02	1.8877006e+19	7.5060547e-01
2.6000000e+05	2.8800000e+02	1.8661631e+19	7.4204150e-01
2.7000000e+05	2.8800000e+02	1.8448712e+19	7.3357524e-01
2.8000000e+05	2.8800000e+02	1.8238223e+19	7.2520557e-01
2.9000000e+05	2.8800000e+02	1.8030136e+19	7.1693140e-01
3.0000000e+05	2.8800000e+02	1.7824422e+19	7.0875163e-01
3.1000000e+05	2.8800000e+02	1.7621056e+19	7.0066518e-01
3.2000000e+05	2.8800000e+02	1.7420010e+19	6.9267100e-01
3.3000000e+05	2.8800000e+02	1.7221258e+19	6.8476803e-01
3.4000000e+05	2.8800000e+02	1.7024774e+19	6.7695522e-01
3.5000000e+05	2.8800000e+02	1.6830531e+19	6.6923156e-01
3.6000000e+05	2.8800000e+02	1.6638504e+19	6.6159602e-01
3.7000000e+05	2.8800000e+02	1.6448669e+19	6.5404759e-01
3.8000000e+05	2.8800000e+02	1.6260999e+19	6.4658529e-01
3.9000000e+05	2.8800000e+02	1.6075470e+19	6.3920813e-01
4.0000000e+05	2.8800000e+02	1.5892059e+19	6.3191514e-01
4.1000000e+05	2.8800000e+02	1.5710739e+19	6.2470535e-01
4.2000000e+05	2.8800000e+02	1.5531489e+19	6.1757783e-01
4.3000000e+05	2.8800000e+02	1.5354284e+19	6.1053163e-01
4.4000000e+05	2.8800000e+02	1.5179100e+19	6.0356582e-01
4.5000000e+05	2.8800000e+02	1.5005916e+19	5.9667948e-01
4.6000000e+05	2.8800000e+02	1.4834707e+19	5.8987172e-01
4.7000000e+05	2.8800000e+02	1.4665452e+19	5.8314162e-01
4.8000000e+05	2.8800000e+02	1.4498127e+19	5.7648832e-01
4.9000000e+05	2.8800000e+02	1.4332712e+19	5.6991092e-01
5.0000000e+05	2.8800000e+02	1.4169184e+19	5.6340857e-01
5.1000000e+05	2.8800000e+02	1.4007522e+19	5.5698041e-01
5.2000000e+05	2.8800000e+02	1.3847704e+19	5.5062558e-01
5.3000000e+05	2.8800000e+02	1.3689710e+19	5.4434327e-01
5.4000000e+05	2.8800000e+02	1.3533519e+19	5.3813263e-01
5.5000000e+05	2.8800000e+02	1.3379109e+19	5.3199285e-01
5.6000000e+05	2.8800000e+02	1.3226461e+19	5.2592312e-01
5.7000000e+05	2.8800000e+02	1.3075555e+19	5.1992264e-01
5.8000000e+05	2.8800000e+02	1.2926370e+19	5.1399063e-01
5.9000000e+05	2.8800000e+02	1.2778888e+19	5.0812629e-01
6.0000000e+05	2.8800000e+02	1.2633088e+19	5.0232887e-01
6.1000000e+05	2.8800000e+02	1.2488952e+19	4.9659759e-01
6.2000000e+05	2.8800000e+02	1.2346461e+19	4.9093170e-01
6.3000000e+05	2.8800000e+02	1.2205595e+19	4.8533045e-01
6.4000000e+05	2.8800000e+02	1.2066336e+19	4.7979312e-01
6.5000000e+05	2.8800000e+02	1.1928666e+19	4.7431896e-01
6.6000000e+05	2.8800000e+02	1.1792567e+19	4.6890725e-01
6.7000000e+05	2.8800000e+02	1.1658021e+19	4.6355730e-01
6.8000000e+05	2.8800000e+02	1.1525009e+19	4.5826838e-01
6.9000000e+05	2.8800000e+02	1.1393516e+19	4.5303980e-01
7.0000000e+05	2.8800000e+02	1.1263522e+19	4.4787088e-01
7.1000000e+05	2.8800000e+02	1.1135012e+19	4.4276094e-01
7.2000000e+05	2.8800000e+02	1.1007968e+19	4.3770929e-01
7.3000000e+05	2.8800000e+02	1.0882374e+19	4.3271528e-01
7.4000000e+05	2.8800000e+02	1.0758212e+19	4.2777825e-01
7.5000000e+05	2.8800000e+02	1.0635467e+19	4.2289755e-01
7.6000000e+05	2.8800000e+02	1.0514123e+19	4.1807254e-01
7.7000000e+05	2.8800000e+02	1.0394163e+19	4.1330257e-01
7.8000000e+05	2.8800000e+02	1.0275571e+19	4.0858703e-01
7.9000000e+05	2.8800000e+02	1.0158333e+19	4.0392529e-01
8.0000000e+05	2.8800000e+02	1.0042432e+19	3.9931674e-01
8.1000000e+05	2.8800000e+02	9.9278541e+18	3.9476077e-01
8.2000000e+05	2.8800000e+02	9.8145830e+18	3.9025678e-01
8.3000000e+05	2.8800000e+02	9.7026044e+18	3.8580418e-01
8.4000000e+05	2.8800000e+02	9.5919033e+18	3.8140237e-01
8.5000000e+05	2.8800000e+02	9.4824653e+18	3.7705080e-01
8.6000000e+05	2.8800000e+02	9.3742759e+18	3.7274887e-01
8.7000000e+05	2.8800000e+02	9.2673208e+18	3.6849602e-01
8.8000000e+05	2.8800000e+02	9.1615861e+18	3.6429169e-01
8.9000000e+05	2.8800000e+02	9.0570577e+18	3.6013534e-01
9.0000000e+05	2.8800000e+02	8.9537220e+18	3.5602640e-01
9.1000000e+05	2.8800000e+02	8.8515652e+18	3.5196435e-01
9.2000000e+05	2.8800000e+02	8.7505740e+18	3.4794864e-01
9.3000000e+05	2.8800000e+02	8.6507351e+18	3.4397875e-01
9.4000000e+05	2.8800000e+02	8.5520352e+18	3.4005415e-01
9.5000000e+05	2.8800000e+02	8.4544615e+18	3.3617433e-01
9.6000000e+05	2.8800000e+02	8.3580010e+18	3.3233878e-01
9.7000000e+05	2.8800000e+02	8.2626411e+18	3.2854699e-01
9.8000000e+05	2.8800000e+02	8.1683692e+18	3.2479846e-01
9.9000000e+05	2.8800000e+02	8.0751728e+18	3.2109270e-01
1.0000000e+06	2.8800000e+02	7.9830398e+18	3.1742922e-01
1.0100000e+06	2.8800000e+02	7.8919580e+18	3.1380753e-01
1.0200000e+06	2.8800000e+02	7.8019153e+18	3.1022717e-01
1.0300000e+06	2.8800000e+02	7.7129000e+18	3.0668766e-01
1.0400000e+06	2.8800000e+02	7.6249003e+18	3.0318853e-01
1.0500000e+06	2.8800000e+02	7.5379046e+18	2.9972933e-01
1.0600000e+06	2.8800000e+02	7.4519015e+18	2.9630959e-01
1.0700000e+06	2.8800000e+02	7.3668797e+18	2.9292887e-01
1.0800000e+06	2.8800000e+02	7.2828279e+18	2.8958672e-01
1.0900000e+06	2.8800000e+02	7.1997351e+18	2.8628271e-01
1.1000000e+06	2.8800000e+02	7.1175903e+18	2.8301639e-01
1.1100000e+06	2.8800000e+02	7.0363827e+18	2.7978734e-01
1.1200000e+06	2.8800000e+02	6.9561017e+18	2.7659513e-01
1.1300000e+06	2.8800000e+02	6.8767366e+18	2.7343934e-01
1.1400000e+06	2.8800000e+02	6.7982771e+18	2.7031955e-01
1.1500000e+06	2.8800000e+02	6.7207127e+18	2.6723536e-01
1.1600000e+06	2.8800000e+02	6.6440333e+18	2.6418636e-01
1.1700000e+06	2.8800000e+02	6.5682287e+18	2.6117215e-01
1.1800000e+06	2.8800000e+02	6.4932890e+18	2.5819233e-01
1.1900000e+06	2.8800000e+02	6.4192044e+18	2.5524651e-01
1.2000000e+06	2.8800000e+02	6.3459650e+18	2.5233429e-01
1.2100000e+06	2.8800000e+02	6.2735613e+18	2.4945530e-01
1.2200000e+06	2.8800000e+02	6.2019836e+18	2.4660917e-01
1.2300000e+06	2.8800000e+02	6.1312226e+18	2.4379550e-01
1.2400000e+06	2.8800000e+02	6.0612689e+18	2.4101393e-01
1.2500000e+06	2.8800000e+02	5.9921133e+18	2.3826411e-01
1.2600000e+06	2.8800000e+02	5.9237468e+18	2.3554565e-01
1.2700000e+06	2.8800000e+02	5.8561603e+18	2.3285821e-01
1.2800000e+06	2.8800000e+02	5.7893449e+18	2.3020144e-01
1.2900000e+06	2.8800000e+02	5.7232919e+18	2.2757497e-01
1.3000000e+06	2.8800000e+02	5.6579924e+18	2.2497847e-01
1.3100000e+06	2.8800000e+02	5.5934380e+18	2.2241160e-01
1.3200000e+06	2.8800000e+02	5.5296202e+18	2.1987401e-01
1.3300000e+06	2.8800000e+02	5.4665304e+18	2.1736538e-01
1.3400000e+06	2.8800000e+02	5.4041605e+18	2.1488537e-01
1.3500000e+06	2.8800000e+02	5.3425022e+18	2.1243365e-01
1.3600000e+06	2.8800000e+02	5.2815473e+18	2.1000991e-01
1.3700000e+06	2.8800000e+02	5.2212880e+18	2.0761381e-01
1.3800000e+06	2.8800000e+02	5.1617161e+18	2.0524506e-01
1.3900000e+06	2.8800000e+02	5.1028239e+18	2.0290334e-01
1.4000000e+06	2.8800000e+02	5.0446037e+18	2.0058833e-01
1.4100000e+06	2.8800000e+02	4.9870477e+18	1.9829973e-01
1.4200000e+06	2.8800000e+02	4.9301484e+18	1.9603725e-01
1.4300000e+06	2.8800000e+02	4.8738983e+18	1.9380057e-01
1.4400000e+06	2.8800000e+02	4.8182899e+18	1.9158942e-01
1.4500000e+06	2.8800000e+02	4.7633160e+18	1.8940350e-01
1.4600000e+06	2.8800000e+02	4.7089694e+18	1.8724252e-01
1.4700000e+06	2.8800000e+02	4.6552428e+18	1.8510619e-01
1.4800000e+06	2.8800000e+02	4.6021292e+18	1.8299423e-01
1.4900000e+06	2.8800000e+02	4.5496216e+18	1.8090638e-01
1.5000000e+06	2.8800000e+02	4.4977130e+18	1.7884234e-01
1.5100000e+06	2.8800000e+02	4.4463967e+18	1.7680185e-01
1.5200000e+06	2.8800000e+02	4.3956659e+18	1.7478465e-01
1.5300000e+06	2.8800000e+02	4.3455140e+18	1.7279046e-01
1.5400000e+06	2.8800000e+02	4.2959342e+18	1.7081902e-01
1.5500000e+06	2.8800000e+02	4.2469201e+18	1.6887007e-01
1.5600000e+06	2.8800000e+02	4.1984652e+18	1.6694336e-01
1.5700000e+06	2.8800000e+02	4.1505631e+18	1.6503864e-01
1.5800000e+06	2.8800000e+02	4.1032076e+18	1.6315564e-01
1.5900000e+06	2.8800000e+02	4.0563924e+18	1.6129413e-01
1.6000000e+06	2.8800000e+02	4.0101114e+18	1.5945386e-01
1.6100000e+06	2.8800000e+02	3.9643583e+18	1.5763458e-01
1.6200000e+06	2.8800000e+02	3.9191273e+18	1.5583606e-01
1.6300000e+06	2.8800000e+02	3.8744123e+18	1.5405807e-01
1.6400000e+06	2.8800000e+02	3.8302075e+18	1.5230035e-01
1.6500000e+06	2.8800000e+02	3.7865071e+18	1.5056269e-01
1.6600000e+06	2.8800000e+02	3.7433053e+18	1.4884486e-01
1.6700000e+06	2.8800000e+02	3.7005963e+18	1.4714663e-01
1.6800000e+06	2.8800000e+02	3.6583747e+18	1.4546777e-01
1.6900000e+06	2.8800000e+02	3.6166348e+18	1.4380807e-01
1.7000000e+06	2.8800000e+02	3.5753711e+18	1.4216730e-01
1.7100000e+06	2.8800000e+02	3.5345782e+18	1.4054526e-01
1.7200000e+06	2.8800000e+02	3.4942507e+18	1.3894172e-01
1.7300000e+06	2.8800000e+02	3.4543833e+18	1.3735647e-01
1.7400000e+06	2.8800000e+02	3.4149708e+18	1.3578932e-01
1.7500000e+06	2.8800000e+02	3.3760080e+18	1.3424004e-01
1.7600000e+06	2.8800000e+02	3.3374897e+18	1.3270844e-01
1.7700000e+06	2.8800000e+02	3.2994109e+18	1.3119431e-01
1.7800000e+06	2.8800000e+02	3.2617665e+18	1.2969746e-01
1.7900000e+06	2.8800000e+02	3.2245517e+18	1.2821769e-01
1.8000000e+06	2.8800000e+02	3.1877614e+18	1.2675480e-01
1.8100000e+06	2.8800000e+02	3.1513909e+18	1.2530860e-01
1.8200000e+06	2.8800000e+02	3.1154354e+18	1.2387890e-01
1.8300000e+06	2.8800000e+02	3.0798901e+18	1.2246552e-01
1.8400000e+06	2.8800000e+02	3.0447503e+18	1.2106826e-01
1.8500000e+06	2.8800000e+02	3.0100115e+18	1.1968694e-01
1.8600000e+06	2.8800000e+02	2.9756690e+18	1.1832138e-01
1.8700000e+06	2.8800000e+02	2.9417184e+18	1.1697140e-01
1.8800000e+06	2.8800000e+02	2.9081551e+18	1.1563683e-01
1.8900000e+06	2.8800000e+02	2.8749747e+18	1.1431748e-01
1.9000000e+06	2.8800000e+02	2.8421729e+18	1.1301318e-01
1.9100000e+06	2.8800000e+02	2.8097454e+18	1.1172377e-01
1.9200000e+06	2.8800000e+02	2.7776878e+18	1.1044906e-01
1.9300000e+06	2.8800000e+02	2.7459960e+18	1.0918890e-01
1.9400000e+06	2.8800000e+02	2.7146658e+18	1.0794312e-01
1.9500000e+06	2.8800000e+02	2.6836931e+18	1.0671155e-01
1.9600000e+06	2.8800000e+02	2.6530737e+18	1.0549404e-01
1.9700000e+06	2.8800000e+02	2.6228037e+18	1.0429041e-01
1.9800000e+06	2.8800000e+02	2.5928790e+18	1.0310052e-01
1.9900000e+06	2.8800000e+02	2.5632958e+18	1.0192420e-01
2.0000000e+06	2.8800000e+02	2.5340501e+18	1.0076131e-01
2.0100000e+06	2.8800000e+02	2.5051380e+18	9.9611679e-02
2.0200000e+06	2.8800000e+02	2.4765559e+18	9.8475168e-02
2.0300000e+06	2.8800000e+02	2.4482998e+18	9.7351624e-02
2.0400000e+06	2.8800000e+02	2.4203661e+18	9.6240898e-02
2.0500000e+06	2.8800000e+02	2.3927512e+18	9.5142846e-02
2.0600000e+06	2.8800000e+02	2.3654513e+18	9.4057321e-02
2.0700000e+06	2.8800000e+02	2.3384628e+18	9.2984182e-02
2.0800000e+06	2.8800000e+02	2.3117823e+18	9.1923287e-02
2.0900000e+06	2.8800000e+02	2.2854063e+18	9.0874495e-02
2.1000000e+06	2.8800000e+02	2.2593311e+18	8.9837670e-02
2.1100000e+06	2.8800000e+02	2.2335534e+18	8.8812675e-02
2.1200000e+06	2.8800000e+02	2.2080699e+18	8.7799374e-02
2.1300000e+06	2.8800000e+02	2.1828771e+18	8.6797634e-02
2.1400000e+06	2.8800000e+02	2.1579718e+18	8.5807324e-02
2.1500000e+06	2.8800000e+02	2.1333506e+18	8.4828312e-02
2.1600000e+06	2.8800000e+02	2.1090103e+18	8.3860471e-02
2.1700000e+06	2.8800000e+02	2.0849477e+18	8.2903671e-02
2.1800000e+06	2.8800000e+02	2.0611596e+18	8.1957789e-02
2.1900000e+06	2.8800000e+02	2.0376430e+18	8.1022698e-02
2.2000000e+06	2.8800000e+02	2.0143947e+18	8.0098276e-02
2.2100000e+06	2.8800000e+02	1.9914116e+18	7.9184402e-02
2.2200000e+06	2.8800000e+02	1.9686908e+18	7.8280954e-02
2.2300000e+06	2.8800000e+02	1.9462292e+18	7.7387814e-02
2.2400000e+06	2.8800000e+02	1.9240238e+18	7.6504864e-02
2.2500000e+06	2.8800000e+02	1.9020718e+18	7.5631988e-02
2.2600000e+06	2.8800000e+02	1.8803703e+18	7.4769071e-02
2.2700000e+06	2.8800000e+02	1.8589164e+18	7.3916000e-02
2.2800000e+06	2.8800000e+02	1.8377072e+18	7.3072661e-02
2.2900000e+06	2.8800000e+02	1.8167401e+18	7.2238945e-02
2.3000000e+06	2.8800000e+02	1.7960121e+18	7.1414740e-02
2.3100000e+06	2.8800000e+02	1.7755207e+18	7.0599940e-02
2.3200000e+06	2.8800000e+02	1.7552630e+18	6.9794435e-02
2.3300000e+06	2.8800000e+02	1.7352365e+18	6.8998122e-02
2.3400000e+06	2.8800000e+02	1.7154384e+18	6.8210893e-02
2.3500000e+06	2.8800000e+02	1.6958663e+18	6.7432647e-02
2.3600000e+06	2.8800000e+02	1.6765174e+18	6.6663279e-02
2.3700000e+06	2.8800000e+02	1.6573893e+18	6.5902690e-02
2.3800000e+06	2.8800000e+02	1.6384795e+18	6.5150779e-02
2.3900000e+06	2.8800000e+02	1.6197854e+18	6.4407446e-02
2.4000000e+06	2.8800000e+02	1.6013046e+18	6.3672595e-02
2.4100000e+06	2.8800000e+02	1.5830346e+18	6.2946128e-02
2.4200000e+06	2.8800000e+02	1.5649731e+18	6.2227949e-02
2.4300000e+06	2.8800000e+02	1.5471177e+18	6.1517965e-02
2.4400000e+06	2.8800000e+02	1.5294660e+18	6.0816080e-02
2.4500000e+06	2.8800000e+02	1.5120157e+18	6.0122204e-02
2.4600000e+06	2.8800000e+02	1.4947645e+18	5.9436245e-02
2.4700000e+06	2.8800000e+02	1.4777101e+18	5.8758112e-02
2.4800000e+06	2.8800000e+02	1.4608503e+18	5.8087716e-02
2.4900000e+06	2.8800000e+02	1.4441828e+18	5.7424969e-02
2.5000000e+06	2.8800000e+02	1.4277055e+18	5.6769784e-02
2.5100000e+06	2.8800000e+02	1.4114162e+18	5.6122074e-02
2.5200000e+06	2.8800000e+02	1.3953128e+18	5.5481753e-02
2.5300000e+06	2.8800000e+02	1.3793931e+18	5.4848739e-02
2.5400000e+06	2.8800000e+02	1.3636550e+18	5.4222947e-02
2.5500000e+06	2.8800000e+02	1.3480965e+18	5.3604295e-02
2.5600000e+06	2.8800000e+02	1.3327155e+18	5.2992701e-02
2.5700000e+06	2.8800000e+02	1.3175100e+18	5.2388085e-02
2.5800000e+06	2.8800000e+02	1.3024780e+18	5.1790367e-02
2.5900000e+06	2.8800000e+02	1.2876175e+18	5.1199469e-02
2.6000000e+06	2.8800000e+02	1.2729265e+18	5.0615313e-02
2.6100000e+06	2.8800000e+02	1.2584032e+18	5.0037822e-02
2.6200000e+06	2.8800000e+02	1.2440455e+18	4.9466920e-02
2.6300000e+06	2.8800000e+02	1.2298517e+18	4.8902531e-02
2.6400000e+06	2.8800000e+02	1.2158198e+18	4.8344582e-02
2.6500000e+06	2.8800000e+02	1.2019480e+18	4.7792998e-02
2.6600000e+06	2.8800000e+02	1.1882345e+18	4.7247708e-02
2.6700000e+06	2.8800000e+02	1.1746774e+18	4.6708639e-02
2.6800000e+06	2.8800000e+02	1.1612750e+18	4.6175721e-02
2.6900000e+06	2.8800000e+02	1.1480255e+18	4.5648882e-02
2.7000000e+06	2.8800000e+02	1.1349272e+18	4.5128055e-02
2.7100000e+06	2.8800000e+02	1.1219784e+18	4.4613170e-02
2.7200000e+06	2.8800000e+02	1.1091773e+18	4.4104160e-02
2.7300000e+06	2.8800000e+02	1.0965222e+18	4.3600957e-02
2.7400000e+06	2.8800000e+02	1.0840115e+18	4.3103496e-02
2.7500000e+06	2.8800000e+02	1.0716436e+18	4.2611710e-02
2.7600000e+06	2.8800000e+02	1.0594167e+18	4.2125535e-02
2.7700000e+06	2.8800000e+02	1.0473294e+18	4.1644908e-02
2.7800000e+06	2.8800000e+02	1.0353800e+18	4.1169763e-02
2.7900000e+06	2.8800000e+02	1.0235669e+18	4.0700040e-02
2.8000000e+06	2.8800000e+02	1.0118886e+18	4.0235677e-02
2.8100000e+06	2.8800000e+02	1.0003435e+18	3.9776611e-02
2.8200000e+06	2.8800000e+02	9.8893021e+17	3.9322783e-02
2.8300000e+06	2.8800000e+02	9.7764710e+17	3.8874133e-02
2.8400000e+06	2.8800000e+02	9.6649271e+17	3.8430602e-02
2.8500000e+06	2.8800000e+02	9.5546559e+17	3.7992131e-02
2.8600000e+06	2.8800000e+02	9.4456429e+17	3.7558663e-02
2.8700000e+06	2.8800000e+02	9.3378736e+17	3.7130140e-02
2.8800000e+06	2.8800000e+02	9.2313339e+17	3.6706507e-02
2.8900000e+06	2.8800000e+02	9.1260097e+17	3.6287707e-02
2.9000000e+06	2.8800000e+02	9.0218873e+17	3.5873686e-02
2.9100000e+06	2.8800000e+02	8.9189528e+17	3.5464388e-02
2.9200000e+06	2.8800000e+02	8.8171927e+17	3.5059760e-02
2.9300000e+06	2.8800000e+02	8.7165937e+17	3.4659748e-02
2.9400000e+06	2.8800000e+02	8.6171425e+17	3.4264301e-02
2.9500000e+06	2.8800000e+02	8.5188259e+17	3.3873365e-02
2.9600000e+06	2.8800000e+02	8.4216310e+17	3.3486890e-02
2.9700000e+06	2.8800000e+02	8.3255451e+17	3.3104824e-02
2.9800000e+06	2.8800000e+02	8.2305555e+17	3.2727117e-02
2.9900000e+06	2.8800000e+02	8.1366497e+17	3.2353720e-02
3.0000000e+06	2.8800000e+02	8.0438152e+17	3.1984583e-02
3.0100000e+06	2.8800000e+02	7.9520400e+17	3.1619657e-02
3.0200000e+06	2.8800000e+02	7.8613118e+17	3.1258895e-02
3.0300000e+06	2.8800000e+02	7.7716189e+17	3.0902250e-02
3.0400000e+06	2.8800000e+02	7.6829492e+17	3.0549673e-02
3.0500000e+06	2.8800000e+02	7.5952912e+17	3.0201119e-02
3.0600000e+06	2.8800000e+02	7.5086334e+17	2.9856542e-02
3.0700000e+06	2.8800000e+02	7.4229643e+17	2.9515896e-02
3.0800000e+06	2.8800000e+02	7.3382726e+17	2.9179137e-02
3.0900000e+06	2.8800000e+02	7.2545471e+17	2.8846220e-02
3.1000000e+06	2.8800000e+02	7.1717770e+17	2.8517101e-02
3.1100000e+06	2.8800000e+02	7.0899512e+17	2.8191738e-02
3.1200000e+06	2.8800000e+02	7.0090590e+17	2.7870086e-02
3.1300000e+06	2.8800000e+02	6.9290897e+17	2.7552105e-02
3.1400000e+06	2.8800000e+02	6.8500328e+17	2.7237752e-02
3.1500000e+06	2.8800000e+02	6.7718779e+17	2.6926985e-02
3.1600000e+06	2.8800000e+02	6.6946147e+17	2.6619763e-02
3.1700000e+06	2.8800000e+02	6.6182331e+17	2.6316047e-02
3.1800000e+06	2.8800000e+02	6.5427229e+17	2.6015797e-02
3.1900000e+06	2.8800000e+02	6.4680742e+17	2.5718972e-02
3.2000000e+06	2.8800000e+02	6.3942773e+17	2.5425533e-02
3.2100000e+06	2.8800000e+02	6.3213223e+17	2.5135443e-02
3.2200000e+06	2.8800000e+02	6.2491997e+17	2.4848662e-02
3.2300000e+06	2.8800000e+02	6.1779000e+17	2.4565153e-02
3.2400000e+06	2.8800000e+02	6.1074137e+17	2.4284879e-02
3.2500000e+06	2.8800000e+02	6.0377317e+17	2.4007803e-02
3.2600000e+06	2.8800000e+02	5.9688447e+17	2.3733888e-02
3.2700000e+06	2.8800000e+02	5.9007437e+17	2.3463098e-02
3.2800000e+06	2.8800000e+02	5.8334196e+17	2.3195397e-02
3.2900000e+06	2.8800000e+02	5.7668637e+17	2.2930751e-02
3.3000000e+06	2.8800000e+02	5.7010671e+17	2.2669125e-02
3.3100000e+06	2.8800000e+02	5.6360213e+17	2.2410483e-02
3.3200000e+06	2.8800000e+02	5.5717176e+17	2.2154793e-02
3.3300000e+06	2.8800000e+02	5.5081475e+17	2.1902020e-02
3.3400000e+06	2.8800000e+02	5.4453028e+17	2.1652130e-02
3.3500000e+06	2.8800000e+02	5.3831750e+17	2.1405092e-02
3.3600000e+06	2.8800000e+02	5.3217561e+17	2.1160873e-02
3.3700000e+06	2.8800000e+02	5.2610380e+17	2.0919439e-02
3.3800000e+06	2.8800000e+02	5.2010126e+17	2.0680761e-02
3.3900000e+06	2.8800000e+02	5.1416721e+17	2.0444805e-02
3.4000000e+06	2.8800000e+02	5.0830086e+17	2.0211542e-02
3.4100000e+06	2.8800000e+02	5.0250144e+17	1.9980940e-02
3.4200000e+06	2.8800000e+02	4.9676819e+17	1.9752969e-02
3.4300000e+06	2.8800000e+02	4.9110036e+17	1.9527599e-02
3.4400000e+06	2.8800000e+02	4.8549719e+17	1.9304801e-02
3.4500000e+06	2.8800000e+02	4.7995795e+17	1.9084544e-02
3.4600000e+06	2.8800000e+02	4.7448191e+17	1.8866801e-02
3.4700000e+06	2.8800000e+02	4.6906835e+17	1.8651541e-02
3.4800000e+06	2.8800000e+02	4.6371655e+17	1.8438738e-02
3.4900000e+06	2.8800000e+02	4.5842581e+17	1.8228363e-02
3.5000000e+06	2.8800000e+02	4.5319544e+17	1.8020388e-02
3.5100000e+06	2.8800000e+02	4.4802475e+17	1.7814786e-02
3.5200000e+06	2.8800000e+02	4.4291305e+17	1.7611529e-02
3.5300000e+06	2.8800000e+02	4.3785967e+17	1.7410592e-02
3.5400000e+06	2.8800000e+02	4.3286394e+17	1.7211947e-02
3.5500000e+06	2.8800000e+02	4.2792522e+17	1.7015569e-02
3.5600000e+06	2.8800000e+02	4.2304284e+17	1.6821431e-02
3.5700000e+06	2.8800000e+02	4.1821617e+17	1.6629509e-02
3.5800000e+06	2.8800000e+02	4.1344456e+17	1.6439776e-02
3.5900000e+06	2.8800000e+02	4.0872740e+17	1.6252207e-02
3.6000000e+06	2.8800000e+02	4.0406406e+17	1.6066779e-02
3.6100000e+06	2.8800000e+02	3.9945393e+17	1.5883467e-02
3.6200000e+06	2.8800000e+02	3.9489639e+17	1.5702246e-02
3.6300000e+06	2.8800000e+02	3.9039085e+17	1.5523092e-02
3.6400000e+06	2.8800000e+02	3.8593672e+17	1.5345983e-02
3.6500000e+06	2.8800000e+02	3.8153341e+17	1.5170894e-02
3.6600000e+06	2.8800000e+02	3.7718033e+17	1.4997803e-02
3.6700000e+06	2.8800000e+02	3.7287692e+17	1.4826687e-02
3.6800000e+06	2.8800000e+02	3.6862262e+17	1.4657523e-02
3.6900000e+06	2.8800000e+02	3.6441685e+17	1.4490289e-02
3.7000000e+06	2.8800000e+02	3.6025906e+17	1.4324963e-02
3.7100000e+06	2.8800000e+02	3.5614872e+17	1.4161524e-02
3.7200000e+06	2.8800000e+02	3.5208527e+17	1.3999949e-02
3.7300000e+06	2.8800000e+02	3.4806818e+17	1.3840218e-02
3.7400000e+06	2.8800000e+02	3.4409692e+17	1.3682309e-02
3.7500000e+06	2.8800000e+02	3.4017098e+17	1.3526202e-02
3.7600000e+06	2.8800000e+02	3.3628983e+17	1.3371876e-02
3.7700000e+06	2.8800000e+02	3.3245295e+17	1.3219310e-02
3.7800000e+06	2.8800000e+02	3.2865986e+17	1.3068486e-02
3.7900000e+06	2.8800000e+02	3.2491004e+17	1.2919382e-02
3.8000000e+06	2.8800000e+02	3.2120301e+17	1.2771979e-02
3.8100000e+06	2.8800000e+02	3.1753827e+17	1.2626258e-02
3.8200000e+06	2.8800000e+02	3.1391534e+17	1.2482200e-02
3.8300000e+06	2.8800000e+02	3.1033375e+17	1.2339786e-02
3.8400000e+06	2.8800000e+02	3.0679302e+17	1.2198996e-02
3.8500000e+06	2.8800000e+02	3.0329269e+17	1.2059812e-02
3.8600000e+06	2.8800000e+02	2.9983230e+17	1.1922217e-02
3.8700000e+06	2.8800000e+02	2.9641139e+17	1.1786191e-02
3.8800000e+06	2.8800000e+02	2.9302951e+17	1.1651718e-02
3.8900000e+06	2.8800000e+02	2.8968621e+17	1.1518778e-02
3.9000000e+06	2.8800000e+02	2.8638106e+17	1.1387356e-02
3.9100000e+06	2.8800000e+02	2.8311362e+17	1.1257433e-02
3.9200000e+06	2.8800000e+02	2.7988346e+17	1.1128992e-02
3.9300000e+06	2.8800000e+02	2.7669015e+17	1.1002017e-02
3.9400000e+06	2.8800000e+02	2.7353328e+17	1.0876490e-02
3.9500000e+06	2.8800000e+02	2.7041242e+17	1.0752396e-02
3.9600000e+06	2.8800000e+02	2.6732717e+17	1.0629717e-02
3.9700000e+06	2.8800000e+02	2.6427713e+17	1.0508438e-02
3.9800000e+06	2.8800000e+02	2.6126188e+17	1.0388543e-02
3.9900000e+06	2.8800000e+02	2.5828103e+17	1.0270016e-02
4.0000000e+06	2.8800000e+02	2.5533420e+17	1.0152841e-02
4.0100000e+06	2.8800000e+02	2.5242098e+17	1.0037003e-02
4.0200000e+06	2.8800000e+02	2.4954101e+17	9.9224866e-03
4.0300000e+06	2.8800000e+02	2.4669389e+17	9.8092768e-03
4.0400000e+06	2.8800000e+02	2.4387925e+17	9.6973587e-03
4.0500000e+06	2.8800000e+02	2.4109673e+17	9.5867175e-03
4.0600000e+06	2.8800000e+02	2.3834596e+17	9.4773386e-03
4.0700000e+06	2.8800000e+02	2.3562657e+17	9.3692077e-03
4.0800000e+06	2.8800000e+02	2.3293821e+17	9.2623105e-03
4.0900000e+06	2.8800000e+02	2.3028052e+17	9.1566329e-03
4.1000000e+06	2.8800000e+02	2.2765315e+17	9.0521611e-03
4.1100000e+06	2.8800000e+02	2.2505576e+17	8.9488812e-03
4.1200000e+06	2.8800000e+02	2.2248801e+17	8.8467797e-03
4.1300000e+06	2.8800000e+02	2.1994955e+17	8.7458431e-03
4.1400000e+06	2.8800000e+02	2.1744005e+17	8.6460581e-03
4.1500000e+06	2.8800000e+02	2.1495919e+17	8.5474116e-03
4.1600000e+06	2.8800000e+02	2.1250663e+17	8.4498906e-03
4.1700000e+06	2.8800000e+02	2.1008205e+17	8.3534823e-03
4.1800000e+06	2.8800000e+02	2.0768514e+17	8.2581739e-03
4.1900000e+06	2.8800000e+02	2.0531557e+17	8.1639530e-03
4.2000000e+06	2.8800000e+02	2.0297304e+17	8.0708070e-03
4.2100000e+06	2.8800000e+02	2.0065724e+17	7.9787238e-03
4.2200000e+06	2.8800000e+02	1.9836786e+17	7.8876912e-03
4.2300000e+06	2.8800000e+02	1.9610459e+17	7.7976973e-03
4.2400000e+06	2.8800000e+02	1.9386716e+17	7.7087301e-03
4.2500000e+06	2.8800000e+02	1.9165524e+17	7.6207780e-03
4.2600000e+06	2.8800000e+02	1.8946857e+17	7.5338293e-03
4.2700000e+06	2.8800000e+02	1.8730684e+17	7.4478727e-03
4.2800000e+06	2.8800000e+02	1.8516978e+17	7.3628968e-03
4.2900000e+06	2.8800000e+02	1.8305710e+17	7.2788905e-03
4.3000000e+06	2.8800000e+02	1.8096853e+17	7.1958426e-03
4.3100000e+06	2.8800000e+02	1.7890378e+17	7.1137422e-03
4.3200000e+06	2.8800000e+02	1.7686259e+17	7.0325785e-03
4.3300000e+06	2.8800000e+02	1.7484469e+17	6.9523409e-03
4.3400000e+06	2.8800000e+02	1.7284982e+17	6.8730187e-03
4.3500000e+06	2.8800000e+02	1.7087770e+17	6.7946016e-03
4.3600000e+06	2.8800000e+02	1.6892809e+17	6.7170792e-03
4.3700000e+06	2.8800000e+02	1.6700072e+17	6.6404412e-03
4.3800000e+06	2.8800000e+02	1.6509534e+17	6.5646776e-03
4.3900000e+06	2.8800000e+02	1.6321169e+17	6.4897785e-03
4.4000000e+06	2.8800000e+02	1.6134954e+17	6.4157339e-03
4.4100000e+06	2.8800000e+02	1.5950864e+17	6.3425341e-03
4.4200000e+06	2.8800000e+02	1.5768874e+17	6.2701695e-03
4.4300000e+06	2.8800000e+02	1.5588960e+17	6.1986305e-03
4.4400000e+06	2.8800000e+02	1.5411099e+17	6.1279077e-03
4.4500000e+06	2.8800000e+02	1.5235268e+17	6.0579919e-03
4.4600000e+06	2.8800000e+02	1.5061442e+17	5.9888737e-03
4.4700000e+06	2.8800000e+02	1.4889600e+17	5.9205442e-03
4.4800000e+06	2.8800000e+02	1.4719718e+17	5.8529942e-03
4.4900000e+06	2.8800000e+02	1.4551775e+17	5.7862149e-03
4.5000000e+06	2.8800000e+02	1.4385747e+17	5.7201976e-03
4.5100000e+06	2.8800000e+02	1.4221614e+17	5.6549335e-03
4.5200000e+06	2.8800000e+02	1.4059354e+17	5.5904140e-03
4.5300000e+06	2.8800000e+02	1.3898945e+17	5.5266306e-03
4.5400000e+06	2.8800000e+02	1.3740366e+17	5.4635750e-03
4.5500000e+06	2.8800000e+02	1.3583597e+17	5.4012388e-03
4.5600000e+06	2.8800000e+02	1.3428616e+17	5.3396138e-03
4.5700000e+06	2.8800000e+02	1.3275403e+17	5.2786919e-03
4.5800000e+06	2.8800000e+02	1.3123938e+17	5.2184651e-03
4.5900000e+06	2.8800000e+02	1.2974202e+17	5.1589255e-03
4.6000000e+06	2.8800000e+02	1.2826174e+17	5.1000651e-03
4.6100000e+06	2.8800000e+02	1.2679835e+17	5.0418763e-03
4.6200000e+06	2.8800000e+02	1.2535165e+17	4.9843515e-03
4.6300000e+06	2.8800000e+02	1.2392146e+17	4.9274829e-03
4.6400000e+06	2.8800000e+02	1.2250759e+17	4.8712632e-03
4.6500000e+06	2.8800000e+02	1.2110985e+17	4.8156849e-03
4.6600000e+06	2.8800000e+02	1.1972806e+17	4.7607408e-03
4.6700000e+06	2.8800000e+02	1.1836203e+17	4.7064235e-03
4.6800000e+06	2.8800000e+02	1.1701159e+17	4.6527260e-03
4.6900000e+06	2.8800000e+02	1.1567655e+17	4.5996411e-03
4.7000000e+06	2.8800000e+02	1.1435675e+17	4.5471618e-03
4.7100000e+06	2.8800000e+02	1.1305201e+17	4.4952814e-03
4.7200000e+06	2.8800000e+02	1.1176215e+17	4.4439928e-03
4.7300000e+06	2.8800000e+02	1.1048701e+17	4.3932895e-03
4.7400000e+06	2.8800000e+02	1.0922642e+17	4.3431646e-03
4.7500000e+06	2.8800000e+02	1.0798021e+17	4.2936116e-03
4.7600000e+06	2.8800000e+02	1.0674822e+17	4.2446240e-03
4.7700000e+06	2.8800000e+02	1.0553028e+17	4.1961953e-03
4.7800000e+06	2.8800000e+02	1.0432624e+17	4.1483192e-03
4.7900000e+06	2.8800000e+02	1.0313594e+17	4.1009893e-03
4.8000000e+06	2.8800000e+02	1.0195922e+17	4.0541994e-03
4.8100000e+06	2.8800000e+02	1.0079592e+17	4.0079433e-03
4.8200000e+06	2.8800000e+02	9.9645901e+16	3.9622150e-03
4.8300000e+06	2.8800000e+02	9.8508999e+16	3.9170084e-03
4.8400000e+06	2.8800000e+02	9.7385069e+16	3.8723177e-03
4.8500000e+06	2.8800000e+02	9.6273962e+16	3.8281368e-03
4.8600000e+06	2.8800000e+02	9.5175532e+16	3.7844600e-03
4.8700000e+06	2.8800000e+02	9.4089635e+16	3.7412815e-03
4.8800000e+06	2.8800000e+02	9.3016127e+16	3.6985956e-03
4.8900000e+06	2.8800000e+02	9.1954867e+16	3.6563968e-03
4.9000000e+06	2.8800000e+02	9.0905715e+16	3.6146795e-03
4.9100000e+06	2.8800000e+02	8.9868534e+16	3.5734381e-03
4.9200000e+06	2.8800000e+02	8.8843186e+16	3.5326672e-03
4.9300000e+06	2.8800000e+02	8.7829537e+16	3.4923615e-03
4.9400000e+06	2.8800000e+02	8.6827454e+16	3.4525157e-03
4.9500000e+06	2.8800000e+02	8.5836803e+16	3.4131245e-03
4.9600000e+06	2.8800000e+02	8.4857455e+16	3.3741828e-03
4.9700000e+06	2.8800000e+02	8.3889281e+16	3.3356853e-03
4.9800000e+06	2.8800000e+02	8.2932153e+16	3.2976271e-03
4.9900000e+06	2.8800000e+02	8.1985945e+16	3.2600031e-03
5.0000000e+06	2.8800000e+02	8.1050534e+16	3.2228083e-03
5.0100000e+06	2.8800000e+02	8.0125794e+16	3.1860380e-03
5.0200000e+06	2.8800000e+02	7.9211606e+16	3.1496871e-03
5.0300000e+06	2.8800000e+02	7.8307847e+16	3.1137510e-03
5.0400000e+06	2.8800000e+02	7.7414400e+16	3.0782250e-03
5.0500000e+06	2.8800000e+02	7.6531147e+16	3.0431042e-03
5.0600000e+06	2.8800000e+02	7.5657971e+16	3.0083842e-03
5.0700000e+06	2.8800000e+02	7.4794758e+16	2.9740603e-03
5.0800000e+06	2.8800000e+02	7.3941393e+16	2.9401280e-03
5.0900000e+06	2.8800000e+02	7.3097765e+16	2.9065828e-03
5.1000000e+06	2.8800000e+02	7.2263762e+16	2.8734204e-03
5.1100000e+06	2.8800000e+02	7.1439275e+16	2.8406363e-03
5.1200000e+06	2.8800000e+02	7.0624194e+16	2.8082263e-03
5.1300000e+06	2.8800000e+02	6.9818413e+16	2.7761861e-03
5.1400000e+06	2.8800000e+02	6.9021826e+16	2.7445114e-03
5.1500000e+06	2.8800000e+02	6.8234327e+16	2.7131982e-03
5.1600000e+06	2.8800000e+02	6.7455813e+16	2.6822422e-03
5.1700000e+06	2.8800000e+02	6.6686182e+16	2.6516393e-03
5.1800000e+06	2.8800000e+02	6.5925331e+16	2.6213857e-03
5.1900000e+06	2.8800000e+02	6.5173161e+16	2.5914772e-03
5.2000000e+06	2.8800000e+02	6.4429574e+16	2.5619099e-03
5.2100000e+06	2.8800000e+02	6.3694470e+16	2.5326800e-03
5.2200000e+06	2.8800000e+02	6.2967753e+16	2.5037836e-03
5.2300000e+06	2.8800000e+02	6.2249328e+16	2.4752169e-03
5.2400000e+06	2.8800000e+02	6.1539099e+16	2.4469761e-03
5.2500000e+06	2.8800000e+02	6.0836974e+16	2.4190576e-03
5.2600000e+06	2.8800000e+02	6.0142859e+16	2.3914575e-03
5.2700000e+06	2.8800000e+02	5.9456664e+16	2.3641724e-03
5.2800000e+06	2.8800000e+02	5.8778298e+16	2.3371986e-03
5.2900000e+06	2.8800000e+02	5.8107672e+16	2.3105325e-03
5.3000000e+06	2.8800000e+02	5.7444698e+16	2.2841707e-03
5.3100000e+06	2.8800000e+02	5.6789287e+16	2.2581096e-03
5.3200000e+06	2.8800000e+02	5.6141354e+16	2.2323459e-03
5.3300000e+06	2.8800000e+02	5.5500814e+16	2.2068761e-03
5.3400000e+06	2.8800000e+02	5.4867582e+16	2.1816970e-03
5.3500000e+06	2.8800000e+02	5.4241575e+16	2.1568051e-03
5.3600000e+06	2.8800000e+02	5.3622710e+16	2.1321972e-03
5.3700000e+06	2.8800000e+02	5.3010906e+16	2.1078700e-03
5.3800000e+06	2.8800000e+02	5.2406083e+16	2.0838205e-03
5.3900000e+06	2.8800000e+02	5.1808160e+16	2.0600453e-03
5.4000000e+06	2.8800000e+02	5.1217059e+16	2.0365414e-03
5.4100000e+06	2.8800000e+02	5.0632702e+16	2.0133056e-03
5.4200000e+06	2.8800000e+02	5.0055013e+16	1.9903350e-03
5.4300000e+06	2.8800000e+02	4.9483914e+16	1.9676264e-03
5.4400000e+06	2.8800000e+02	4.8919331e+16	1.9451769e-03
5.4500000e+06	2.8800000e+02	4.8361190e+16	1.9229836e-03
5.4600000e+06	2.8800000e+02	4.7809417e+16	1.9010435e-03
5.4700000e+06	2.8800000e+02	4.7263940e+16	1.8793537e-03
5.4800000e+06	2.8800000e+02	4.6724686e+16	1.8579114e-03
5.4900000e+06	2.8800000e+02	4.6191584e+16	1.8367137e-03
5.5000000e+06	2.8800000e+02	4.5664565e+16	1.8157578e-03
5.5100000e+06	2.8800000e+02	4.5143559e+16	1.7950411e-03
5.5200000e+06	2.8800000e+02	4.4628497e+16	1.7745607e-03
5.5300000e+06	2.8800000e+02	4.4119312e+16	1.7543140e-03
5.5400000e+06	2.8800000e+02	4.3615937e+16	1.7342983e-03
5.5500000e+06	2.8800000e+02	4.3118304e+16	1.7145110e-03
5.5600000e+06	2.8800000e+02	4.2626349e+16	1.6949494e-03
5.5700000e+06	2.8800000e+02	4.2140008e+16	1.6756110e-03
5.5800000e+06	2.8800000e+02	4.1659215e+16	1.6564933e-03
5.5900000e+06	2.8800000e+02	4.1183907e+16	1.6375937e-03
5.6000000e+06	2.8800000e+02	4.0714023e+16	1.6189097e-03
5.6100000e+06	2.8800000e+02	4.0249500e+16	1.6004389e-03
5.6200000e+06	2.8800000e+02	3.9790276e+16	1.5821788e-03
5.6300000e+06	2.8800000e+02	3.9336292e+16	1.5641270e-03
5.6400000e+06	2.8800000e+02	3.8887488e+16	1.5462813e-03
5.6500000e+06	2.8800000e+02	3.8443805e+16	1.5286391e-03
5.6600000e+06	2.8800000e+02	3.8005183e+16	1.5111982e-03
5.6700000e+06	2.8800000e+02	3.7571566e+16	1.4939563e-03
5.6800000e+06	2.8800000e+02	3.7142896e+16	1.4769111e-03
5.6900000e+06	2.8800000e+02	3.6719118e+16	1.4600605e-03
5.7000000e+06	2.8800000e+02	3.6300174e+16	1.4434020e-03
5.7100000e+06	2.8800000e+02	3.5886010e+16	1.4269336e-03
5.7200000e+06	2.8800000e+02	3.5476572e+16	1.4106532e-03
5.7300000e+06	2.8800000e+02	3.5071805e+16	1.3945584e-03
5.7400000e+06	2.8800000e+02	3.4671656e+16	1.3786473e-03
5.7500000e+06	2.8800000e+02	3.4276072e+16	1.3629178e-03
5.7600000e+06	2.8800000e+02	3.3885002e+16	1.3473677e-03
5.7700000e+06	2.8800000e+02	3.3498394e+16	1.3319950e-03
5.7800000e+06	2.8800000e+02	3.3116197e+16	1.3167977e-03
5.7900000e+06	2.8800000e+02	3.2738360e+16	1.3017738e-03
5.8000000e+06	2.8800000e+02	3.2364835e+16	1.2869213e-03
5.8100000e+06	2.8800000e+02	3.1995571e+16	1.2722383e-03
5.8200000e+06	2.8800000e+02	3.1630520e+16	1.2577228e-03
5.8300000e+06	2.8800000e+02	3.1269634e+16	1.2433729e-03
5.8400000e+06	2.8800000e+02	3.0912866e+16	1.2291868e-03
5.8500000e+06	2.8800000e+02	3.0560168e+16	1.2151625e-03
5.8600000e+06	2.8800000e+02	3.0211494e+16	1.2012982e-03
5.8700000e+06	2.8800000e+02	2.9866799e+16	1.1875920e-03
5.8800000e+06	2.8800000e+02	2.9526036e+16	1.1740423e-03
5.8900000e+06	2.8800000e+02	2.9189161e+16	1.1606472e-03
5.9000000e+06	2.8800000e+02	2.8856130e+16	1.1474049e-03
5.9100000e+06	2.8800000e+02	2.8526898e+16	1.1343136e-03
5.9200000e+06	2.8800000e+02	2.8201423e+16	1.1213718e-03
5.9300000e+06	2.8800000e+02	2.7879661e+16	1.1085776e-03
5.9400000e+06	2.8800000e+02	2.7561570e+16	1.0959294e-03
5.9500000e+06	2.8800000e+02	2.7247109e+16	1.0834254e-03
5.9600000e+06	2.8800000e+02	2.6936235e+16	1.0710642e-03
5.9700000e+06	2.8800000e+02	2.6628909e+16	1.0588440e-03
5.9800000e+06	2.8800000e+02	2.6325088e+16	1.0467632e-03
5.9900000e+06	2.8800000e+02	2.6024734e+16	1.0348202e-03
6.0000000e+06	2.8800000e+02	2.5727807e+16	1.0230135e-03
6.0100000e+06	2.8800000e+02	2.5434268e+16	1.0113415e-03
6.0200000e+06	2.8800000e+02	2.5144078e+16	9.9980272e-04
6.0300000e+06	2.8800000e+02	2.4857199e+16	9.8839555e-04
6.0400000e+06	2.8800000e+02	2.4573592e+16	9.7711854e-04
6.0500000e+06	2.8800000e+02	2.4293222e+16	9.6597018e-04
6.0600000e+06	2.8800000e+02	2.4016051e+16	9.5494902e-04
6.0700000e+06	2.8800000e+02	2.3742041e+16	9.4405361e-04
6.0800000e+06	2.8800000e+02	2.3471158e+16	9.3328251e-04
6.0900000e+06	2.8800000e+02	2.3203366e+16	9.2263430e-04
6.1000000e+06	2.8800000e+02	2.2938629e+16	9.1210758e-04
6.1100000e+06	2.8800000e+02	2.2676913e+16	9.0170096e-04
6.1200000e+06	2.8800000e+02	2.2418183e+16	8.9141308e-04
6.1300000e+06	2.8800000e+02	2.2162404e+16	8.8124258e-04
6.1400000e+06	2.8800000e+02	2.1909544e+16	8.7118811e-04
6.1500000e+06	2.8800000e+02	2.1659569e+16	8.6124836e-04
6.1600000e+06	2.8800000e+02	2.1412446e+16	8.5142202e-04
6.1700000e+06	2.8800000e+02	2.1168142e+16	8.4170779e-04
6.1800000e+06	2.8800000e+02	2.0926626e+16	8.3210440e-04
6.1900000e+06	2.8800000e+02	2.0687866e+16	8.2261057e-04
6.2000000e+06	2.8800000e+02	2.0451829e+16	8.1322506e-04
6.2100000e+06	2.8800000e+02	2.0218486e+16	8.0394664e-04
6.2200000e+06	2.8800000e+02	1.9987804e+16	7.9477408e-04
6.2300000e+06	2.8800000e+02	1.9759755e+16	7.8570617e-04
6.2400000e+06	2.8800000e+02	1.9534308e+16	7.7674172e-04
6.2500000e+06	2.8800000e+02	1.9311433e+16	7.6787955e-04
6.2600000e+06	2.8800000e+02	1.9091101e+16	7.5911849e-04
6.2700000e+06	2.8800000e+02	1.8873282e+16	7.5045739e-04
6.2800000e+06	2.8800000e+02	1.8657949e+16	7.4189511e-04
6.2900000e+06	2.8800000e+02	1.8445073e+16	7.3343052e-04
6.3000000e+06	2.8800000e+02	1.8234625e+16	7.2506250e-04
6.3100000e+06	2.8800000e+02	1.8026579e+16	7.1678996e-04
6.3200000e+06	2.8800000e+02	1.7820906e+16	7.0861180e-04
6.3300000e+06	2.8800000e+02	1.7617580e+16	7.0052696e-04
6.3400000e+06	2.8800000e+02	1.7416574e+16	6.9253435e-04
6.3500000e+06	2.8800000e+02	1.7217861e+16	6.8463294e-04
6.3600000e+06	2.8800000e+02	1.7021415e+16	6.7682168e-04
6.3700000e+06	2.8800000e+02	1.6827210e+16	6.6909953e-04
6.3800000e+06	2.8800000e+02	1.6635222e+16	6.6146550e-04
6.3900000e+06	2.8800000e+02	1.6445424e+16	6.5391856e-04
6.4000000e+06	2.8800000e+02	1.6257791e+16	6.4645773e-04
6.4100000e+06	2.8800000e+02	1.6072299e+16	6.3908203e-04
6.4200000e+06	2.8800000e+02	1.5888923e+16	6.3179047e-04
6.4300000e+06	2.8800000e+02	1.5707640e+16	6.2458211e-04
6.4400000e+06	2.8800000e+02	1.5528425e+16	6.1745599e-04
6.4500000e+06	2.8800000e+02	1.5351255e+16	6.1041118e-04
6.4600000e+06	2.8800000e+02	1.5176106e+16	6.0344674e-04
6.4700000e+06	2.8800000e+02	1.5002955e+16	5.9656177e-04
6.4800000e+06	2.8800000e+02	1.4831780e+16	5.8975535e-04
6.4900000e+06	2.8800000e+02	1.4662558e+16	5.8302658e-04
6.5000000e+06	2.8800000e+02	1.4495267e+16	5.7637459e-04
6.5100000e+06	2.8800000e+02	1.4329885e+16	5.6979849e-04
6.5200000e+06	2.8800000e+02	1.4166389e+16	5.6329742e-04
6.5300000e+06	2.8800000e+02	1.4004759e+16	5.5687052e-04
6.5400000e+06	2.8800000e+02	1.3844973e+16	5.5051696e-04
6.5500000e+06	2.8800000e+02	1.3687009e+16	5.4423588e-04
6.5600000e+06	2.8800000e+02	1.3530849e+16	5.3802646e-04
6.5700000e+06	2.8800000e+02	1.3376470e+16	5.3188790e-04
6.5800000e+06	2.8800000e+02	1.3223852e+16	5.2581936e-04
6.5900000e+06	2.8800000e+02	1.3072975e+16	5.1982007e-04
6.6000000e+06	2.8800000e+02	1.2923820e+16	5.1388923e-04
6.6100000e+06	2.8800000e+02	1.2776367e+16	5.0802605e-04
6.6200000e+06	2.8800000e+02	1.2630596e+16	5.0222977e-04
6.6300000e+06	2.8800000e+02	1.2486488e+16	4.9649962e-04
6.6400000e+06	2.8800000e+02	1.2344025e+16	4.9083485e-04
6.6500000e+06	2.8800000e+02	1.2203187e+16	4.8523471e-04
6.6600000e+06	2.8800000e+02	1.2063955e+16	4.7969846e-04
6.6700000e+06	2.8800000e+02	1.1926313e+16	4.7422538e-04
6.6800000e+06	2.8800000e+02	1.1790240e+16	4.6881475e-04
6.6900000e+06	2.8800000e+02	1.1655721e+16	4.6346584e-04
6.7000000e+06	2.8800000e+02	1.1522736e+16	4.5817797e-04
6.7100000e+06	2.8800000e+02	1.1391268e+16	4.5295043e-04
6.7200000e+06	2.8800000e+02	1.1261300e+16	4.4778253e-04
6.7300000e+06	2.8800000e+02	1.1132815e+16	4.4267359e-04
6.7400000e+06	2.8800000e+02	1.1005796e+16	4.3762294e-04
6.7500000e+06	2.8800000e+02	1.0880227e+16	4.3262992e-04
6.7600000e+06	2.8800000e+02	1.0756090e+16	4.2769386e-04
6.7700000e+06	2.8800000e+02	1.0633369e+16	4.2281412e-04
6.7800000e+06	2.8800000e+02	1.0512048e+16	4.1799006e-04
6.7900000e+06	2.8800000e+02	1.0392112e+16	4.1322104e-04
6.8000000e+06	2.8800000e+02	1.0273544e+16	4.0850643e-04
6.8100000e+06	2.8800000e+02	1.0156329e+16	4.0384561e-04
6.8200000e+06	2.8800000e+02	1.0040451e+16	3.9923796e-04
6.8300000e+06	2.8800000e+02	9.9258955e+15	3.9468289e-04
6.8400000e+06	2.8800000e+02	9.8126468e+15	3.9017979e-04
6.8500000e+06	2.8800000e+02	9.7006902e+15	3.8572806e-04
6.8600000e+06	2.8800000e+02	9.5900110e+15	3.8132713e-04
6.8700000e+06	2.8800000e+02	9.4805946e+15	3.7697641e-04
6.8800000e+06	2.8800000e+02	9.3724265e+15	3.7267533e-04
6.8900000e+06	2.8800000e+02	9.2654926e+15	3.6842332e-04
6.9000000e+06	2.8800000e+02	9.1597787e+15	3.6421983e-04
6.9100000e+06	2.8800000e+02	9.0552710e+15	3.6006429e-04
6.9200000e+06	2.8800000e+02	8.9519556e+15	3.5595617e-04
6.9300000e+06	2.8800000e+02	8.8498190e+15	3.5189491e-04
6.9400000e+06	2.8800000e+02	8.7488477e+15	3.4788000e-04
6.9500000e+06	2.8800000e+02	8.6490284e+15	3.4391089e-04
6.9600000e+06	2.8800000e+02	8.5503481e+15	3.3998707e-04
6.9700000e+06	2.8800000e+02	8.4527936e+15	3.3610801e-04
6.9800000e+06	2.8800000e+02	8.3563521e+15	3.3227322e-04
6.9900000e+06	2.8800000e+02	8.2610110e+15	3.2848217e-04
7.0000000e+06	2.8800000e+02	8.1667577e+15	3.2473438e-04
7.0100000e+06	2.8800000e+02	8.0735797e+15	3.2102935e-04
7.0200000e+06	2.8800000e+02	7.9814649e+15	3.1736659e-04
7.0300000e+06	2.8800000e+02	7.8904010e+15	3.1374563e-04
7.0400000e+06	2.8800000e+02	7.8003762e+15	3.1016597e-04
7.0500000e+06	2.8800000e+02	7.7113784e+15	3.0662716e-04
7.0600000e+06	2.8800000e+02	7.6233961e+15	3.0312872e-04
7.0700000e+06	2.8800000e+02	7.5364176e+15	2.9967020e-04
7.0800000e+06	2.8800000e+02	7.4504314e+15	2.9625114e-04
7.0900000e+06	2.8800000e+02	7.3654263e+15	2.9287108e-04
7.1000000e+06	2.8800000e+02	7.2813911e+15	2.8952959e-04
7.1100000e+06	2.8800000e+02	7.1983147e+15	2.8622623e-04
7.1200000e+06	2.8800000e+02	7.1161861e+15	2.8296056e-04
7.1300000e+06	2.8800000e+02	7.0349946e+15	2.7973214e-04
7.1400000e+06	2.8800000e+02	6.9547294e+15	2.7654056e-04
7.1500000e+06	2.8800000e+02	6.8753800e+15	2.7338539e-04
7.1600000e+06	2.8800000e+02	6.7969359e+15	2.7026622e-04
7.1700000e+06	2.8800000e+02	6.7193868e+15	2.6718264e-04
7.1800000e+06	2.8800000e+02	6.6427225e+15	2.6413425e-04
7.1900000e+06	2.8800000e+02	6.5669329e+15	2.6112063e-04
7.2000000e+06	2.8800000e+02	6.4920080e+15	2.5814139e-04
7.2100000e+06	2.8800000e+02	6.4179380e+15	2.5519615e-04
7.2200000e+06	2.8800000e+02	6.3447131e+15	2.5228451e-04
7.2300000e+06	2.8800000e+02	6.2723236e+15	2.4940609e-04
7.2400000e+06	2.8800000e+02	6.2007600e+15	2.4656051e-04
7.2500000e+06	2.8800000e+02	6.1300130e+15	2.4374740e-04
7.2600000e+06	2.8800000e+02	6.0600731e+15	2.4096639e-04
7.2700000e+06	2.8800000e+02	5.9909312e+15	2.3821710e-04
7.2800000e+06	2.8800000e+02	5.9225782e+15	2.3549918e-04
7.2900000e+06	2.8800000e+02	5.8550050e+15	2.3281227e-04
7.3000000e+06	2.8800000e+02	5.7882028e+15	2.3015602e-04
7.3100000e+06	2.8800000e+02	5.7221628e+15	2.2753007e-04
7.3200000e+06	2.8800000e+02	5.6568762e+15	2.2493409e-04
7.3300000e+06	2.8800000e+02	5.5923346e+15	2.2236772e-04
7.3400000e+06	2.8800000e+02	5.5285293e+15	2.1983064e-04
7.3500000e+06	2.8800000e+02	5.4654520e+15	2.1732250e-04
7.3600000e+06	2.8800000e+02	5.4030944e+15	2.1484297e-04
7.3700000e+06	2.8800000e+02	5.3414482e+15	2.1239174e-04
7.3800000e+06	2.8800000e+02	5.2805054e+15	2.0996847e-04
7.3900000e+06	2.8800000e+02	5.2202579e+15	2.0757286e-04
7.4000000e+06	2.8800000e+02	5.1606978e+15	2.0520457e-04
7.4100000e+06	2.8800000e+02	5.1018172e+15	2.0286331e-04
7.4200000e+06	2.8800000e+02	5.0436085e+15	2.0054875e-04
7.4300000e+06	2.8800000e+02	4.9860639e+15	1.9826061e-04
7.4400000e+06	2.8800000e+02	4.9291758e+15	1.9599857e-04
7.4500000e+06	2.8800000e+02	4.8729367e+15	1.9376234e-04
7.4600000e+06	2.8800000e+02	4.8173394e+15	1.9155163e-04
7.4700000e+06	2.8800000e+02	4.7623763e+15	1.8936613e-04
7.4800000e+06	2.8800000e+02	4.7080404e+15	1.8720558e-04
7.4900000e+06	2.8800000e+02	4.6543244e+15	1.8506967e-04
7.5000000e+06	2.8800000e+02	4.6012213e+15	1.8295813e-04
7.5100000e+06	2.8800000e+02	4.5487240e+15	1.8087069e-04
7.5200000e+06	2.8800000e+02	4.4968257e+15	1.7880706e-04
7.5300000e+06	2.8800000e+02	4.4455196e+15	1.7676697e-04
7.5400000e+06	2.8800000e+02	4.3947988e+15	1.7475017e-04
7.5500000e+06	2.8800000e+02	4.3446567e+15	1.7275637e-04
7.5600000e+06	2.8800000e+02	4.2950867e+15	1.7078532e-04
7.5700000e+06	2.8800000e+02	4.2460822e+15	1.6883676e-04
7.5800000e+06	2.8800000e+02	4.1976369e+15	1.6691043e-04
7.5900000e+06	2.8800000e+02	4.1497443e+15	1.6500608e-04
7.6000000e+06	2.8800000e+02	4.1023982e+15	1.6312345e-04
7.6100000e+06	2.8800000e+02	4.0555922e+15	1.6126231e-04
7.6200000e+06	2.8800000e+02	4.0093202e+15	1.5942240e-04
7.6300000e+06	2.8800000e+02	3.9635762e+15	1.5760348e-04
7.6400000e+06	2.8800000e+02	3.9183541e+15	1.5580532e-04
7.6500000e+06	2.8800000e+02	3.8736480e+15	1.5402767e-04
7.6600000e+06	2.8800000e+02	3.8294519e+15	1.5227031e-04
7.6700000e+06	2.8800000e+02	3.7857601e+15	1.5053299e-04
7.6800000e+06	2.8800000e+02	3.7425668e+15	1.4881550e-04
7.6900000e+06	2.8800000e+02	3.6998663e+15	1.4711760e-04
7.7000000e+06	2.8800000e+02	3.6576530e+15	1.4543907e-04
7.7100000e+06	2.8800000e+02	3.6159213e+15	1.4377970e-04
7.7200000e+06	2.8800000e+02	3.5746657e+15	1.4213926e-04
7.7300000e+06	2.8800000e+02	3.5338809e+15	1.4051753e-04
7.7400000e+06	2.8800000e+02	3.4935613e+15	1.3891431e-04
7.7500000e+06	2.8800000e+02	3.4537018e+15	1.3732938e-04
7.7600000e+06	2.8800000e+02	3.4142971e+15	1.3576253e-04
7.7700000e+06	2.8800000e+02	3.3753420e+15	1.3421356e-04
7.7800000e+06	2.8800000e+02	3.3368313e+15	1.3268226e-04
7.7900000e+06	2.8800000e+02	3.2987600e+15	1.3116843e-04
7.8000000e+06	2.8800000e+02	3.2611231e+15	1.2967187e-04
7.8100000e+06	2.8800000e+02	3.2239155e+15	1.2819239e-04
7.8200000e+06	2.8800000e+02	3.1871325e+15	1.2672979e-04
7.8300000e+06	2.8800000e+02	3.1507692e+15	1.2528388e-04
7.8400000e+06	2.8800000e+02	3.1148208e+15	1.2385446e-04
7.8500000e+06	2.8800000e+02	3.0792825e+15	1.2244136e-04
7.8600000e+06	2.8800000e+02	3.0441497e+15	1.2104437e-04
7.8700000e+06	2.8800000e+02	3.0094177e+15	1.1966333e-04
7.8800000e+06	2.8800000e+02	2.9750820e+15	1.1829804e-04
7.8900000e+06	2.8800000e+02	2.9411380e+15	1.1694833e-04
7.9000000e+06	2.8800000e+02	2.9075814e+15	1.1561401e-04
7.9100000e+06	2.8800000e+02	2.8744076e+15	1.1429493e-04
7.9200000e+06	2.8800000e+02	2.8416122e+15	1.1299089e-04
7.9300000e+06	2.8800000e+02	2.8091911e+15	1.1170173e-04
7.9400000e+06	2.8800000e+02	2.7771399e+15	1.1042727e-04
7.9500000e+06	2.8800000e+02	2.7454543e+15	1.0916736e-04
7.9600000e+06	2.8800000e+02	2.7141303e+15	1.0792183e-04
7.9700000e+06	2.8800000e+02	2.6831636e+15	1.0669050e-04
7.9800000e+06	2.8800000e+02	2.6525503e+15	1.0547323e-04
7.9900000e+06	2.8800000e+02	2.6222862e+15	1.0426984e-04
8.0000000e+06	2.8800000e+02	2.5923675e+15	1.0308018e-04
8.0100000e+06	2.8800000e+02	2.5627901e+15	1.0190410e-04
8.0200000e+06	2.8800000e+02	2.5335501e+15	1.0074143e-04
8.0300000e+06	2.8800000e+02	2.5046438e+15	9.9592028e-05
8.0400000e+06	2.8800000e+02	2.4760673e+15	9.8455741e-05
8.0500000e+06	2.8800000e+02	2.4478168e+15	9.7332418e-05
8.0600000e+06	2.8800000e+02	2.4198886e+15	9.6221912e-05
8.0700000e+06	2.8800000e+02	2.3922791e+15	9.5124076e-05
8.0800000e+06	2.8800000e+02	2.3649846e+15	9.4038766e-05
8.0900000e+06	2.8800000e+02	2.3380015e+15	9.2965838e-05
8.1000000e+06	2.8800000e+02	2.3113263e+15	9.1905152e-05
8.1100000e+06	2.8800000e+02	2.2849554e+15	9.0856568e-05
8.1200000e+06	2.8800000e+02	2.2588854e+15	8.9819947e-05
8.1300000e+06	2.8800000e+02	2.2331128e+15	8.8795154e-05
8.1400000e+06	2.8800000e+02	2.2076343e+15	8.7782053e-05
8.1500000e+06	2.8800000e+02	2.1824465e+15	8.6780511e-05
8.1600000e+06	2.8800000e+02	2.1575460e+15	8.5790396e-05
8.1700000e+06	2.8800000e+02	2.1329297e+15	8.4811577e-05
8.1800000e+06	2.8800000e+02	2.1085942e+15	8.3843927e-05
8.1900000e+06	2.8800000e+02	2.0845364e+15	8.2887316e-05
8.2000000e+06	2.8800000e+02	2.0607530e+15	8.1941620e-05
8.2100000e+06	2.8800000e+02	2.0372410e+15	8.1006714e-05
8.2200000e+06	2.8800000e+02	2.0139973e+15	8.0082475e-05
8.2300000e+06	2.8800000e+02	1.9910188e+15	7.9168780e-05
8.2400000e+06	2.8800000e+02	1.9683024e+15	7.8265511e-05
8.2500000e+06	2.8800000e+02	1.9458452e+15	7.7372547e-05
8.2600000e+06	2.8800000e+02	1.9236443e+15	7.6489771e-05
8.2700000e+06	2.8800000e+02	1.9016966e+15	7.5617067e-05
8.2800000e+06	2.8800000e+02	1.8799993e+15	7.4754321e-05
8.2900000e+06	2.8800000e+02	1.8585496e+15	7.3901417e-05
8.3000000e+06	2.8800000e+02	1.8373447e+15	7.3058245e-05
8.3100000e+06	2.8800000e+02	1.8163816e+15	7.2224693e-05
8.3200000e+06	2.8800000e+02	1.7956578e+15	7.1400651e-05
8.3300000e+06	2.8800000e+02	1.7751704e+15	7.0586012e-05
8.3400000e+06	2.8800000e+02	1.7549167e+15	6.9780666e-05
8.3500000e+06	2.8800000e+02	1.7348941e+15	6.8984510e-05
8.3600000e+06	2.8800000e+02	1.7151000e+15	6.8197437e-05
8.3700000e+06	2.8800000e+02	1.6955317e+15	6.7419344e-05
8.3800000e+06	2.8800000e+02	1.6761867e+15	6.6650128e-05
8.3900000e+06	2.8800000e+02	1.6570624e+15	6.5889689e-05
8.4000000e+06	2.8800000e+02	1.6381563e+15	6.5137926e-05
8.4100000e+06	2.8800000e+02	1.6194658e+15	6.4394740e-05
8.4200000e+06	2.8800000e+02	1.6009887e+15	6.3660034e-05
8.4300000e+06	2.8800000e+02	1.5827223e+15	6.2933710e-05
8.4400000e+06	2.8800000e+02	1.5646644e+15	6.2215673e-05
8.4500000e+06	2.8800000e+02	1.5468125e+15	6.1505828e-05
8.4600000e+06	2.8800000e+02	1.5291643e+15	6.0804083e-05
8.4700000e+06	2.8800000e+02	1.5117174e+15	6.0110343e-05
8.4800000e+06	2.8800000e+02	1.4944696e+15	5.9424519e-05
8.4900000e+06	2.8800000e+02	1.4774185e+15	5.8746520e-05
8.5000000e+06	2.8800000e+02	1.4605621e+15	5.8076257e-05
8.5100000e+06	2.8800000e+02	1.4438979e+15	5.7413640e-05
8.5200000e+06	2.8800000e+02	1.4274239e+15	5.6758584e-05
8.5300000e+06	2.8800000e+02	1.4111378e+15	5.6111002e-05
8.5400000e+06	2.8800000e+02	1.3950375e+15	5.5470808e-05
8.5500000e+06	2.8800000e+02	1.3791210e+15	5.4837918e-05
8.5600000e+06	2.8800000e+02	1.3633860e+15	5.4212250e-05
8.5700000e+06	2.8800000e+02	1.3478306e+15	5.3593719e-05
8.5800000e+06	2.8800000e+02	1.3324526e+15	5.2982246e-05
8.5900000e+06	2.8800000e+02	1.3172501e+15	5.2377750e-05
8.6000000e+06	2.8800000e+02	1.3022210e+15	5.1780150e-05
8.6100000e+06	2.8800000e+02	1.2873634e+15	5.1189369e-05
8.6200000e+06	2.8800000e+02	1.2726754e+15	5.0605328e-05
8.6300000e+06	2.8800000e+02	1.2581549e+15	5.0027951e-05
8.6400000e+06	2.8800000e+02	1.2438001e+15	4.9457161e-05
8.6500000e+06	2.8800000e+02	1.2296090e+15	4.8892883e-05
8.6600000e+06	2.8800000e+02	1.2155799e+15	4.8335044e-05
8.6700000e+06	2.8800000e+02	1.2017109e+15	4.7783569e-05
8.6800000e+06	2.8800000e+02	1.1880000e+15	4.7238387e-05
8.6900000e+06	2.8800000e+02	1.1744457e+15	4.6699424e-05
8.7000000e+06	2.8800000e+02	1.1610459e+15	4.6166611e-05
8.7100000e+06	2.8800000e+02	1.1477991e+15	4.5639877e-05
8.7200000e+06	2.8800000e+02	1.1347033e+15	4.5119152e-05
8.7300000e+06	2.8800000e+02	1.1217570e+15	4.4604369e-05
8.7400000e+06	2.8800000e+02	1.1089584e+15	4.4095459e-05
8.7500000e+06	2.8800000e+02	1.0963059e+15	4.3592356e-05
8.7600000e+06	2.8800000e+02	1.0837977e+15	4.3094992e-05
8.7700000e+06	2.8800000e+02	1.0714322e+15	4.2603304e-05
8.7800000e+06	2.8800000e+02	1.0592077e+15	4.2117225e-05
8.7900000e+06	2.8800000e+02	1.0471228e+15	4.1636692e-05
8.8000000e+06	2.8800000e+02	1.0351757e+15	4.1161641e-05
8.8100000e+06	2.8800000e+02	1.0233650e+15	4.0692011e-05
8.8200000e+06	2.8800000e+02	1.0116890e+15	4.0227739e-05
8.8300000e+06	2.8800000e+02	1.0001462e+15	3.9768764e-05
8.8400000e+06	2.8800000e+02	9.8873512e+14	3.9315025e-05
8.8500000e+06	2.8800000e+02	9.7745422e+14	3.8866464e-05
8.8600000e+06	2.8800000e+02	9.6630204e+14	3.8423020e-05
8.8700000e+06	2.8800000e+02	9.5527710e+14	3.7984636e-05
8.8800000e+06	2.8800000e+02	9.4437794e+14	3.7551253e-05
8.8900000e+06	2.8800000e+02	9.3360314e+14	3.7122815e-05
8.9000000e+06	2.8800000e+02	9.2295127e+14	3.6699266e-05
8.9100000e+06	2.8800000e+02	9.1242094e+14	3.6280548e-05
8.9200000e+06	2.8800000e+02	9.0201074e+14	3.5866608e-05
8.9300000e+06	2.8800000e+02	8.9171933e+14	3.5457391e-05
8.9400000e+06	2.8800000e+02	8.8154533e+14	3.5052843e-05
8.9500000e+06	2.8800000e+02	8.7148741e+14	3.4652911e-05
8.9600000e+06	2.8800000e+02	8.6154425e+14	3.4257541e-05
8.9700000e+06	2.8800000e+02	8.5171453e+14	3.3866683e-05
8.9800000e+06	2.8800000e+02	8.4199696e+14	3.3480283e-05
8.9900000e+06	2.8800000e+02	8.3239027e+14	3.3098293e-05
9.0000000e+06	2.8800000e+02	8.2289318e+14	3.2720661e-05
9.0100000e+06	2.8800000e+02	8.1350445e+14	3.2347337e-05
9.0200000e+06	2.8800000e+02	8.0422284e+14	3.1978273e-05
9.0300000e+06	2.8800000e+02	7.9504712e+14	3.1613419e-05
9.0400000e+06	2.8800000e+02	7.8597610e+14	3.1252729e-05
9.0500000e+06	2.8800000e+02	7.7700857e+14	3.0896153e-05
9.0600000e+06	2.8800000e+02	7.6814335e+14	3.0543646e-05
9.0700000e+06	2.8800000e+02	7.5937928e+14	3.0195161e-05
9.0800000e+06	2.8800000e+02	7.5071521e+14	2.9850652e-05
9.0900000e+06	2.8800000e+02	7.4214998e+14	2.9510073e-05
9.1000000e+06	2.8800000e+02	7.3368249e+14	2.9173380e-05
9.1100000e+06	2.8800000e+02	7.2531160e+14	2.8840529e-05
9.1200000e+06	2.8800000e+02	7.1703621e+14	2.8511475e-05
9.1300000e+06	2.8800000e+02	7.0885525e+14	2.8186176e-05
9.1400000e+06	2.8800000e+02	7.0076762e+14	2.7864588e-05
9.1500000e+06	2.8800000e+02	6.9277227e+14	2.7546669e-05
9.1600000e+06	2.8800000e+02	6.8486814e+14	2.7232378e-05
9.1700000e+06	2.8800000e+02	6.7705420e+14	2.6921672e-05
9.1800000e+06	2.8800000e+02	6.6932940e+14	2.6614512e-05
9.1900000e+06	2.8800000e+02	6.6169274e+14	2.6310856e-05
9.2000000e+06	2.8800000e+02	6.5414322e+14	2.6010664e-05
9.2100000e+06	2.8800000e+02	6.4667982e+14	2.5713898e-05
9.2200000e+06	2.8800000e+02	6.3930158e+14	2.5420517e-05
9.2300000e+06	2.8800000e+02	6.3200752e+14	2.5130484e-05
9.2400000e+06	2.8800000e+02	6.2479669e+14	2.4843760e-05
9.2500000e+06	2.8800000e+02	6.1766812e+14	2.4560307e-05
9.2600000e+06	2.8800000e+02	6.1062089e+14	2.4280088e-05
9.2700000e+06	2.8800000e+02	6.0365406e+14	2.4003066e-05
9.2800000e+06	2.8800000e+02	5.9676672e+14	2.3729205e-05
9.2900000e+06	2.8800000e+02	5.8995796e+14	2.3458469e-05
9.3000000e+06	2.8800000e+02	5.8322688e+14	2.3190821e-05
9.3100000e+06	2.8800000e+02	5.7657260e+14	2.2926228e-05
9.3200000e+06	2.8800000e+02	5.6999424e+14	2.2664653e-05
9.3300000e+06	2.8800000e+02	5.6349094e+14	2.2406062e-05
9.3400000e+06	2.8800000e+02	5.5706184e+14	2.2150422e-05
9.3500000e+06	2.8800000e+02	5.5070609e+14	2.1897699e-05
9.3600000e+06	2.8800000e+02	5.4442285e+14	2.1647859e-05
9.3700000e+06	2.8800000e+02	5.3821130e+14	2.1400869e-05
9.3800000e+06	2.8800000e+02	5.3207063e+14	2.1156698e-05
9.3900000e+06	2.8800000e+02	5.2600001e+14	2.0915312e-05
9.4000000e+06	2.8800000e+02	5.1999866e+14	2.0676681e-05
9.4100000e+06	2.8800000e+02	5.1406577e+14	2.0440772e-05
9.4200000e+06	2.8800000e+02	5.0820058e+14	2.0207555e-05
9.4300000e+06	2.8800000e+02	5.0240231e+14	1.9976998e-05
9.4400000e+06	2.8800000e+02	4.9667019e+14	1.9749072e-05
9.4500000e+06	2.8800000e+02	4.9100347e+14	1.9523747e-05
9.4600000e+06	2.8800000e+02	4.8540141e+14	1.9300992e-05
9.4700000e+06	2.8800000e+02	4.7986326e+14	1.9080779e-05
9.4800000e+06	2.8800000e+02	4.7438830e+14	1.8863079e-05
9.4900000e+06	2.8800000e+02	4.6897581e+14	1.8647862e-05
9.5000000e+06	2.8800000e+02	4.6362507e+14	1.8435101e-05
9.5100000e+06	2.8800000e+02	4.5833538e+14	1.8224767e-05
9.5200000e+06	2.8800000e+02	4.5310604e+14	1.8016833e-05
9.5300000e+06	2.8800000e+02	4.4793636e+14	1.7811271e-05
9.5400000e+06	2.8800000e+02	4.4282567e+14	1.7608055e-05
9.5500000e+06	2.8800000e+02	4.3777328e+14	1.7407157e-05
9.5600000e+06	2.8800000e+02	4.3277855e+14	1.7208552e-05
9.5700000e+06	2.8800000e+02	4.2784080e+14	1.7012212e-05
9.5800000e+06	2.8800000e+02	4.2295938e+14	1.6818113e-05
9.5900000e+06	2.8800000e+02	4.1813366e+14	1.6626228e-05
9.6000000e+06	2.8800000e+02	4.1336300e+14	1.6436532e-05
9.6100000e+06	2.8800000e+02	4.0864677e+14	1.6249001e-05
9.6200000e+06	2.8800000e+02	4.0398435e+14	1.6063610e-05
9.6300000e+06	2.8800000e+02	3.9937512e+14	1.5880333e-05
9.6400000e+06	2.8800000e+02	3.9481848e+14	1.5699148e-05
9.6500000e+06	2.8800000e+02	3.9031383e+14	1.5520030e-05
9.6600000e+06	2.8800000e+02	3.8586058e+14	1.5342955e-05
9.6700000e+06	2.8800000e+02	3.8145814e+14	1.5167901e-05
9.6800000e+06	2.8800000e+02	3.7710592e+14	1.4994844e-05
9.6900000e+06	2.8800000e+02	3.7280336e+14	1.4823762e-05
9.7000000e+06	2.8800000e+02	3.6854989e+14	1.4654631e-05
9.7100000e+06	2.8800000e+02	3.6434495e+14	1.4487430e-05
9.7200000e+06	2.8800000e+02	3.6018799e+14	1.4322137e-05
9.7300000e+06	2.8800000e+02	3.5607845e+14	1.4158730e-05
9.7400000e+06	2.8800000e+02	3.5201581e+14	1.3997187e-05
9.7500000e+06	2.8800000e+02	3.4799951e+14	1.3837487e-05
9.7600000e+06	2.8800000e+02	3.4402904e+14	1.3679610e-05
9.7700000e+06	2.8800000e+02	3.4010387e+14	1.3523533e-05
9.7800000e+06	2.8800000e+02	3.3622348e+14	1.3369238e-05
9.7900000e+06	2.8800000e+02	3.3238737e+14	1.3216702e-05
9.8000000e+06	2.8800000e+02	3.2859502e+14	1.3065908e-05
9.8100000e+06	2.8800000e+02	3.2484594e+14	1.2916833e-05
9.8200000e+06	2.8800000e+02	3.2113964e+14	1.2769460e-05
9.8300000e+06	2.8800000e+02	3.1747562e+14	1.2623768e-05
9.8400000e+06	2.8800000e+02	3.1385341e+14	1.2479738e-05
9.8500000e+06	2.8800000e+02	3.1027253e+14	1.2337351e-05
9.8600000e+06	2.8800000e+02	3.0673250e+14	1.2196589e-05
9.8700000e+06	2.8800000e+02	3.0323286e+14	1.2057433e-05
9.8800000e+06	2.8800000e+02	2.9977315e+14	1.1919865e-05
9.8900000e+06	2.8800000e+02	2.9635291e+14	1.1783866e-05
9.9000000e+06	2.8800000e+02	2.9297170e+14	1.1649419e-05
9.9100000e+06	2.8800000e+02	2.8962906e+14	1.1516506e-05
9.9200000e+06	2.8800000e+02	2.8632456e+14	1.1385109e-05
9.9300000e+06	2.8800000e+02	2.8305777e+14	1.1255212e-05
9.9400000e+06	2.8800000e+02	2.7982824e+14	1.1126797e-05
9.9500000e+06	2.8800000e+02	2.7663557e+14	1.0999846e-05
9.9600000e+06	2.8800000e+02	2.7347931e+14	1.0874344e-05
9.9700000e+06	2.8800000e+02	2.7035907e+14	1.0750274e-05
9.9800000e+06	2.8800000e+02	2.6727444e+14	1.0627620e-05
9.9900000e+06	2.8800000e+02	2.6422499e+14	1.0506365e-05
