# Wavelength (nm)	Total Extinction Cross-Section (micron**2)	w_0	g	Q_Scattering
1.9000000e+02		7.0575972e-01		6.7730150e-01		7.1232755e-01		1.5957114e+00
1.9100000e+02		7.0622842e-01		6.7715567e-01		7.1236110e-01		1.5964273e+00
1.9200000e+02		7.0671706e-01		6.7710579e-01		7.1230345e-01		1.5974142e+00
1.9300000e+02		7.0720319e-01		6.7707623e-01		7.1222407e-01		1.5984432e+00
1.9400000e+02		7.0770716e-01		6.7719642e-01		7.1199736e-01		1.5998662e+00
1.9500000e+02		7.0823079e-01		6.7726013e-01		7.1183612e-01		1.6012006e+00
1.9600000e+02		7.0877752e-01		6.7700475e-01		7.1201073e-01		1.6018324e+00
1.9700000e+02		7.0921784e-01		6.7658003e-01		7.1231905e-01		1.6018220e+00
1.9800000e+02		7.0957887e-01		6.7577068e-01		7.1299351e-01		1.6007203e+00
1.9900000e+02		7.0972600e-01		6.7363250e-01		7.1496600e-01		1.5959864e+00
2.0000000e+02		7.0970799e-01		6.7056263e-01		7.1787261e-01		1.5886728e+00
2.0100000e+02		7.0951026e-01		6.6684753e-01		7.2143855e-01		1.5794310e+00
2.0200000e+02		7.0924881e-01		6.6308509e-01		7.2508906e-01		1.5699409e+00
2.0300000e+02		7.0957988e-01		6.6275886e-01		7.2526072e-01		1.5699010e+00
2.0400000e+02		7.0992393e-01		6.6250574e-01		7.2535814e-01		1.5700623e+00
2.0500000e+02		7.1028540e-01		6.6248433e-01		7.2521029e-01		1.5708110e+00
2.0600000e+02		7.1063212e-01		6.6244549e-01		7.2507581e-01		1.5714856e+00
2.0700000e+02		7.1105083e-01		6.6229025e-01		7.2509573e-01		1.5720431e+00
2.0800000e+02		7.1144303e-01		6.6201339e-01		7.2523701e-01		1.5722527e+00
2.0900000e+02		7.1176390e-01		6.6164378e-01		7.2545092e-01		1.5720835e+00
2.1000000e+02		7.1216717e-01		6.6170962e-01		7.2522392e-01		1.5731308e+00
2.1100000e+02		7.1261809e-01		6.6198119e-01		7.2479320e-01		1.5747729e+00
2.1200000e+02		7.1303243e-01		6.6205941e-01		7.2455865e-01		1.5758747e+00
2.1300000e+02		7.1340452e-01		6.6192374e-01		7.2453957e-01		1.5763740e+00
2.1400000e+02		7.1376202e-01		6.6171405e-01		7.2459538e-01		1.5766643e+00
2.1500000e+02		7.1415372e-01		6.6170495e-01		7.2444856e-01		1.5775078e+00
2.1600000e+02		7.1456695e-01		6.6181360e-01		7.2418407e-01		1.5786798e+00
2.1700000e+02		7.1494364e-01		6.6162444e-01		7.2422669e-01		1.5790606e+00
2.1800000e+02		7.1530902e-01		6.6137027e-01		7.2433508e-01		1.5792606e+00
2.1900000e+02		7.1568446e-01		6.6116110e-01		7.2439884e-01		1.5795898e+00
2.2000000e+02		7.1606492e-01		6.6108938e-01		7.2431650e-01		1.5802580e+00
2.2100000e+02		7.1642691e-01		6.6101999e-01		7.2422440e-01		1.5808910e+00
2.2200000e+02		7.1679779e-01		6.6101608e-01		7.2406519e-01		1.5817000e+00
2.2300000e+02		7.1716697e-01		6.6102112e-01		7.2389564e-01		1.5825267e+00
2.2400000e+02		7.1754344e-01		6.6097946e-01		7.2377880e-01		1.5832577e+00
2.2500000e+02		7.1792747e-01		6.6091661e-01		7.2368752e-01		1.5839544e+00
2.2600000e+02		7.1832535e-01		6.6081608e-01		7.2364190e-01		1.5845912e+00
2.2700000e+02		7.1871124e-01		6.6068398e-01		7.2362584e-01		1.5851255e+00
2.2800000e+02		7.1903764e-01		6.6035780e-01		7.2379512e-01		1.5850624e+00
2.2900000e+02		7.1933634e-01		6.5984276e-01		7.2415640e-01		1.5844841e+00
2.3000000e+02		7.1895407e-01		6.5578843e-01		7.2808072e-01		1.5739116e+00
2.3100000e+02		7.1850627e-01		6.5166881e-01		7.3212239e-01		1.5630502e+00
2.3200000e+02		7.1825841e-01		6.4866127e-01		7.3506393e-01		1.5552998e+00
2.3300000e+02		7.1792661e-01		6.4529434e-01		7.3841783e-01		1.5465122e+00
2.3400000e+02		7.1709300e-01		6.3979854e-01		7.4408530e-01		1.5315605e+00
2.3500000e+02		7.1622126e-01		6.3436369e-01		7.4979654e-01		1.5167044e+00
2.3600000e+02		7.1534483e-01		6.2911178e-01		7.5541125e-01		1.5023070e+00
2.3700000e+02		7.1444175e-01		6.2392729e-01		7.6104898e-01		1.4880456e+00
2.3800000e+02		7.1356915e-01		6.1898595e-01		7.6650579e-01		1.4744576e+00
2.3900000e+02		7.1271592e-01		6.1422461e-01		7.7184070e-01		1.4613663e+00
2.4000000e+02		7.1196413e-01		6.0999833e-01		7.7661304e-01		1.4497803e+00
2.4100000e+02		7.1154675e-01		6.0706986e-01		7.7988987e-01		1.4419744e+00
2.4200000e+02		7.1185812e-01		6.0684336e-01		7.7994485e-01		1.4420671e+00
2.4300000e+02		7.1216358e-01		6.0658684e-01		7.8003717e-01		1.4420761e+00
2.4400000e+02		7.1244775e-01		6.0621232e-01		7.8027622e-01		1.4417608e+00
2.4500000e+02		7.1273918e-01		6.0589979e-01		7.8043709e-01		1.4416069e+00
2.4600000e+02		7.1310282e-01		6.0591259e-01		7.8020122e-01		1.4423729e+00
2.4700000e+02		7.1344110e-01		6.0575496e-01		7.8017972e-01		1.4426817e+00
2.4800000e+02		7.1373875e-01		6.0548737e-01		7.8028530e-01		1.4426461e+00
2.4900000e+02		7.1402955e-01		6.0522322e-01		7.8038353e-01		1.4426042e+00
2.5000000e+02		7.1431544e-01		6.0495598e-01		7.8048386e-01		1.4425446e+00
2.5100000e+02		7.1461786e-01		6.0473504e-01		7.8053082e-01		1.4426283e+00
2.5200000e+02		7.1492325e-01		6.0451802e-01		7.8057410e-01		1.4427268e+00
2.5300000e+02		7.1481722e-01		6.0282107e-01		7.8238907e-01		1.4384636e+00
2.5400000e+02		7.1468274e-01		6.0103173e-01		7.8432326e-01		1.4339240e+00
2.5500000e+02		7.1461821e-01		5.9950193e-01		7.8595170e-01		1.4301451e+00
2.5600000e+02		7.1456474e-01		5.9801973e-01		7.8752808e-01		1.4265025e+00
2.5700000e+02		7.1460622e-01		5.9687319e-01		7.8870148e-01		1.4238502e+00
2.5800000e+02		7.1467715e-01		5.9582760e-01		7.8975535e-01		1.4214970e+00
2.5900000e+02		7.1488920e-01		5.9529308e-01		7.9018464e-01		1.4206431e+00
2.6000000e+02		7.1512759e-01		5.9486062e-01		7.9048833e-01		1.4200845e+00
2.6100000e+02		7.1546772e-01		5.9476440e-01		7.9038402e-01		1.4205301e+00
2.6200000e+02		7.1578053e-01		5.9455985e-01		7.9041426e-01		1.4206624e+00
2.6300000e+02		7.1599191e-01		5.9419652e-01		7.9061206e-01		1.4202135e+00
2.6400000e+02		7.1622948e-01		5.9396925e-01		7.9063797e-01		1.4201414e+00
2.6500000e+02		7.1650813e-01		5.9370749e-01		7.9073085e-01		1.4200678e+00
2.6600000e+02		7.1680699e-01		5.9345325e-01		7.9082367e-01		1.4200518e+00
2.6700000e+02		7.1712020e-01		5.9328832e-01		7.9080246e-01		1.4202774e+00
2.6800000e+02		7.1744301e-01		5.9315827e-01		7.9073893e-01		1.4206053e+00
2.6900000e+02		7.1779857e-01		5.9316001e-01		7.9051258e-01		1.4213135e+00
2.7000000e+02		7.1815496e-01		5.9316219e-01		7.9028659e-01		1.4220244e+00
2.7100000e+02		7.1833831e-01		5.9253859e-01		7.9082733e-01		1.4208921e+00
2.7200000e+02		7.1850225e-01		5.9185189e-01		7.9144535e-01		1.4195693e+00
2.7300000e+02		7.1876162e-01		5.9150198e-01		7.9165164e-01		1.4192422e+00
2.7400000e+02		7.1906397e-01		5.9131463e-01		7.9165746e-01		1.4193895e+00
2.7500000e+02		7.1935767e-01		5.9115147e-01		7.9162615e-01		1.4195774e+00
2.7600000e+02		7.1964695e-01		5.9097403e-01		7.9161213e-01		1.4197220e+00
2.7700000e+02		7.1957777e-01		5.8958093e-01		7.9308155e-01		1.4162392e+00
2.7800000e+02		7.1940828e-01		5.8785174e-01		7.9496804e-01		1.4117529e+00
2.7900000e+02		7.1889362e-01		5.8496023e-01		7.9829829e-01		1.4038037e+00
2.8000000e+02		7.1856384e-01		5.8268912e-01		8.0088180e-01		1.3977120e+00
2.8100000e+02		7.1834309e-01		5.8076995e-01		8.0304200e-01		1.3926805e+00
2.8200000e+02		7.1856092e-01		5.8032510e-01		8.0336450e-01		1.3920357e+00
2.8300000e+02		7.1882759e-01		5.8001500e-01		8.0352327e-01		1.3918082e+00
2.8400000e+02		7.1920449e-01		5.8009212e-01		8.0319580e-01		1.3927231e+00
2.8500000e+02		7.1953329e-01		5.8002757e-01		8.0304304e-01		1.3932048e+00
2.8600000e+02		7.1980528e-01		5.7978153e-01		8.0311604e-01		1.3931402e+00
2.8700000e+02		7.2009499e-01		5.7962491e-01		8.0307335e-01		1.3933245e+00
2.8800000e+02		7.2039789e-01		5.7951436e-01		8.0297341e-01		1.3936447e+00
2.8900000e+02		7.2067003e-01		5.7931010e-01		8.0298949e-01		1.3936798e+00
2.9000000e+02		7.2092967e-01		5.7906959e-01		8.0305041e-01		1.3936031e+00
2.9100000e+02		7.2115257e-01		5.7870810e-01		8.0326240e-01		1.3931637e+00
2.9200000e+02		7.2138127e-01		5.7833678e-01		8.0349159e-01		1.3927113e+00
2.9300000e+02		7.2163413e-01		5.7804061e-01		8.0362828e-01		1.3924860e+00
2.9400000e+02		7.2187939e-01		5.7771620e-01		8.0380100e-01		1.3921775e+00
2.9500000e+02		7.2213001e-01		5.7740939e-01		8.0395211e-01		1.3919213e+00
2.9600000e+02		7.2245347e-01		5.7731373e-01		8.0384493e-01		1.3923140e+00
2.9700000e+02		7.2244121e-01		5.7609703e-01		8.0513830e-01		1.3893561e+00
2.9800000e+02		7.2192254e-01		5.7329995e-01		8.0840265e-01		1.3816179e+00
2.9900000e+02		7.2084313e-01		5.6859112e-01		8.1411770e-01		1.3682210e+00
3.0000000e+02		7.2083953e-01		5.6751352e-01		8.1523849e-01		1.3656212e+00
3.0100000e+02		7.2080422e-01		5.6631999e-01		8.1651034e-01		1.3626824e+00
3.0200000e+02		7.2035039e-01		5.6364141e-01		8.1969857e-01		1.3553833e+00
3.0300000e+02		7.1993334e-01		5.6104448e-01		8.2280149e-01		1.3483574e+00
3.0400000e+02		7.1956024e-01		5.5855085e-01		8.2578915e-01		1.3416688e+00
3.0500000e+02		7.1920485e-01		5.5603972e-01		8.2882087e-01		1.3349772e+00
3.0600000e+02		7.1885012e-01		5.5344591e-01		8.3198195e-01		1.3280945e+00
3.0700000e+02		7.1851627e-01		5.5082500e-01		8.3520205e-01		1.3211912e+00
3.0800000e+02		7.1816712e-01		5.4800593e-01		8.3871320e-01		1.3137908e+00
3.0900000e+02		7.1797621e-01		5.4573081e-01		8.4151928e-01		1.3079886e+00
3.1000000e+02		7.1793830e-01		5.4406417e-01		8.4351758e-01		1.3039252e+00
3.1100000e+02		7.1795056e-01		5.4254623e-01		8.4532892e-01		1.3003095e+00
3.1200000e+02		7.1801448e-01		5.4119166e-01		8.4693373e-01		1.2971785e+00
3.1300000e+02		7.1812752e-01		5.3999039e-01		8.4834793e-01		1.2945029e+00
3.1400000e+02		7.1829041e-01		5.3894388e-01		8.4957271e-01		1.2922872e+00
3.1500000e+02		7.1850634e-01		5.3812804e-01		8.5049026e-01		1.2907189e+00
3.1600000e+02		7.1875391e-01		5.3746859e-01		8.5119262e-01		1.2895813e+00
3.1700000e+02		7.1902249e-01		5.3684602e-01		8.5186113e-01		1.2885689e+00
3.1800000e+02		7.1931374e-01		5.3625632e-01		8.5250351e-01		1.2876749e+00
3.1900000e+02		7.1961911e-01		5.3572127e-01		8.5307405e-01		1.2869362e+00
3.2000000e+02		7.1993226e-01		5.3522827e-01		8.5358620e-01		1.2863114e+00
3.2100000e+02		7.2022831e-01		5.3480975e-01		8.5396298e-01		1.2858341e+00
3.2200000e+02		7.2051230e-01		5.3443948e-01		8.5425513e-01		1.2854505e+00
3.2300000e+02		7.2077876e-01		5.3408506e-01		8.5450363e-01		1.2850731e+00
3.2400000e+02		7.2101568e-01		5.3374665e-01		8.5469731e-01		1.2846810e+00
3.2500000e+02		7.2122738e-01		5.3344746e-01		8.5482037e-01		1.2843379e+00
3.2600000e+02		7.2137565e-01		5.3320241e-01		8.5481562e-01		1.2840118e+00
3.2700000e+02		7.2141465e-01		5.3301032e-01		8.5464263e-01		1.2836186e+00
3.2800000e+02		7.2131018e-01		5.3288126e-01		8.5426704e-01		1.2831220e+00
3.2900000e+02		7.2105329e-01		5.3263555e-01		8.5387356e-01		1.2820736e+00
3.3000000e+02		7.2065526e-01		5.3239898e-01		8.5334600e-01		1.2807967e+00
3.3100000e+02		7.2011232e-01		5.3217428e-01		8.5267275e-01		1.2792916e+00
3.3200000e+02		7.1940716e-01		5.3198118e-01		8.5181055e-01		1.2775751e+00
3.3300000e+02		7.1848204e-01		5.3172302e-01		8.5080107e-01		1.2753131e+00
3.3400000e+02		7.1734646e-01		5.3148598e-01		8.4953851e-01		1.2727298e+00
3.3500000e+02		7.1609161e-01		5.3120629e-01		8.4814836e-01		1.2698348e+00
3.3600000e+02		7.1469422e-01		5.3100585e-01		8.4647817e-01		1.2668786e+00
3.3700000e+02		7.1319366e-01		5.3081054e-01		8.4465202e-01		1.2637537e+00
3.3800000e+02		7.1148280e-01		5.3077674e-01		8.4243472e-01		1.2606419e+00
3.3900000e+02		7.0953652e-01		5.3106348e-01		8.3967483e-01		1.2578725e+00
3.4000000e+02		7.0737136e-01		5.3169717e-01		8.3642874e-01		1.2555304e+00
3.4100000e+02		7.0506663e-01		5.3272515e-01		8.3281482e-01		1.2538593e+00
3.4200000e+02		7.0271368e-01		5.3421992e-01		8.2893990e-01		1.2531813e+00
3.4300000e+02		7.0042910e-01		5.3623499e-01		8.2492790e-01		1.2538187e+00
3.4400000e+02		6.9789486e-01		5.3934712e-01		8.2000113e-01		1.2565327e+00
3.4500000e+02		6.9503502e-01		5.4407728e-01		8.1374671e-01		1.2623585e+00
3.4600000e+02		6.9265172e-01		5.4961645e-01		8.0769918e-01		1.2708376e+00
3.4700000e+02		6.9090416e-01		5.5581242e-01		8.0204444e-01		1.2819217e+00
3.4800000e+02		6.9015265e-01		5.6177490e-01		7.9758328e-01		1.2942642e+00
3.4900000e+02		6.9043449e-01		5.6691433e-01		7.9450942e-01		1.3066382e+00
3.5000000e+02		6.9118241e-01		5.7200564e-01		7.9154349e-01		1.3198009e+00
3.5100000e+02		6.9239899e-01		5.7690214e-01		7.8872652e-01		1.3334416e+00
3.5200000e+02		6.9390742e-01		5.8200845e-01		7.8556711e-01		1.3481750e+00
3.5300000e+02		6.9564306e-01		5.8746957e-01		7.8188842e-01		1.3642290e+00
3.5400000e+02		6.9792515e-01		5.9226663e-01		7.7875214e-01		1.3798807e+00
3.5500000e+02		7.0055705e-01		5.9735131e-01		7.7548509e-01		1.3969754e+00
3.5600000e+02		7.0339428e-01		6.0353719e-01		7.7163438e-01		1.4171581e+00
3.5700000e+02		7.0647393e-01		6.1120660e-01		7.6726800e-01		1.4414501e+00
3.5800000e+02		7.0973765e-01		6.2032213e-01		7.6264520e-01		1.4697063e+00
3.5900000e+02		7.1329067e-01		6.3111893e-01		7.5785196e-01		1.5027723e+00
3.6000000e+02		7.1747640e-01		6.4216628e-01		7.5434633e-01		1.5380503e+00
3.6100000e+02		7.2218104e-01		6.5434707e-01		7.5133966e-01		1.5775011e+00
3.6200000e+02		7.2753124e-01		6.6846500e-01		7.4840782e-01		1.6234756e+00
3.6300000e+02		7.3334074e-01		6.8344386e-01		7.4598216e-01		1.6731084e+00
3.6400000e+02		7.3949417e-01		6.9859337e-01		7.4404486e-01		1.7245455e+00
3.6500000e+02		7.4606783e-01		7.1346652e-01		7.4229394e-01		1.7769178e+00
3.6600000e+02		7.5316786e-01		7.2826149e-01		7.3992315e-01		1.8310262e+00
3.6700000e+02		7.6094055e-01		7.4185476e-01		7.3700939e-01		1.8844519e+00
3.6800000e+02		7.6875554e-01		7.5125397e-01		7.3458750e-01		1.9279265e+00
3.6900000e+02		7.7615967e-01		7.5931923e-01		7.3138071e-01		1.9673920e+00
3.7000000e+02		7.8226034e-01		7.6471535e-01		7.2827908e-01		1.9969470e+00
3.7100000e+02		7.8751195e-01		7.6987976e-01		7.2452192e-01		2.0239300e+00
3.7200000e+02		7.9204325e-01		7.7543852e-01		7.2008426e-01		2.0502731e+00
3.7300000e+02		7.9594323e-01		7.8107674e-01		7.1548876e-01		2.0753494e+00
3.7400000e+02		7.9935908e-01		7.8674297e-01		7.1124501e-01		2.0993760e+00
3.7500000e+02		8.0277133e-01		7.9346363e-01		7.0750146e-01		2.1263479e+00
3.7600000e+02		8.0633122e-01		8.0121404e-01		7.0473666e-01		2.1566390e+00
3.7700000e+02		8.1115319e-01		8.1011617e-01		7.0271870e-01		2.1936413e+00
3.7800000e+02		8.1800642e-01		8.1948847e-01		7.0118265e-01		2.2377677e+00
3.7900000e+02		8.2618374e-01		8.2832284e-01		7.0031552e-01		2.2845029e+00
3.8000000e+02		8.3481250e-01		8.3658096e-01		7.0035397e-01		2.3313762e+00
3.8100000e+02		8.4305686e-01		8.4518480e-01		7.0076543e-01		2.3786140e+00
3.8200000e+02		8.5012849e-01		8.5405236e-01		7.0137375e-01		2.4237315e+00
3.8300000e+02		8.5523235e-01		8.6217130e-01		7.0229551e-01		2.4614619e+00
3.8400000e+02		8.5817986e-01		8.6934753e-01		7.0323329e-01		2.4905036e+00
3.8500000e+02		8.5921135e-01		8.7512310e-01		7.0376188e-01		2.5100628e+00
3.8600000e+02		8.5913086e-01		8.7963795e-01		7.0304574e-01		2.5227761e+00
3.8700000e+02		8.5898384e-01		8.8415394e-01		6.9960609e-01		2.5352939e+00
3.8800000e+02		8.5878366e-01		8.8853069e-01		6.9267245e-01		2.5472504e+00
3.8900000e+02		8.5689805e-01		8.9001976e-01		6.8353521e-01		2.5459170e+00
3.9000000e+02		8.5238005e-01		8.9074834e-01		6.7263951e-01		2.5345668e+00
3.9100000e+02		8.4635715e-01		8.9696499e-01		6.5821400e-01		2.5342216e+00
3.9200000e+02		8.3747083e-01		8.9856910e-01		6.4539738e-01		2.5120982e+00
3.9300000e+02		8.2721249e-01		9.0056902e-01		6.3239879e-01		2.4868496e+00
3.9400000e+02		8.1606110e-01		9.0292164e-01		6.1982939e-01		2.4597341e+00
3.9500000e+02		8.0408443e-01		9.0555348e-01		6.0905145e-01		2.4306990e+00
3.9600000e+02		7.9096828e-01		9.0914011e-01		6.0059578e-01		2.4005200e+00
3.9700000e+02		7.7721806e-01		9.1382089e-01		5.9517940e-01		2.3709336e+00
3.9800000e+02		7.6523785e-01		9.1893404e-01		5.9299744e-01		2.3474493e+00
3.9900000e+02		7.5876367e-01		9.2283389e-01		5.9287766e-01		2.3374670e+00
4.0000000e+02		7.5735727e-01		9.2652912e-01		5.9348384e-01		2.3424768e+00
4.0100000e+02		7.5890242e-01		9.3008260e-01		5.9459650e-01		2.3562583e+00
4.0200000e+02		7.6225579e-01		9.3357764e-01		5.9598419e-01		2.3755633e+00
4.0300000e+02		7.6613293e-01		9.3673564e-01		5.9778711e-01		2.3957230e+00
4.0400000e+02		7.6917360e-01		9.4028992e-01		5.9972662e-01		2.4143575e+00
4.0500000e+02		7.7091961e-01		9.4376586e-01		6.0157371e-01		2.4287834e+00
4.0600000e+02		7.7123431e-01		9.4646836e-01		6.0299734e-01		2.4367326e+00
4.0700000e+02		7.6977331e-01		9.4837574e-01		6.0364939e-01		2.4370179e+00
4.0800000e+02		7.6631122e-01		9.5027105e-01		6.0300505e-01		2.4309057e+00
4.0900000e+02		7.6072971e-01		9.5277419e-01		6.0065848e-01		2.4195566e+00
4.1000000e+02		7.5418616e-01		9.5625905e-01		5.9662030e-01		2.4075180e+00
4.1100000e+02		7.4960864e-01		9.5745898e-01		5.8982924e-01		2.3959083e+00
4.1200000e+02		7.4533822e-01		9.5796356e-01		5.7995579e-01		2.3835146e+00
4.1300000e+02		7.4020349e-01		9.5816227e-01		5.6691291e-01		2.3675852e+00
4.1400000e+02		7.3296693e-01		9.5828973e-01		5.5105797e-01		2.3447506e+00
4.1500000e+02		7.2127247e-01		9.5824340e-01		5.3095903e-01		2.3072286e+00
4.1600000e+02		7.0691702e-01		9.5826264e-01		5.0977597e-01		2.2613533e+00
4.1700000e+02		6.9113737e-01		9.5788852e-01		4.8846903e-01		2.2100127e+00
4.1800000e+02		6.7865769e-01		9.5594902e-01		4.7045132e-01		2.1657132e+00
4.1900000e+02		6.6561692e-01		9.5652619e-01		4.5544865e-01		2.1253803e+00
4.2000000e+02		6.4868441e-01		9.5737124e-01		4.3940136e-01		2.0731431e+00
4.2100000e+02		6.2732514e-01		9.5844950e-01		4.2384075e-01		2.0071386e+00
4.2200000e+02		6.0637691e-01		9.5962337e-01		4.1315358e-01		1.9424905e+00
4.2300000e+02		5.8929277e-01		9.6065061e-01		4.0839735e-01		1.8897833e+00
4.2400000e+02		5.8139056e-01		9.5853022e-01		4.0680300e-01		1.8603267e+00
4.2500000e+02		5.7707380e-01		9.5824494e-01		4.0956511e-01		1.8459644e+00
4.2600000e+02		5.7570777e-01		9.6004905e-01		4.1546482e-01		1.8450619e+00
4.2700000e+02		5.7830182e-01		9.6199538e-01		4.2278902e-01		1.8571329e+00
4.2800000e+02		5.8211764e-01		9.6558918e-01		4.3128466e-01		1.8763704e+00
4.2900000e+02		5.8701411e-01		9.6994159e-01		4.4038411e-01		1.9006824e+00
4.3000000e+02		5.9494860e-01		9.7173557e-01		4.4912317e-01		1.9299363e+00
4.3100000e+02		6.0330459e-01		9.7340708e-01		4.5781012e-01		1.9604085e+00
4.3200000e+02		6.1046283e-01		9.7536081e-01		4.6611414e-01		1.9876502e+00
4.3300000e+02		6.1889471e-01		9.7643565e-01		4.7394213e-01		2.0173248e+00
4.3400000e+02		6.2459104e-01		9.7844068e-01		4.8155279e-01		2.0400729e+00
4.3500000e+02		6.2228763e-01		9.8390021e-01		4.9137597e-01		2.0438906e+00
4.3600000e+02		6.2537209e-01		9.8610254e-01		4.9744157e-01		2.0586191e+00
4.3700000e+02		6.3055360e-01		9.8691692e-01		5.0110987e-01		2.0773900e+00
4.3800000e+02		6.3588351e-01		9.8741466e-01		5.0308803e-01		2.0960062e+00
4.3900000e+02		6.4102136e-01		9.8779973e-01		5.0314945e-01		2.1137656e+00
4.4000000e+02		6.4552843e-01		9.8810896e-01		5.0103049e-01		2.1292941e+00
4.4100000e+02		6.4876833e-01		9.8833341e-01		4.9661264e-01		2.1404671e+00
4.4200000e+02		6.5012514e-01		9.8841954e-01		4.9005536e-01		2.1451305e+00
4.4300000e+02		6.4933357e-01		9.8855545e-01		4.8170675e-01		2.1428133e+00
4.4400000e+02		6.4816241e-01		9.8790430e-01		4.7157207e-01		2.1375395e+00
4.4500000e+02		6.4878306e-01		9.8555454e-01		4.5929690e-01		2.1344973e+00
4.4600000e+02		6.4261303e-01		9.8554576e-01		4.4990941e-01		2.1141790e+00
4.4700000e+02		6.3492629e-01		9.8577701e-01		4.4199366e-01		2.0893800e+00
4.4800000e+02		6.2638534e-01		9.8610414e-01		4.3594845e-01		2.0619579e+00
4.4900000e+02		6.1756180e-01		9.8644334e-01		4.3221098e-01		2.0336115e+00
4.5000000e+02		6.0917657e-01		9.8680326e-01		4.3110783e-01		2.0067312e+00
4.5100000e+02		6.0246878e-01		9.8717559e-01		4.3226708e-01		1.9853834e+00
4.5200000e+02		5.9877478e-01		9.8761035e-01		4.3340650e-01		1.9740792e+00
4.5300000e+02		6.0170192e-01		9.8747573e-01		4.3339745e-01		1.9834591e+00
4.5400000e+02		6.1074724e-01		9.8703827e-01		4.3296927e-01		2.0123844e+00
4.5500000e+02		6.1505217e-01		9.8789031e-01		4.3838862e-01		2.0283183e+00
4.5600000e+02		6.2126767e-01		9.8824816e-01		4.5021294e-01		2.0495579e+00
4.5700000e+02		6.2149607e-01		9.9144653e-01		4.6759001e-01		2.0569471e+00
4.5800000e+02		6.3168486e-01		9.9233002e-01		4.8191644e-01		2.0925316e+00
4.5900000e+02		6.4443658e-01		9.9287105e-01		4.9539303e-01		2.1359371e+00
4.6000000e+02		6.5835328e-01		9.9339732e-01		5.0814827e-01		2.1832196e+00
4.6100000e+02		6.7275602e-01		9.9385205e-01		5.1996680e-01		2.2320030e+00
4.6200000e+02		6.8570655e-01		9.9431440e-01		5.2977619e-01		2.2760272e+00
4.6300000e+02		6.9829654e-01		9.9474460e-01		5.3905004e-01		2.3188193e+00
4.6400000e+02		7.0988512e-01		9.9522932e-01		5.4816164e-01		2.3584500e+00
4.6500000e+02		7.1852715e-01		9.9591108e-01		5.5845690e-01		2.3887966e+00
4.6600000e+02		7.1741909e-01		9.9692907e-01		5.7371300e-01		2.3875508e+00
4.6700000e+02		7.1893595e-01		9.9759678e-01		5.8664736e-01		2.3942014e+00
4.6800000e+02		7.2798116e-01		9.9786502e-01		5.9391086e-01		2.4249756e+00
4.6900000e+02		7.3858639e-01		9.9808390e-01		5.9908051e-01		2.4608423e+00
4.7000000e+02		7.4942387e-01		9.9825418e-01		6.0318461e-01		2.4973769e+00
4.7100000e+02		7.6007142e-01		9.9835539e-01		6.0652366e-01		2.5331155e+00
4.7200000e+02		7.7027937e-01		9.9844129e-01		6.0916637e-01		2.5673568e+00
4.7300000e+02		7.7997004e-01		9.9851380e-01		6.1118785e-01		2.5998448e+00
4.7400000e+02		7.8898252e-01		9.9857421e-01		6.1258658e-01		2.6300449e+00
4.7500000e+02		7.9715584e-01		9.9861520e-01		6.1334763e-01		2.6573994e+00
4.7600000e+02		8.0439033e-01		9.9863815e-01		6.1342885e-01		2.6815780e+00
4.7700000e+02		8.1090021e-01		9.9862299e-01		6.1264611e-01		2.7032387e+00
4.7800000e+02		8.1933768e-01		9.9847207e-01		6.0945185e-01		2.7309533e+00
4.7900000e+02		8.3442986e-01		9.9806922e-01		6.0095978e-01		2.7801353e+00
4.8000000e+02		8.3874637e-01		9.9799839e-01		5.9704305e-01		2.7943187e+00
4.8100000e+02		8.3955142e-01		9.9802422e-01		5.9457973e-01		2.7970731e+00
4.8200000e+02		8.3893821e-01		9.9804214e-01		5.9272528e-01		2.7950803e+00
4.8300000e+02		8.3694769e-01		9.9810032e-01		5.9145987e-01		2.7886110e+00
4.8400000e+02		8.3410511e-01		9.9815388e-01		5.9086261e-01		2.7792890e+00
4.8500000e+02		8.3080241e-01		9.9821430e-01		5.9098266e-01		2.7684518e+00
4.8600000e+02		8.2749766e-01		9.9827579e-01		5.9181732e-01		2.7576094e+00
4.8700000e+02		8.2476716e-01		9.9834115e-01		5.9325343e-01		2.7486900e+00
4.8800000e+02		8.2341444e-01		9.9845127e-01		5.9496835e-01		2.7444845e+00
4.8900000e+02		8.2471332e-01		9.9855230e-01		5.9632657e-01		2.7490919e+00
4.9000000e+02		8.3077293e-01		9.9861489e-01		5.9622402e-01		2.7694645e+00
4.9100000e+02		8.4237308e-01		9.9868067e-01		5.9458454e-01		2.8083198e+00
4.9200000e+02		8.4645235e-01		9.9890110e-01		5.9864362e-01		2.8225422e+00
4.9300000e+02		8.4918941e-01		9.9909868e-01		6.0589811e-01		2.8322291e+00
4.9400000e+02		8.5796600e-01		9.9916138e-01		6.1084534e-01		2.8616805e+00
4.9500000e+02		8.6734673e-01		9.9920662e-01		6.1625711e-01		2.8931003e+00
4.9600000e+02		8.7702287e-01		9.9924880e-01		6.2210080e-01		2.9254992e+00
4.9700000e+02		8.8688400e-01		9.9929127e-01		6.2815344e-01		2.9585189e+00
4.9800000e+02		8.9674293e-01		9.9933365e-01		6.3426747e-01		2.9915337e+00
4.9900000e+02		9.0634669e-01		9.9937705e-01		6.4038344e-01		3.0237032e+00
5.0000000e+02		9.1537863e-01		9.9941679e-01		6.4653924e-01		3.0539565e+00
5.0100000e+02		9.2341895e-01		9.9945851e-01		6.5288982e-01		3.0809098e+00
5.0200000e+02		9.2982213e-01		9.9950438e-01		6.5978437e-01		3.1024159e+00
5.0300000e+02		9.3343047e-01		9.9955468e-01		6.6789281e-01		3.1146121e+00
5.0400000e+02		9.3224699e-01		9.9961240e-01		6.7835305e-01		3.1108428e+00
5.0500000e+02		9.2482248e-01		9.9967515e-01		6.9163782e-01		3.0862614e+00
5.0600000e+02		9.1655030e-01		9.9973080e-01		7.0471169e-01		3.0588263e+00
5.0700000e+02		9.1376000e-01		9.9977152e-01		7.1401841e-01		3.0496383e+00
5.0800000e+02		9.1534610e-01		9.9979634e-01		7.1973373e-01		3.0550077e+00
5.0900000e+02		9.1904618e-01		9.9981450e-01		7.2312165e-01		3.0674126e+00
5.1000000e+02		9.2361965e-01		9.9982805e-01		7.2503221e-01		3.0827188e+00
